date,open,high,low,close,adj_close,volume
,AZZTF,AZZTF,AZZTF,AZZTF,AZZTF,AZZTF
2021-01-08,0.3880000114440918,0.4000000059604645,0.3400000035762787,0.3440000116825104,0.3440000116825104,185500
2021-01-11,0.3059999942779541,0.33500000834465027,0.2750000059604645,0.29600000381469727,0.29600000381469727,191200
2021-01-12,0.2980000078678131,0.3149999976158142,0.2919999957084656,0.3019999861717224,0.3019999861717224,55700
2021-01-13,0.30799999833106995,0.3100000023841858,0.296999990940094,0.3100000023841858,0.3100000023841858,42100
2021-01-14,0.2840000092983246,0.3160000145435333,0.2800000011920929,0.3149999976158142,0.3149999976158142,12900
2021-01-15,0.3179999887943268,0.3190000057220459,0.3019999861717224,0.3019999861717224,0.3019999861717224,5900
2021-01-19,0.29899999499320984,0.31299999356269836,0.27300000190734863,0.28999999165534973,0.28999999165534973,24700
2021-01-20,0.28999999165534973,0.30799999833106995,0.28999999165534973,0.29499998688697815,0.29499998688697815,17400
2021-01-21,0.2750000059604645,0.2919999957084656,0.26499998569488525,0.2669999897480011,0.2669999897480011,30200
2021-01-22,0.2669999897480011,0.27300000190734863,0.2540000081062317,0.25600001215934753,0.25600001215934753,19600
2021-01-25,0.27799999713897705,0.27799999713897705,0.25,0.2540000081062317,0.2540000081062317,11100
2021-01-26,0.25099998712539673,0.2879999876022339,0.25099998712539673,0.27000001072883606,0.27000001072883606,138700
2021-01-27,0.28999999165534973,0.28999999165534973,0.2529999911785126,0.2529999911785126,0.2529999911785126,134200
2021-01-28,0.26600000262260437,0.2750000059604645,0.25099998712539673,0.26899999380111694,0.26899999380111694,37900
2021-01-29,0.29499998688697815,0.3100000023841858,0.28600001335144043,0.2930000126361847,0.2930000126361847,39300
2021-02-01,0.3310000002384186,0.34299999475479126,0.3100000023841858,0.3199999928474426,0.3199999928474426,84800
2021-02-02,0.3330000042915344,0.3330000042915344,0.28299999237060547,0.289000004529953,0.289000004529953,162300
2021-02-03,0.27000001072883606,0.335999995470047,0.27000001072883606,0.27300000190734863,0.27300000190734863,254900
2021-02-04,0.27300000190734863,0.2809999883174896,0.2669999897480011,0.2680000066757202,0.2680000066757202,23600
2021-02-05,0.2680000066757202,0.30000001192092896,0.2680000066757202,0.2849999964237213,0.2849999964237213,17600
2021-02-08,0.30000001192092896,0.30300000309944153,0.2669999897480011,0.2669999897480011,0.2669999897480011,56900
2021-02-09,0.27799999713897705,0.27799999713897705,0.25999999046325684,0.27000001072883606,0.27000001072883606,19400
2021-02-10,0.2750000059604645,0.2750000059604645,0.2669999897480011,0.27000001072883606,0.27000001072883606,23700
2021-02-11,0.2709999978542328,0.2809999883174896,0.2639999985694885,0.26600000262260437,0.26600000262260437,46600
2021-02-12,0.26600000262260437,0.26899999380111694,0.2590000033378601,0.2590000033378601,0.2590000033378601,28100
2021-02-16,0.2750000059604645,0.28299999237060547,0.2540000081062317,0.26499998569488525,0.26499998569488525,20200
2021-02-17,0.26499998569488525,0.2800000011920929,0.26499998569488525,0.27799999713897705,0.27799999713897705,26700
2021-02-18,0.2750000059604645,0.2750000059604645,0.2669999897480011,0.2720000147819519,0.2720000147819519,13200
2021-02-19,0.26499998569488525,0.2720000147819519,0.26100000739097595,0.26899999380111694,0.26899999380111694,32300
2021-02-22,0.2800000011920929,0.2800000011920929,0.25,0.2750000059604645,0.2750000059604645,32000
2021-02-23,0.2800000011920929,0.2800000011920929,0.25999999046325684,0.26600000262260437,0.26600000262260437,30800
2021-02-24,0.2669999897480011,0.2680000066757202,0.26600000262260437,0.2680000066757202,0.2680000066757202,5800
2021-02-25,0.2669999897480011,0.2770000100135803,0.24500000476837158,0.24500000476837158,0.24500000476837158,145300
2021-02-26,0.27000001072883606,0.2770000100135803,0.25600001215934753,0.2619999945163727,0.2619999945163727,13000
2021-03-01,0.2680000066757202,0.2770000100135803,0.2680000066757202,0.2680000066757202,0.2680000066757202,18900
2021-03-02,0.2680000066757202,0.27900001406669617,0.2619999945163727,0.27900001406669617,0.27900001406669617,5300
2021-03-03,0.2800000011920929,0.2800000011920929,0.25999999046325684,0.2680000066757202,0.2680000066757202,33300
2021-03-04,0.25200000405311584,0.25999999046325684,0.25,0.25,0.25,38800
2021-03-05,0.24500000476837158,0.24500000476837158,0.24500000476837158,0.24500000476837158,0.24500000476837158,17600
2021-03-08,0.25699999928474426,0.25999999046325684,0.24500000476837158,0.24500000476837158,0.24500000476837158,29700
2021-03-09,0.24500000476837158,0.25,0.2370000034570694,0.25,0.25,22900
2021-03-10,0.2409999966621399,0.25099998712539673,0.23999999463558197,0.25,0.25,29100
2021-03-11,0.24500000476837158,0.25099998712539673,0.24500000476837158,0.25,0.25,33200
2021-03-12,0.25600001215934753,0.25999999046325684,0.2460000067949295,0.24799999594688416,0.24799999594688416,31300
2021-03-15,0.24699999392032623,0.2529999911785126,0.22699999809265137,0.23000000417232513,0.23000000417232513,97700
2021-03-16,0.21899999678134918,0.2460000067949295,0.21899999678134918,0.23600000143051147,0.23600000143051147,53000
2021-03-17,0.2370000034570694,0.25099998712539673,0.2370000034570694,0.23999999463558197,0.23999999463558197,15800
2021-03-18,0.24699999392032623,0.24899999797344208,0.23999999463558197,0.2409999966621399,0.2409999966621399,24900
2021-03-19,0.23899999260902405,0.25,0.23899999260902405,0.24799999594688416,0.24799999594688416,16400
2021-03-22,0.24799999594688416,0.24899999797344208,0.24799999594688416,0.24899999797344208,0.24899999797344208,6200
2021-03-23,0.2549999952316284,0.257999986410141,0.23800000548362732,0.2529999911785126,0.2529999911785126,30400
2021-03-24,0.25999999046325684,0.2639999985694885,0.22300000488758087,0.2329999953508377,0.2329999953508377,46300
2021-03-25,0.23399999737739563,0.25099998712539673,0.22300000488758087,0.23999999463558197,0.23999999463558197,12600
2021-03-26,0.24500000476837158,0.24500000476837158,0.2280000001192093,0.2280000001192093,0.2280000001192093,126000
2021-03-29,0.23999999463558197,0.23999999463558197,0.23999999463558197,0.23999999463558197,0.23999999463558197,5000
2021-03-30,0.2529999911785126,0.2529999911785126,0.21899999678134918,0.22200000286102295,0.22200000286102295,23400
2021-03-31,0.2280000001192093,0.2329999953508377,0.20999999344348907,0.20999999344348907,0.20999999344348907,18100
2021-04-01,0.2240000069141388,0.2669999897480011,0.2240000069141388,0.23999999463558197,0.23999999463558197,46000
2021-04-05,0.2619999945163727,0.2619999945163727,0.24799999594688416,0.24799999594688416,0.24799999594688416,18600
2021-04-06,0.2549999952316284,0.2549999952316284,0.23800000548362732,0.23899999260902405,0.23899999260902405,4200
2021-04-07,0.2290000021457672,0.2540000081062317,0.2290000021457672,0.23000000417232513,0.23000000417232513,17500
2021-04-08,0.2370000034570694,0.23899999260902405,0.23399999737739563,0.23600000143051147,0.23600000143051147,17800
2021-04-09,0.23399999737739563,0.2370000034570694,0.23399999737739563,0.2370000034570694,0.2370000034570694,2100
2021-04-12,0.24199999868869781,0.24199999868869781,0.23000000417232513,0.23499999940395355,0.23499999940395355,24400
2021-04-13,0.23100000619888306,0.23600000143051147,0.23100000619888306,0.23600000143051147,0.23600000143051147,10300
2021-04-14,0.24799999594688416,0.24799999594688416,0.2290000021457672,0.23499999940395355,0.23499999940395355,40000
2021-04-15,0.22300000488758087,0.23600000143051147,0.22300000488758087,0.2290000021457672,0.2290000021457672,19000
2021-04-16,0.2280000001192093,0.2280000001192093,0.21400000154972076,0.21400000154972076,0.21400000154972076,11000
2021-04-19,0.21400000154972076,0.22300000488758087,0.21400000154972076,0.2199999988079071,0.2199999988079071,31900
2021-04-20,0.21299999952316284,0.2280000001192093,0.21299999952316284,0.2280000001192093,0.2280000001192093,8500
2021-04-21,0.23399999737739563,0.23399999737739563,0.21799999475479126,0.2240000069141388,0.2240000069141388,38900
2021-04-22,0.24300000071525574,0.26499998569488525,0.23999999463558197,0.25699999928474426,0.25699999928474426,56400
2021-04-23,0.25999999046325684,0.2630000114440918,0.25999999046325684,0.2630000114440918,0.2630000114440918,6700
2021-04-26,0.26600000262260437,0.27900001406669617,0.25999999046325684,0.25999999046325684,0.25999999046325684,54700
2021-04-27,0.24699999392032623,0.24699999392032623,0.24500000476837158,0.24500000476837158,0.24500000476837158,200
2021-04-28,0.25,0.25600001215934753,0.23800000548362732,0.24899999797344208,0.24899999797344208,5300
2021-04-29,0.2370000034570694,0.25999999046325684,0.2370000034570694,0.25999999046325684,0.25999999046325684,400
2021-04-30,0.2529999911785126,0.2529999911785126,0.23800000548362732,0.23800000548362732,0.23800000548362732,36800
2021-05-03,0.25,0.2590000033378601,0.25,0.25699999928474426,0.25699999928474426,16800
2021-05-04,0.26100000739097595,0.26100000739097595,0.23899999260902405,0.23899999260902405,0.23899999260902405,8700
2021-05-05,0.24400000274181366,0.24500000476837158,0.24400000274181366,0.24500000476837158,0.24500000476837158,17800
2021-05-06,0.25699999928474426,0.25999999046325684,0.23800000548362732,0.24199999868869781,0.24199999868869781,67500
2021-05-07,0.2639999985694885,0.26499998569488525,0.25,0.2619999945163727,0.2619999945163727,39000
2021-05-10,0.25999999046325684,0.25999999046325684,0.24699999392032623,0.25,0.25,28800
2021-05-11,0.24899999797344208,0.25699999928474426,0.24300000071525574,0.25,0.25,41000
2021-05-12,0.24799999594688416,0.24799999594688416,0.23100000619888306,0.23999999463558197,0.23999999463558197,12100
2021-05-13,0.23499999940395355,0.24799999594688416,0.23199999332427979,0.24300000071525574,0.24300000071525574,17100
2021-05-14,0.23499999940395355,0.23999999463558197,0.23499999940395355,0.23999999463558197,0.23999999463558197,11100
2021-05-17,0.2460000067949295,0.24899999797344208,0.23499999940395355,0.24500000476837158,0.24500000476837158,25000
2021-05-18,0.24899999797344208,0.25099998712539673,0.23600000143051147,0.25,0.25,33000
2021-05-19,0.23999999463558197,0.23999999463558197,0.22599999606609344,0.22599999606609344,0.22599999606609344,7800
2021-05-20,0.23800000548362732,0.23800000548362732,0.22699999809265137,0.23499999940395355,0.23499999940395355,16200
2021-05-21,0.23999999463558197,0.3100000023841858,0.23199999332427979,0.29600000381469727,0.29600000381469727,156600
2021-05-24,0.28999999165534973,0.28999999165534973,0.28999999165534973,0.28999999165534973,0.28999999165534973,2600
2021-05-25,0.28600001335144043,0.28700000047683716,0.26499998569488525,0.28700000047683716,0.28700000047683716,82500
2021-05-26,0.28999999165534973,0.28999999165534973,0.2800000011920929,0.28700000047683716,0.28700000047683716,116000
2021-05-27,0.28700000047683716,0.29499998688697815,0.2709999978542328,0.27399998903274536,0.27399998903274536,37100
2021-05-28,0.2930000126361847,0.2930000126361847,0.25600001215934753,0.25999999046325684,0.25999999046325684,52700
2021-06-01,0.3199999928474426,0.3199999928474426,0.26100000739097595,0.28600001335144043,0.28600001335144043,22900
2021-06-02,0.29499998688697815,0.29499998688697815,0.26100000739097595,0.28700000047683716,0.28700000047683716,146500
2021-06-03,0.3009999990463257,0.3009999990463257,0.25999999046325684,0.2750000059604645,0.2750000059604645,23000
2021-06-04,0.2750000059604645,0.2840000092983246,0.27000001072883606,0.2750000059604645,0.2750000059604645,19900
2021-06-07,0.27000001072883606,0.2840000092983246,0.25999999046325684,0.2750000059604645,0.2750000059604645,31900
2021-06-08,0.2849999964237213,0.2849999964237213,0.27000001072883606,0.27900001406669617,0.27900001406669617,30200
2021-06-09,0.25999999046325684,0.2750000059604645,0.25999999046325684,0.2709999978542328,0.2709999978542328,31500
2021-06-10,0.2759999930858612,0.3059999942779541,0.2759999930858612,0.3009999990463257,0.3009999990463257,53100
2021-06-11,0.30300000309944153,0.30300000309944153,0.28299999237060547,0.28299999237060547,0.28299999237060547,5100
2021-06-14,0.2800000011920929,0.2800000011920929,0.2800000011920929,0.2800000011920929,0.2800000011920929,1000
2021-06-15,0.29499998688697815,0.29499998688697815,0.2800000011920929,0.28299999237060547,0.28299999237060547,14900
2021-06-16,0.2750000059604645,0.2750000059604645,0.2750000059604645,0.2750000059604645,0.2750000059604645,15100
2021-06-17,0.25099998712539673,0.2750000059604645,0.25099998712539673,0.26499998569488525,0.26499998569488525,5600
2021-06-18,0.2540000081062317,0.25600001215934753,0.24899999797344208,0.24899999797344208,0.24899999797344208,4300
2021-06-21,0.25,0.26100000739097595,0.25,0.25600001215934753,0.25600001215934753,34200
2021-06-22,0.2529999911785126,0.25999999046325684,0.25099998712539673,0.25999999046325684,0.25999999046325684,29500
2021-06-23,0.2669999897480011,0.27300000190734863,0.24899999797344208,0.2549999952316284,0.2549999952316284,12100
2021-06-24,0.25999999046325684,0.25999999046325684,0.25200000405311584,0.2540000081062317,0.2540000081062317,49000
2021-06-25,0.24300000071525574,0.26499998569488525,0.24300000071525574,0.26499998569488525,0.26499998569488525,5000
2021-06-28,0.25,0.25,0.25,0.25,0.25,1300
2021-06-29,0.24699999392032623,0.2590000033378601,0.24699999392032623,0.2590000033378601,0.2590000033378601,14200
2021-06-30,0.25,0.2549999952316284,0.25,0.2549999952316284,0.2549999952316284,6200
2021-07-01,0.25,0.25,0.25,0.25,0.25,30000
2021-07-02,0.2720000147819519,0.2720000147819519,0.2669999897480011,0.2669999897480011,0.2669999897480011,4500
2021-07-06,0.29899999499320984,0.29899999499320984,0.28999999165534973,0.28999999165534973,0.28999999165534973,14700
2021-07-07,0.32199999690055847,0.32199999690055847,0.2919999957084656,0.2919999957084656,0.2919999957084656,24500
2021-07-08,0.28600001335144043,0.28600001335144043,0.2630000114440918,0.2630000114440918,0.2630000114440918,2000
2021-07-09,0.2680000066757202,0.28999999165534973,0.2680000066757202,0.28999999165534973,0.28999999165534973,28400
2021-07-12,0.2680000066757202,0.28700000047683716,0.26600000262260437,0.26600000262260437,0.26600000262260437,43300
2021-07-13,0.23100000619888306,0.26100000739097595,0.23100000619888306,0.26100000739097595,0.26100000739097595,6500
2021-07-14,0.25,0.25200000405311584,0.24500000476837158,0.24500000476837158,0.24500000476837158,16400
2021-07-15,0.2549999952316284,0.2549999952316284,0.2409999966621399,0.2409999966621399,0.2409999966621399,32600
2021-07-16,0.23499999940395355,0.24899999797344208,0.23499999940395355,0.23499999940395355,0.23499999940395355,29700
2021-07-19,0.22100000083446503,0.23000000417232513,0.22100000083446503,0.2280000001192093,0.2280000001192093,12600
2021-07-20,0.22699999809265137,0.2329999953508377,0.22100000083446503,0.22100000083446503,0.22100000083446503,15200
2021-07-21,0.22100000083446503,0.22100000083446503,0.21699999272823334,0.21699999272823334,0.21699999272823334,9400
2021-07-22,0.23000000417232513,0.23600000143051147,0.23000000417232513,0.23399999737739563,0.23399999737739563,4000
2021-07-23,0.23399999737739563,0.23399999737739563,0.23399999737739563,0.23399999737739563,0.23399999737739563,100
2021-07-26,0.23800000548362732,0.23800000548362732,0.23800000548362732,0.23800000548362732,0.23800000548362732,800
2021-07-27,0.23600000143051147,0.25,0.2290000021457672,0.23600000143051147,0.23600000143051147,15400
2021-07-28,0.23499999940395355,0.23499999940395355,0.22599999606609344,0.23199999332427979,0.23199999332427979,37400
2021-07-29,0.2409999966621399,0.2409999966621399,0.2409999966621399,0.2409999966621399,0.2409999966621399,1100
2021-07-30,0.24500000476837158,0.257999986410141,0.24400000274181366,0.24400000274181366,0.24400000274181366,2700
2021-08-02,0.2879999876022339,0.2879999876022339,0.2529999911785126,0.2529999911785126,0.2529999911785126,11800
2021-08-03,0.2529999911785126,0.2800000011920929,0.25,0.2800000011920929,0.2800000011920929,85700
2021-08-04,0.2800000011920929,0.28200000524520874,0.2529999911785126,0.2529999911785126,0.2529999911785126,91200
2021-08-05,0.25,0.25,0.2460000067949295,0.25,0.25,11500
2021-08-06,0.2240000069141388,0.23999999463558197,0.2240000069141388,0.23999999463558197,0.23999999463558197,57200
2021-08-09,0.23199999332427979,0.23399999737739563,0.22599999606609344,0.23000000417232513,0.23000000417232513,8300
2021-08-10,0.23000000417232513,0.23999999463558197,0.22100000083446503,0.23999999463558197,0.23999999463558197,53900
2021-08-11,0.2329999953508377,0.23999999463558197,0.22699999809265137,0.23199999332427979,0.23199999332427979,29100
2021-08-12,0.2199999988079071,0.2199999988079071,0.2199999988079071,0.2199999988079071,0.2199999988079071,400
2021-08-13,0.2199999988079071,0.2280000001192093,0.2199999988079071,0.2199999988079071,0.2199999988079071,6000
2021-08-16,0.24300000071525574,0.24300000071525574,0.21799999475479126,0.21799999475479126,0.21799999475479126,20100
2021-08-17,0.2199999988079071,0.2199999988079071,0.2150000035762787,0.2160000056028366,0.2160000056028366,27500
2021-08-18,0.21400000154972076,0.23399999737739563,0.21299999952316284,0.23399999737739563,0.23399999737739563,55500
2021-08-19,0.2150000035762787,0.2199999988079071,0.2150000035762787,0.21699999272823334,0.21699999272823334,5000
2021-08-20,0.21699999272823334,0.21699999272823334,0.21699999272823334,0.21699999272823334,0.21699999272823334,0
2021-08-23,0.22599999606609344,0.22599999606609344,0.22599999606609344,0.22599999606609344,0.22599999606609344,200
2021-08-24,0.2329999953508377,0.2329999953508377,0.22599999606609344,0.2329999953508377,0.2329999953508377,5500
2021-08-25,0.22300000488758087,0.22499999403953552,0.22300000488758087,0.22499999403953552,0.22499999403953552,1300
2021-08-26,0.21799999475479126,0.22699999809265137,0.21799999475479126,0.22699999809265137,0.22699999809265137,300
2021-08-27,0.25,0.25,0.23499999940395355,0.25,0.25,41000
2021-08-30,0.24699999392032623,0.24699999392032623,0.24699999392032623,0.24699999392032623,0.24699999392032623,1500
2021-08-31,0.24799999594688416,0.2529999911785126,0.24799999594688416,0.2529999911785126,0.2529999911785126,3700
2021-09-01,0.2409999966621399,0.2409999966621399,0.2290000021457672,0.2290000021457672,0.2290000021457672,3000
2021-09-02,0.2290000021457672,0.2290000021457672,0.2290000021457672,0.2290000021457672,0.2290000021457672,0
2021-09-03,0.23800000548362732,0.25600001215934753,0.23800000548362732,0.25600001215934753,0.25600001215934753,9200
2021-09-07,0.2329999953508377,0.25,0.2329999953508377,0.25,0.25,7900
2021-09-08,0.25,0.25,0.25,0.25,0.25,0
2021-09-09,0.23600000143051147,0.23600000143051147,0.22200000286102295,0.22200000286102295,0.22200000286102295,24800
2021-09-10,0.22200000286102295,0.22200000286102295,0.2160000056028366,0.2160000056028366,0.2160000056028366,12500
2021-09-13,0.21299999952316284,0.21899999678134918,0.20999999344348907,0.20999999344348907,0.20999999344348907,35500
2021-09-14,0.22499999403953552,0.22499999403953552,0.22499999403953552,0.22499999403953552,0.22499999403953552,23000
2021-09-15,0.23000000417232513,0.23499999940395355,0.22200000286102295,0.22200000286102295,0.22200000286102295,45800
2021-09-16,0.2290000021457672,0.2290000021457672,0.21299999952316284,0.21699999272823334,0.21699999272823334,20000
2021-09-17,0.2199999988079071,0.2199999988079071,0.2150000035762787,0.2199999988079071,0.2199999988079071,27300
2021-09-20,0.22100000083446503,0.22200000286102295,0.2199999988079071,0.22200000286102295,0.22200000286102295,24100
2021-09-21,0.23000000417232513,0.23000000417232513,0.22499999403953552,0.22499999403953552,0.22499999403953552,13700
2021-09-22,0.22599999606609344,0.22599999606609344,0.22599999606609344,0.22599999606609344,0.22599999606609344,32600
2021-09-23,0.22599999606609344,0.22599999606609344,0.22599999606609344,0.22599999606609344,0.22599999606609344,0
2021-09-24,0.2199999988079071,0.2199999988079071,0.21299999952316284,0.2150000035762787,0.2150000035762787,50900
2021-09-27,0.20999999344348907,0.22100000083446503,0.20999999344348907,0.22100000083446503,0.22100000083446503,2300
2021-09-28,0.22499999403953552,0.22499999403953552,0.21400000154972076,0.21400000154972076,0.21400000154972076,11900
2021-09-29,0.22499999403953552,0.25,0.22499999403953552,0.23600000143051147,0.23600000143051147,5100
2021-09-30,0.20900000631809235,0.24199999868869781,0.20900000631809235,0.24199999868869781,0.24199999868869781,3000
2021-10-01,0.24199999868869781,0.24199999868869781,0.24199999868869781,0.24199999868869781,0.24199999868869781,0
2021-10-04,0.23899999260902405,0.23899999260902405,0.23899999260902405,0.23899999260902405,0.23899999260902405,200
2021-10-05,0.23899999260902405,0.23899999260902405,0.23899999260902405,0.23899999260902405,0.23899999260902405,0
2021-10-06,0.23899999260902405,0.25,0.23899999260902405,0.2409999966621399,0.2409999966621399,3900
2021-10-07,0.23000000417232513,0.23000000417232513,0.22499999403953552,0.22499999403953552,0.22499999403953552,22500
2021-10-08,0.22499999403953552,0.22499999403953552,0.22499999403953552,0.22499999403953552,0.22499999403953552,1000
2021-10-11,0.22499999403953552,0.22499999403953552,0.22499999403953552,0.22499999403953552,0.22499999403953552,0
2021-10-12,0.22499999403953552,0.22499999403953552,0.22499999403953552,0.22499999403953552,0.22499999403953552,4600
2021-10-13,0.21699999272823334,0.23000000417232513,0.21699999272823334,0.23000000417232513,0.23000000417232513,48000
2021-10-14,0.23100000619888306,0.24500000476837158,0.23100000619888306,0.2329999953508377,0.2329999953508377,69600
2021-10-15,0.23499999940395355,0.24300000071525574,0.23499999940395355,0.23899999260902405,0.23899999260902405,10800
2021-10-18,0.23999999463558197,0.23999999463558197,0.2329999953508377,0.2329999953508377,0.2329999953508377,7500
2021-10-19,0.23000000417232513,0.23999999463558197,0.23000000417232513,0.23000000417232513,0.23000000417232513,7000
2021-10-20,0.22300000488758087,0.23999999463558197,0.22300000488758087,0.23999999463558197,0.23999999463558197,10500
2021-10-21,0.23000000417232513,0.23100000619888306,0.23000000417232513,0.23100000619888306,0.23100000619888306,5500
2021-10-22,0.22599999606609344,0.2280000001192093,0.22499999403953552,0.22499999403953552,0.22499999403953552,11000
2021-10-25,0.23199999332427979,0.23199999332427979,0.22300000488758087,0.22499999403953552,0.22499999403953552,9400
2021-10-26,0.2199999988079071,0.24400000274181366,0.2199999988079071,0.23999999463558197,0.23999999463558197,25300
2021-10-27,0.23999999463558197,0.23999999463558197,0.23399999737739563,0.23399999737739563,0.23399999737739563,1300
2021-10-28,0.24400000274181366,0.24400000274181366,0.22300000488758087,0.22499999403953552,0.22499999403953552,15500
2021-10-29,0.22699999809265137,0.22699999809265137,0.2199999988079071,0.2199999988079071,0.2199999988079071,21200
2021-11-01,0.22499999403953552,0.23499999940395355,0.21199999749660492,0.21199999749660492,0.21199999749660492,16200
2021-11-02,0.2199999988079071,0.2199999988079071,0.2199999988079071,0.2199999988079071,0.2199999988079071,500
2021-11-03,0.2199999988079071,0.2199999988079071,0.2199999988079071,0.2199999988079071,0.2199999988079071,0
2021-11-04,0.21899999678134918,0.21899999678134918,0.21899999678134918,0.21899999678134918,0.21899999678134918,2000
2021-11-05,0.21899999678134918,0.2290000021457672,0.2150000035762787,0.2199999988079071,0.2199999988079071,8600
2021-11-08,0.24199999868869781,0.24199999868869781,0.2070000022649765,0.2070000022649765,0.2070000022649765,19200
2021-11-09,0.20200000703334808,0.22200000286102295,0.20200000703334808,0.2150000035762787,0.2150000035762787,43700
2021-11-10,0.21699999272823334,0.2329999953508377,0.21699999272823334,0.22200000286102295,0.22200000286102295,2900
2021-11-11,0.210999995470047,0.2280000001192093,0.210999995470047,0.2280000001192093,0.2280000001192093,11400
2021-11-12,0.23199999332427979,0.23199999332427979,0.23199999332427979,0.23199999332427979,0.23199999332427979,500
2021-11-15,0.23600000143051147,0.2370000034570694,0.22699999809265137,0.2280000001192093,0.2280000001192093,26000
2021-11-16,0.2160000056028366,0.23600000143051147,0.2160000056028366,0.23600000143051147,0.23600000143051147,2400
2021-11-17,0.23600000143051147,0.23600000143051147,0.22300000488758087,0.22300000488758087,0.22300000488758087,8400
2021-11-18,0.2199999988079071,0.23999999463558197,0.2199999988079071,0.23600000143051147,0.23600000143051147,113900
2021-11-19,0.23100000619888306,0.23100000619888306,0.2160000056028366,0.2160000056028366,0.2160000056028366,29100
2021-11-22,0.2290000021457672,0.2290000021457672,0.20999999344348907,0.20999999344348907,0.20999999344348907,22700
2021-11-23,0.2199999988079071,0.2199999988079071,0.2150000035762787,0.2150000035762787,0.2150000035762787,8500
2021-11-24,0.2160000056028366,0.22599999606609344,0.2160000056028366,0.22100000083446503,0.22100000083446503,28600
2021-11-26,0.23600000143051147,0.23600000143051147,0.22100000083446503,0.22100000083446503,0.22100000083446503,5100
2021-11-29,0.2199999988079071,0.2199999988079071,0.20999999344348907,0.2160000056028366,0.2160000056028366,8000
2021-11-30,0.21299999952316284,0.21299999952316284,0.210999995470047,0.210999995470047,0.210999995470047,2500
2021-12-01,0.20999999344348907,0.21699999272823334,0.1940000057220459,0.1940000057220459,0.1940000057220459,59800
2021-12-02,0.19499999284744263,0.20399999618530273,0.19499999284744263,0.19699999690055847,0.19699999690055847,9600
2021-12-03,0.1979999989271164,0.1979999989271164,0.18400000035762787,0.1940000057220459,0.1940000057220459,53100
2021-12-06,0.17299999296665192,0.19499999284744263,0.17299999296665192,0.19300000369548798,0.19300000369548798,33200
2021-12-07,0.20200000703334808,0.22699999809265137,0.19699999690055847,0.210999995470047,0.210999995470047,20800
2021-12-08,0.2199999988079071,0.2199999988079071,0.21199999749660492,0.21199999749660492,0.21199999749660492,14500
2021-12-09,0.20399999618530273,0.20399999618530273,0.20399999618530273,0.20399999618530273,0.20399999618530273,200
2021-12-10,0.2199999988079071,0.22499999403953552,0.2070000022649765,0.2070000022649765,0.2070000022649765,31300
2021-12-13,0.21400000154972076,0.21400000154972076,0.20000000298023224,0.20999999344348907,0.20999999344348907,6000
2021-12-14,0.20000000298023224,0.20000000298023224,0.19699999690055847,0.20000000298023224,0.20000000298023224,11700
2021-12-15,0.19499999284744263,0.20000000298023224,0.19499999284744263,0.20000000298023224,0.20000000298023224,700
2021-12-16,0.20000000298023224,0.20000000298023224,0.20000000298023224,0.20000000298023224,0.20000000298023224,0
2021-12-17,0.20499999821186066,0.20999999344348907,0.19499999284744263,0.20499999821186066,0.20499999821186066,3400
2021-12-20,0.210999995470047,0.210999995470047,0.20000000298023224,0.20000000298023224,0.20000000298023224,28000
2021-12-21,0.19900000095367432,0.19900000095367432,0.19900000095367432,0.19900000095367432,0.19900000095367432,900
2021-12-22,0.19900000095367432,0.19900000095367432,0.19900000095367432,0.19900000095367432,0.19900000095367432,0
2021-12-23,0.22300000488758087,0.22300000488758087,0.19900000095367432,0.19900000095367432,0.19900000095367432,16700
2021-12-27,0.21199999749660492,0.21199999749660492,0.1809999942779541,0.1889999955892563,0.1889999955892563,22000
2021-12-28,0.20000000298023224,0.20000000298023224,0.1809999942779541,0.1809999942779541,0.1809999942779541,13100
2021-12-29,0.1899999976158142,0.1899999976158142,0.18700000643730164,0.18700000643730164,0.18700000643730164,80500
2021-12-30,0.1850000023841858,0.1899999976158142,0.18299999833106995,0.1899999976158142,0.1899999976158142,25600
2021-12-31,0.1979999989271164,0.2029999941587448,0.1979999989271164,0.2029999941587448,0.2029999941587448,5300
2022-01-03,0.1899999976158142,0.1899999976158142,0.1899999976158142,0.1899999976158142,0.1899999976158142,500
2022-01-04,0.20399999618530273,0.20399999618530273,0.18400000035762787,0.19499999284744263,0.19499999284744263,172600
2022-01-05,0.1940000057220459,0.19699999690055847,0.18799999356269836,0.19699999690055847,0.19699999690055847,93600
2022-01-06,0.1940000057220459,0.19499999284744263,0.18000000715255737,0.1899999976158142,0.1899999976158142,96200
2022-01-07,0.17299999296665192,0.19200000166893005,0.1720000058412552,0.1770000010728836,0.1770000010728836,102100
2022-01-10,0.1770000010728836,0.18700000643730164,0.17599999904632568,0.1860000044107437,0.1860000044107437,76000
2022-01-11,0.19200000166893005,0.20499999821186066,0.1899999976158142,0.20499999821186066,0.20499999821186066,26600
2022-01-12,0.19599999487400055,0.22100000083446503,0.19499999284744263,0.19900000095367432,0.19900000095367432,79400
2022-01-13,0.20600000023841858,0.20600000023841858,0.20000000298023224,0.20000000298023224,0.20000000298023224,17400
2022-01-14,0.18700000643730164,0.20399999618530273,0.18700000643730164,0.20399999618530273,0.20399999618530273,13900
2022-01-18,0.1979999989271164,0.1979999989271164,0.1979999989271164,0.1979999989271164,0.1979999989271164,5100
2022-01-19,0.20800000429153442,0.20999999344348907,0.20800000429153442,0.20999999344348907,0.20999999344348907,25500
2022-01-20,0.2199999988079071,0.2199999988079071,0.19900000095367432,0.20800000429153442,0.20800000429153442,34600
2022-01-21,0.20000000298023224,0.20000000298023224,0.20000000298023224,0.20000000298023224,0.20000000298023224,25100
2022-01-24,0.19300000369548798,0.20100000500679016,0.1889999955892563,0.1889999955892563,0.1889999955892563,73700
2022-01-25,0.18799999356269836,0.18799999356269836,0.18299999833106995,0.1850000023841858,0.1850000023841858,4800
2022-01-26,0.1850000023841858,0.1850000023841858,0.1850000023841858,0.1850000023841858,0.1850000023841858,0
2022-01-27,0.1850000023841858,0.1850000023841858,0.16899999976158142,0.16899999976158142,0.16899999976158142,27500
2022-01-28,0.18000000715255737,0.18000000715255737,0.18000000715255737,0.18000000715255737,0.18000000715255737,5000
2022-01-31,0.1899999976158142,0.1899999976158142,0.1770000010728836,0.1860000044107437,0.1860000044107437,8000
2022-02-01,0.1899999976158142,0.1940000057220459,0.18799999356269836,0.1940000057220459,0.1940000057220459,31000
2022-02-02,0.16300000250339508,0.19499999284744263,0.16300000250339508,0.19499999284744263,0.19499999284744263,3500
2022-02-03,0.19499999284744263,0.19499999284744263,0.19499999284744263,0.19499999284744263,0.19499999284744263,400
2022-02-04,0.18000000715255737,0.18000000715255737,0.18000000715255737,0.18000000715255737,0.18000000715255737,13200
2022-02-07,0.19300000369548798,0.19300000369548798,0.19300000369548798,0.19300000369548798,0.19300000369548798,400
2022-02-08,0.18299999833106995,0.18299999833106995,0.18000000715255737,0.18000000715255737,0.18000000715255737,5000
2022-02-09,0.1809999942779541,0.1809999942779541,0.1809999942779541,0.1809999942779541,0.1809999942779541,1000
2022-02-10,0.1809999942779541,0.1809999942779541,0.1809999942779541,0.1809999942779541,0.1809999942779541,0
2022-02-11,0.1889999955892563,0.19499999284744263,0.18000000715255737,0.18000000715255737,0.18000000715255737,1400
2022-02-14,0.1899999976158142,0.19499999284744263,0.18000000715255737,0.19499999284744263,0.19499999284744263,6900
2022-02-15,0.19499999284744263,0.19499999284744263,0.19499999284744263,0.19499999284744263,0.19499999284744263,0
2022-02-16,0.1979999989271164,0.2150000035762787,0.19499999284744263,0.2150000035762787,0.2150000035762787,6700
2022-02-17,0.22499999403953552,0.2370000034570694,0.22499999403953552,0.23000000417232513,0.23000000417232513,3900
2022-02-18,0.22499999403953552,0.22699999809265137,0.22499999403953552,0.22499999403953552,0.22499999403953552,16600
2022-02-22,0.2329999953508377,0.2329999953508377,0.21899999678134918,0.21899999678134918,0.21899999678134918,700
2022-02-23,0.25,0.257999986410141,0.2409999966621399,0.2409999966621399,0.2409999966621399,34700
2022-02-24,0.25,0.2529999911785126,0.21299999952316284,0.21299999952316284,0.21299999952316284,7400
2022-02-25,0.2280000001192093,0.2280000001192093,0.2160000056028366,0.2160000056028366,0.2160000056028366,3600
2022-02-28,0.20900000631809235,0.2370000034570694,0.20900000631809235,0.2370000034570694,0.2370000034570694,10900
2022-03-01,0.23499999940395355,0.23499999940395355,0.21699999272823334,0.23499999940395355,0.23499999940395355,36200
2022-03-02,0.2639999985694885,0.26899999380111694,0.24500000476837158,0.25699999928474426,0.25699999928474426,53500
2022-03-03,0.2680000066757202,0.27000001072883606,0.2549999952316284,0.257999986410141,0.257999986410141,21600
2022-03-04,0.25099998712539673,0.25099998712539673,0.24699999392032623,0.24699999392032623,0.24699999392032623,7000
2022-03-07,0.2370000034570694,0.23999999463558197,0.23000000417232513,0.2329999953508377,0.2329999953508377,32200
2022-03-08,0.27399998903274536,0.27399998903274536,0.23899999260902405,0.2549999952316284,0.2549999952316284,36500
2022-03-09,0.2409999966621399,0.2409999966621399,0.23000000417232513,0.23899999260902405,0.23899999260902405,1600
2022-03-10,0.23999999463558197,0.2409999966621399,0.22300000488758087,0.2409999966621399,0.2409999966621399,55500
2022-03-11,0.210999995470047,0.24699999392032623,0.210999995470047,0.2329999953508377,0.2329999953508377,1500
2022-03-14,0.23000000417232513,0.23000000417232513,0.22699999809265137,0.22699999809265137,0.22699999809265137,10500
2022-03-15,0.22699999809265137,0.22699999809265137,0.21799999475479126,0.22200000286102295,0.22200000286102295,11500
2022-03-16,0.22499999403953552,0.23600000143051147,0.22200000286102295,0.22699999809265137,0.22699999809265137,32600
2022-03-17,0.23399999737739563,0.23399999737739563,0.23399999737739563,0.23399999737739563,0.23399999737739563,52000
2022-03-18,0.23999999463558197,0.2409999966621399,0.23499999940395355,0.23499999940395355,0.23499999940395355,18500
2022-03-21,0.25999999046325684,0.2639999985694885,0.25699999928474426,0.25699999928474426,0.25699999928474426,17000
2022-03-22,0.25999999046325684,0.26100000739097595,0.23399999737739563,0.26100000739097595,0.26100000739097595,45700
2022-03-23,0.2549999952316284,0.2549999952316284,0.23999999463558197,0.23999999463558197,0.23999999463558197,25900
2022-03-24,0.25999999046325684,0.25999999046325684,0.23000000417232513,0.2409999966621399,0.2409999966621399,23300
2022-03-25,0.24199999868869781,0.24199999868869781,0.23800000548362732,0.23800000548362732,0.23800000548362732,5000
2022-03-28,0.2329999953508377,0.23999999463558197,0.2329999953508377,0.23800000548362732,0.23800000548362732,28600
2022-03-29,0.23199999332427979,0.2409999966621399,0.23199999332427979,0.23199999332427979,0.23199999332427979,14800
2022-03-30,0.23800000548362732,0.23800000548362732,0.23399999737739563,0.23399999737739563,0.23399999737739563,26000
2022-03-31,0.2460000067949295,0.24799999594688416,0.23800000548362732,0.23800000548362732,0.23800000548362732,15900
2022-04-01,0.23800000548362732,0.23800000548362732,0.22699999809265137,0.2370000034570694,0.2370000034570694,63600
2022-04-04,0.2370000034570694,0.25,0.23100000619888306,0.24699999392032623,0.24699999392032623,24700
2022-04-05,0.24199999868869781,0.25200000405311584,0.2370000034570694,0.2460000067949295,0.2460000067949295,65100
2022-04-06,0.23800000548362732,0.23800000548362732,0.22499999403953552,0.22499999403953552,0.22499999403953552,5500
2022-04-07,0.22499999403953552,0.22499999403953552,0.22499999403953552,0.22499999403953552,0.22499999403953552,0
2022-04-08,0.22499999403953552,0.2290000021457672,0.21799999475479126,0.2280000001192093,0.2280000001192093,41700
2022-04-11,0.23499999940395355,0.23499999940395355,0.22100000083446503,0.2280000001192093,0.2280000001192093,72600
2022-04-12,0.23600000143051147,0.2529999911785126,0.23600000143051147,0.24500000476837158,0.24500000476837158,18500
2022-04-13,0.2460000067949295,0.29600000381469727,0.23999999463558197,0.28299999237060547,0.28299999237060547,122200
2022-04-14,0.27900001406669617,0.27900001406669617,0.2619999945163727,0.2619999945163727,0.2619999945163727,6300
2022-04-18,0.25999999046325684,0.2680000066757202,0.25999999046325684,0.2680000066757202,0.2680000066757202,45300
2022-04-19,0.24799999594688416,0.25,0.24799999594688416,0.25,0.25,4500
2022-04-20,0.25200000405311584,0.25600001215934753,0.24899999797344208,0.25600001215934753,0.25600001215934753,22300
2022-04-21,0.2549999952316284,0.2549999952316284,0.2329999953508377,0.2409999966621399,0.2409999966621399,33500
2022-04-22,0.23000000417232513,0.23000000417232513,0.22100000083446503,0.22499999403953552,0.22499999403953552,19400
2022-04-25,0.2199999988079071,0.22200000286102295,0.20100000500679016,0.20999999344348907,0.20999999344348907,82900
2022-04-26,0.20900000631809235,0.20999999344348907,0.20000000298023224,0.20000000298023224,0.20000000298023224,145800
2022-04-27,0.19499999284744263,0.20000000298023224,0.19499999284744263,0.19699999690055847,0.19699999690055847,36200
2022-04-28,0.1899999976158142,0.22300000488758087,0.1899999976158142,0.21699999272823334,0.21699999272823334,20300
2022-04-29,0.21400000154972076,0.22300000488758087,0.20200000703334808,0.22300000488758087,0.22300000488758087,12700
2022-05-02,0.2029999941587448,0.2029999941587448,0.1889999955892563,0.19099999964237213,0.19099999964237213,72100
2022-05-03,0.19099999964237213,0.20000000298023224,0.19099999964237213,0.1940000057220459,0.1940000057220459,6600
2022-05-04,0.210999995470047,0.210999995470047,0.210999995470047,0.210999995470047,0.210999995470047,22000
2022-05-05,0.22300000488758087,0.22300000488758087,0.1899999976158142,0.1899999976158142,0.1899999976158142,10000
2022-05-06,0.1899999976158142,0.20800000429153442,0.1899999976158142,0.20800000429153442,0.20800000429153442,11200
2022-05-09,0.1979999989271164,0.20100000500679016,0.1979999989271164,0.20100000500679016,0.20100000500679016,20000
2022-05-10,0.20600000023841858,0.20600000023841858,0.1940000057220459,0.19900000095367432,0.19900000095367432,18900
2022-05-11,0.19900000095367432,0.2150000035762787,0.19900000095367432,0.2150000035762787,0.2150000035762787,6000
2022-05-12,0.1899999976158142,0.1899999976158142,0.1899999976158142,0.1899999976158142,0.1899999976158142,1000
2022-05-13,0.20999999344348907,0.20999999344348907,0.20999999344348907,0.20999999344348907,0.20999999344348907,700
2022-05-16,0.25,0.25,0.22499999403953552,0.24500000476837158,0.24500000476837158,265300
2022-05-17,0.2460000067949295,0.2460000067949295,0.23600000143051147,0.23899999260902405,0.23899999260902405,28400
2022-05-18,0.257999986410141,0.257999986410141,0.2280000001192093,0.24199999868869781,0.24199999868869781,173900
2022-05-19,0.23499999940395355,0.23999999463558197,0.23199999332427979,0.2370000034570694,0.2370000034570694,91400
2022-05-20,0.24400000274181366,0.24400000274181366,0.23000000417232513,0.23000000417232513,0.23000000417232513,27000
2022-05-23,0.23899999260902405,0.2590000033378601,0.22499999403953552,0.22499999403953552,0.22499999403953552,14000
2022-05-24,0.2329999953508377,0.2329999953508377,0.2199999988079071,0.2199999988079071,0.2199999988079071,41800
2022-05-25,0.21299999952316284,0.22499999403953552,0.21299999952316284,0.2199999988079071,0.2199999988079071,4000
2022-05-26,0.21699999272823334,0.21699999272823334,0.21699999272823334,0.21699999272823334,0.21699999272823334,2000
2022-05-27,0.2199999988079071,0.2199999988079071,0.2199999988079071,0.2199999988079071,0.2199999988079071,2000
2022-05-31,0.2199999988079071,0.2199999988079071,0.2199999988079071,0.2199999988079071,0.2199999988079071,0
2022-06-01,0.22200000286102295,0.23000000417232513,0.21400000154972076,0.23000000417232513,0.23000000417232513,26600
2022-06-02,0.22499999403953552,0.24500000476837158,0.22499999403953552,0.24400000274181366,0.24400000274181366,33300
2022-06-03,0.2590000033378601,0.2590000033378601,0.2199999988079071,0.2280000001192093,0.2280000001192093,15100
2022-06-06,0.23999999463558197,0.23999999463558197,0.23000000417232513,0.23999999463558197,0.23999999463558197,37400
2022-06-07,0.22699999809265137,0.23199999332427979,0.22699999809265137,0.23000000417232513,0.23000000417232513,5600
2022-06-08,0.23000000417232513,0.23999999463558197,0.23000000417232513,0.23999999463558197,0.23999999463558197,38600
2022-06-09,0.23199999332427979,0.2329999953508377,0.2280000001192093,0.2329999953508377,0.2329999953508377,23300
2022-06-10,0.22200000286102295,0.22200000286102295,0.21899999678134918,0.22200000286102295,0.22200000286102295,11700
2022-06-13,0.22699999809265137,0.22699999809265137,0.21699999272823334,0.21699999272823334,0.21699999272823334,16600
2022-06-14,0.21299999952316284,0.21699999272823334,0.20800000429153442,0.20999999344348907,0.20999999344348907,6600
2022-06-15,0.2029999941587448,0.21899999678134918,0.2029999941587448,0.21899999678134918,0.21899999678134918,5300
2022-06-16,0.21699999272823334,0.21699999272823334,0.21699999272823334,0.21699999272823334,0.21699999272823334,500
2022-06-17,0.21699999272823334,0.21699999272823334,0.21699999272823334,0.21699999272823334,0.21699999272823334,0
2022-06-21,0.20200000703334808,0.23000000417232513,0.20200000703334808,0.21699999272823334,0.21699999272823334,23900
2022-06-22,0.2160000056028366,0.2160000056028366,0.2029999941587448,0.2029999941587448,0.2029999941587448,17500
2022-06-23,0.20000000298023224,0.20000000298023224,0.20000000298023224,0.20000000298023224,0.20000000298023224,2100
2022-06-24,0.20399999618530273,0.20399999618530273,0.20399999618530273,0.20399999618530273,0.20399999618530273,2000
2022-06-27,0.20399999618530273,0.20399999618530273,0.20399999618530273,0.20399999618530273,0.20399999618530273,0
2022-06-28,0.2070000022649765,0.2070000022649765,0.20499999821186066,0.20499999821186066,0.20499999821186066,11000
2022-06-29,0.2029999941587448,0.20499999821186066,0.2029999941587448,0.20499999821186066,0.20499999821186066,3500
2022-06-30,0.20000000298023224,0.20499999821186066,0.20000000298023224,0.20499999821186066,0.20499999821186066,4400
2022-07-01,0.22300000488758087,0.23100000619888306,0.22300000488758087,0.22300000488758087,0.22300000488758087,7400
2022-07-05,0.22200000286102295,0.22200000286102295,0.19499999284744263,0.19599999487400055,0.19599999487400055,53700
2022-07-06,0.19599999487400055,0.19599999487400055,0.1899999976158142,0.19599999487400055,0.19599999487400055,4000
2022-07-07,0.1979999989271164,0.1979999989271164,0.18199999630451202,0.1979999989271164,0.1979999989271164,29600
2022-07-08,0.19599999487400055,0.19599999487400055,0.19599999487400055,0.19599999487400055,0.19599999487400055,500
2022-07-11,0.1979999989271164,0.1979999989271164,0.1979999989271164,0.1979999989271164,0.1979999989271164,2500
2022-07-12,0.1979999989271164,0.1979999989271164,0.1979999989271164,0.1979999989271164,0.1979999989271164,0
2022-07-13,0.20999999344348907,0.20999999344348907,0.20999999344348907,0.20999999344348907,0.20999999344348907,2000
2022-07-14,0.20999999344348907,0.20999999344348907,0.20999999344348907,0.20999999344348907,0.20999999344348907,0
2022-07-15,0.20999999344348907,0.20999999344348907,0.20999999344348907,0.20999999344348907,0.20999999344348907,0
2022-07-18,0.20999999344348907,0.20999999344348907,0.20999999344348907,0.20999999344348907,0.20999999344348907,0
2022-07-19,0.1899999976158142,0.19200000166893005,0.18400000035762787,0.19200000166893005,0.19200000166893005,32000
2022-07-20,0.1899999976158142,0.1940000057220459,0.1899999976158142,0.1940000057220459,0.1940000057220459,1000
2022-07-21,0.19099999964237213,0.19099999964237213,0.1860000044107437,0.1860000044107437,0.1860000044107437,22000
2022-07-22,0.1899999976158142,0.19699999690055847,0.1899999976158142,0.19699999690055847,0.19699999690055847,1100
2022-07-25,0.1940000057220459,0.21199999749660492,0.1940000057220459,0.20499999821186066,0.20499999821186066,20400
2022-07-26,0.2150000035762787,0.2199999988079071,0.20499999821186066,0.2070000022649765,0.2070000022649765,30500
2022-07-27,0.21400000154972076,0.22200000286102295,0.21299999952316284,0.2160000056028366,0.2160000056028366,8300
2022-07-28,0.2240000069141388,0.23499999940395355,0.2150000035762787,0.21699999272823334,0.21699999272823334,11200
2022-07-29,0.21299999952316284,0.23000000417232513,0.20900000631809235,0.2290000021457672,0.2290000021457672,38200
2022-08-01,0.24500000476837158,0.24500000476837158,0.2280000001192093,0.23000000417232513,0.23000000417232513,5200
2022-08-02,0.22699999809265137,0.22699999809265137,0.21899999678134918,0.22100000083446503,0.22100000083446503,11400
2022-08-03,0.22100000083446503,0.22100000083446503,0.22100000083446503,0.22100000083446503,0.22100000083446503,0
2022-08-04,0.2199999988079071,0.2199999988079071,0.2199999988079071,0.2199999988079071,0.2199999988079071,1000
2022-08-05,0.22200000286102295,0.22200000286102295,0.2160000056028366,0.2160000056028366,0.2160000056028366,700
2022-08-08,0.2160000056028366,0.2160000056028366,0.2160000056028366,0.2160000056028366,0.2160000056028366,1200
2022-08-09,0.22200000286102295,0.22200000286102295,0.22200000286102295,0.22200000286102295,0.22200000286102295,100
2022-08-10,0.20600000023841858,0.2240000069141388,0.20600000023841858,0.2240000069141388,0.2240000069141388,7200
2022-08-11,0.22200000286102295,0.22200000286102295,0.22200000286102295,0.22200000286102295,0.22200000286102295,1000
2022-08-12,0.21799999475479126,0.22699999809265137,0.21799999475479126,0.22699999809265137,0.22699999809265137,12000
2022-08-15,0.22699999809265137,0.22699999809265137,0.22200000286102295,0.22200000286102295,0.22200000286102295,18600
2022-08-16,0.2150000035762787,0.21799999475479126,0.20900000631809235,0.20900000631809235,0.20900000631809235,11400
2022-08-17,0.20900000631809235,0.20900000631809235,0.20900000631809235,0.20900000631809235,0.20900000631809235,0
2022-08-18,0.20900000631809235,0.2150000035762787,0.2029999941587448,0.2150000035762787,0.2150000035762787,11600
2022-08-19,0.20800000429153442,0.20800000429153442,0.19499999284744263,0.19499999284744263,0.19499999284744263,24300
2022-08-22,0.19499999284744263,0.19499999284744263,0.1809999942779541,0.18400000035762787,0.18400000035762787,20300
2022-08-23,0.1979999989271164,0.1979999989271164,0.1979999989271164,0.1979999989271164,0.1979999989271164,700
2022-08-24,0.19300000369548798,0.19300000369548798,0.1860000044107437,0.1889999955892563,0.1889999955892563,1900
2022-08-25,0.19300000369548798,0.19300000369548798,0.19300000369548798,0.19300000369548798,0.19300000369548798,500
2022-08-26,0.19699999690055847,0.19699999690055847,0.1899999976158142,0.1899999976158142,0.1899999976158142,11900
2022-08-29,0.18700000643730164,0.18700000643730164,0.1850000023841858,0.1850000023841858,0.1850000023841858,10200
2022-08-30,0.18000000715255737,0.1889999955892563,0.18000000715255737,0.18000000715255737,0.18000000715255737,34200
2022-08-31,0.18000000715255737,0.18000000715255737,0.18000000715255737,0.18000000715255737,0.18000000715255737,0
2022-09-01,0.18000000715255737,0.18000000715255737,0.16899999976158142,0.17800000309944153,0.17800000309944153,59100
2022-09-02,0.17599999904632568,0.17800000309944153,0.17000000178813934,0.17299999296665192,0.17299999296665192,52500
2022-09-06,0.17000000178813934,0.1770000010728836,0.16899999976158142,0.17599999904632568,0.17599999904632568,30300
2022-09-07,0.17399999499320984,0.1770000010728836,0.17399999499320984,0.1770000010728836,0.1770000010728836,1700
2022-09-08,0.1770000010728836,0.1770000010728836,0.1770000010728836,0.1770000010728836,0.1770000010728836,0
2022-09-09,0.18299999833106995,0.18299999833106995,0.18299999833106995,0.18299999833106995,0.18299999833106995,24700
2022-09-12,0.17100000381469727,0.1940000057220459,0.17100000381469727,0.1940000057220459,0.1940000057220459,18000
2022-09-13,0.1770000010728836,0.1770000010728836,0.16099999845027924,0.16099999845027924,0.16099999845027924,58100
2022-09-14,0.1720000058412552,0.17299999296665192,0.16899999976158142,0.16899999976158142,0.16899999976158142,23900
2022-09-15,0.16200000047683716,0.16599999368190765,0.16200000047683716,0.164000004529953,0.164000004529953,12900
2022-09-16,0.16699999570846558,0.16699999570846558,0.16699999570846558,0.16699999570846558,0.16699999570846558,8400
2022-09-19,0.16300000250339508,0.164000004529953,0.1599999964237213,0.164000004529953,0.164000004529953,26300
2022-09-20,0.16699999570846558,0.16699999570846558,0.16699999570846558,0.16699999570846558,0.16699999570846558,2000
2022-09-21,0.1679999977350235,0.1850000023841858,0.16300000250339508,0.17299999296665192,0.17299999296665192,26400
2022-09-22,0.16699999570846558,0.17100000381469727,0.15199999511241913,0.16500000655651093,0.16500000655651093,14100
2022-09-23,0.15199999511241913,0.16300000250339508,0.14300000667572021,0.15299999713897705,0.15299999713897705,26100
2022-09-26,0.15600000321865082,0.15600000321865082,0.14800000190734863,0.14800000190734863,0.14800000190734863,1400
2022-09-27,0.14900000393390656,0.14900000393390656,0.14499999582767487,0.14499999582767487,0.14499999582767487,3200
2022-09-28,0.1509999930858612,0.17399999499320984,0.1509999930858612,0.17399999499320984,0.17399999499320984,19000
2022-09-29,0.17399999499320984,0.17399999499320984,0.17399999499320984,0.17399999499320984,0.17399999499320984,1000
2022-09-30,0.17499999701976776,0.18400000035762787,0.17499999701976776,0.18000000715255737,0.18000000715255737,24000
2022-10-03,0.18700000643730164,0.1889999955892563,0.17599999904632568,0.1889999955892563,0.1889999955892563,8800
2022-10-04,0.19599999487400055,0.20000000298023224,0.1850000023841858,0.1850000023841858,0.1850000023841858,30400
2022-10-05,0.1860000044107437,0.19599999487400055,0.1860000044107437,0.19599999487400055,0.19599999487400055,6400
2022-10-06,0.1889999955892563,0.20600000023841858,0.1889999955892563,0.20000000298023224,0.20000000298023224,20200
2022-10-07,0.19200000166893005,0.19300000369548798,0.18400000035762787,0.18400000035762787,0.18400000035762787,19500
2022-10-10,0.21199999749660492,0.21199999749660492,0.1860000044107437,0.1860000044107437,0.1860000044107437,5500
2022-10-11,0.20600000023841858,0.20600000023841858,0.19300000369548798,0.19300000369548798,0.19300000369548798,25300
2022-10-12,0.18700000643730164,0.1899999976158142,0.18700000643730164,0.18700000643730164,0.18700000643730164,15100
2022-10-13,0.18000000715255737,0.18000000715255737,0.18000000715255737,0.18000000715255737,0.18000000715255737,3600
2022-10-14,0.1809999942779541,0.19599999487400055,0.18000000715255737,0.19599999487400055,0.19599999487400055,7400
2022-10-17,0.19300000369548798,0.20000000298023224,0.19300000369548798,0.20000000298023224,0.20000000298023224,2600
2022-10-18,0.1850000023841858,0.19599999487400055,0.1850000023841858,0.1850000023841858,0.1850000023841858,21300
2022-10-19,0.1860000044107437,0.1860000044107437,0.1860000044107437,0.1860000044107437,0.1860000044107437,1000
2022-10-20,0.18400000035762787,0.18400000035762787,0.18400000035762787,0.18400000035762787,0.18400000035762787,2000
2022-10-21,0.18000000715255737,0.1850000023841858,0.18000000715255737,0.1850000023841858,0.1850000023841858,7800
2022-10-24,0.17399999499320984,0.17399999499320984,0.17399999499320984,0.17399999499320984,0.17399999499320984,1000
2022-10-25,0.17399999499320984,0.17399999499320984,0.17399999499320984,0.17399999499320984,0.17399999499320984,0
2022-10-26,0.1850000023841858,0.1850000023841858,0.17299999296665192,0.17299999296665192,0.17299999296665192,4100
2022-10-27,0.18299999833106995,0.1860000044107437,0.18299999833106995,0.1860000044107437,0.1860000044107437,2400
2022-10-28,0.17800000309944153,0.1850000023841858,0.17800000309944153,0.18199999630451202,0.18199999630451202,24700
2022-10-31,0.1850000023841858,0.1850000023841858,0.16200000047683716,0.17499999701976776,0.17499999701976776,12900
2022-11-01,0.17800000309944153,0.17800000309944153,0.17000000178813934,0.17800000309944153,0.17800000309944153,33000
2022-11-02,0.17800000309944153,0.1809999942779541,0.17800000309944153,0.1809999942779541,0.1809999942779541,2000
2022-11-03,0.17000000178813934,0.17000000178813934,0.16200000047683716,0.16200000047683716,0.16200000047683716,7300
2022-11-04,0.1599999964237213,0.17100000381469727,0.1599999964237213,0.17100000381469727,0.17100000381469727,3500
2022-11-07,0.17100000381469727,0.17100000381469727,0.17100000381469727,0.17100000381469727,0.17100000381469727,0
2022-11-08,0.17100000381469727,0.18199999630451202,0.17100000381469727,0.1809999942779541,0.1809999942779541,6700
2022-11-09,0.1809999942779541,0.1809999942779541,0.1809999942779541,0.1809999942779541,0.1809999942779541,500
2022-11-10,0.1850000023841858,0.21799999475479126,0.1850000023841858,0.2150000035762787,0.2150000035762787,167600
2022-11-11,0.21299999952316284,0.2199999988079071,0.21299999952316284,0.21699999272823334,0.21699999272823334,30300
2022-11-14,0.20999999344348907,0.23600000143051147,0.20999999344348907,0.23600000143051147,0.23600000143051147,29600
2022-11-15,0.23600000143051147,0.23899999260902405,0.2290000021457672,0.23100000619888306,0.23100000619888306,48200
2022-11-16,0.23000000417232513,0.23899999260902405,0.2150000035762787,0.22300000488758087,0.22300000488758087,36300
2022-11-17,0.2240000069141388,0.2240000069141388,0.2150000035762787,0.22100000083446503,0.22100000083446503,71900
2022-11-18,0.2290000021457672,0.2290000021457672,0.2150000035762787,0.2150000035762787,0.2150000035762787,14100
2022-11-21,0.2160000056028366,0.22100000083446503,0.20600000023841858,0.20600000023841858,0.20600000023841858,23700
2022-11-22,0.20000000298023224,0.20800000429153442,0.1899999976158142,0.19699999690055847,0.19699999690055847,40200
2022-11-23,0.164000004529953,0.19499999284744263,0.164000004529953,0.18400000035762787,0.18400000035762787,34600
2022-11-25,0.18400000035762787,0.1850000023841858,0.17499999701976776,0.17499999701976776,0.17499999701976776,33500
2022-11-28,0.18199999630451202,0.18799999356269836,0.18199999630451202,0.1860000044107437,0.1860000044107437,38200
2022-11-29,0.1770000010728836,0.1860000044107437,0.1770000010728836,0.1860000044107437,0.1860000044107437,13100
2022-11-30,0.20800000429153442,0.22300000488758087,0.19099999964237213,0.21400000154972076,0.21400000154972076,69600
2022-12-01,0.22499999403953552,0.23899999260902405,0.2199999988079071,0.23000000417232513,0.23000000417232513,172000
2022-12-02,0.23899999260902405,0.24199999868869781,0.23199999332427979,0.23499999940395355,0.23499999940395355,166400
2022-12-05,0.23000000417232513,0.23399999737739563,0.22300000488758087,0.23199999332427979,0.23199999332427979,60600
2022-12-06,0.23199999332427979,0.23199999332427979,0.2280000001192093,0.2280000001192093,0.2280000001192093,11800
2022-12-07,0.2280000001192093,0.2290000021457672,0.21899999678134918,0.2290000021457672,0.2290000021457672,24600
2022-12-08,0.23000000417232513,0.23000000417232513,0.23000000417232513,0.23000000417232513,0.23000000417232513,1800
2022-12-09,0.2409999966621399,0.2409999966621399,0.2160000056028366,0.2240000069141388,0.2240000069141388,12400
2022-12-12,0.21799999475479126,0.2280000001192093,0.2160000056028366,0.2160000056028366,0.2160000056028366,36200
2022-12-13,0.22300000488758087,0.24199999868869781,0.22300000488758087,0.24199999868869781,0.24199999868869781,33100
2022-12-14,0.23000000417232513,0.2370000034570694,0.23000000417232513,0.23000000417232513,0.23000000417232513,21500
2022-12-15,0.21400000154972076,0.23499999940395355,0.21400000154972076,0.2280000001192093,0.2280000001192093,12200
2022-12-16,0.22699999809265137,0.23100000619888306,0.22100000083446503,0.23000000417232513,0.23000000417232513,14300
2022-12-19,0.22499999403953552,0.22499999403953552,0.2160000056028366,0.21699999272823334,0.21699999272823334,10800
2022-12-20,0.21299999952316284,0.21699999272823334,0.20800000429153442,0.20900000631809235,0.20900000631809235,41100
2022-12-21,0.2160000056028366,0.21699999272823334,0.20900000631809235,0.20900000631809235,0.20900000631809235,24700
2022-12-22,0.21400000154972076,0.21400000154972076,0.20999999344348907,0.20999999344348907,0.20999999344348907,3100
2022-12-23,0.2199999988079071,0.2199999988079071,0.20100000500679016,0.20399999618530273,0.20399999618530273,8100
2022-12-27,0.20999999344348907,0.23399999737739563,0.20000000298023224,0.20000000298023224,0.20000000298023224,22800
2022-12-28,0.20999999344348907,0.20999999344348907,0.20000000298023224,0.20499999821186066,0.20499999821186066,29000
2022-12-29,0.20800000429153442,0.20800000429153442,0.20200000703334808,0.20200000703334808,0.20200000703334808,6500
2022-12-30,0.20100000500679016,0.20399999618530273,0.20100000500679016,0.20399999618530273,0.20399999618530273,5800
2023-01-03,0.2029999941587448,0.2029999941587448,0.19599999487400055,0.20200000703334808,0.20200000703334808,50500
2023-01-04,0.2199999988079071,0.22300000488758087,0.21199999749660492,0.2150000035762787,0.2150000035762787,94700
2023-01-05,0.210999995470047,0.2150000035762787,0.210999995470047,0.2150000035762787,0.2150000035762787,20400
2023-01-06,0.2160000056028366,0.22300000488758087,0.2160000056028366,0.22300000488758087,0.22300000488758087,41900
2023-01-09,0.2280000001192093,0.2280000001192093,0.21699999272823334,0.22100000083446503,0.22100000083446503,35300
2023-01-10,0.22100000083446503,0.23800000548362732,0.2199999988079071,0.23000000417232513,0.23000000417232513,37000
2023-01-11,0.2370000034570694,0.2370000034570694,0.21799999475479126,0.23199999332427979,0.23199999332427979,73200
2023-01-12,0.2329999953508377,0.24899999797344208,0.2240000069141388,0.2290000021457672,0.2290000021457672,15800
2023-01-13,0.2280000001192093,0.23499999940395355,0.22300000488758087,0.23499999940395355,0.23499999940395355,80800
2023-01-17,0.23000000417232513,0.23600000143051147,0.23000000417232513,0.23399999737739563,0.23399999737739563,9500
2023-01-18,0.23499999940395355,0.23800000548362732,0.23000000417232513,0.23399999737739563,0.23399999737739563,51000
2023-01-19,0.24799999594688416,0.24799999594688416,0.2240000069141388,0.22599999606609344,0.22599999606609344,27800
2023-01-20,0.23499999940395355,0.23499999940395355,0.2280000001192093,0.2329999953508377,0.2329999953508377,57700
2023-01-23,0.2290000021457672,0.23000000417232513,0.2240000069141388,0.22499999403953552,0.22499999403953552,27500
2023-01-24,0.2240000069141388,0.22699999809265137,0.2199999988079071,0.22100000083446503,0.22100000083446503,23500
2023-01-25,0.21400000154972076,0.22200000286102295,0.21199999749660492,0.2150000035762787,0.2150000035762787,79500
2023-01-26,0.22100000083446503,0.22100000083446503,0.21299999952316284,0.21699999272823334,0.21699999272823334,4000
2023-01-27,0.21799999475479126,0.2329999953508377,0.21799999475479126,0.22100000083446503,0.22100000083446503,9300
2023-01-30,0.2150000035762787,0.21899999678134918,0.21299999952316284,0.21299999952316284,0.21299999952316284,43900
2023-01-31,0.2199999988079071,0.23000000417232513,0.21199999749660492,0.2160000056028366,0.2160000056028366,106500
2023-02-01,0.2160000056028366,0.21699999272823334,0.210999995470047,0.21699999272823334,0.21699999272823334,14500
2023-02-02,0.22300000488758087,0.22300000488758087,0.21699999272823334,0.21799999475479126,0.21799999475479126,16300
2023-02-03,0.21799999475479126,0.21799999475479126,0.20999999344348907,0.21199999749660492,0.21199999749660492,196600
2023-02-06,0.20999999344348907,0.21699999272823334,0.20499999821186066,0.20499999821186066,0.20499999821186066,93200
2023-02-07,0.20399999618530273,0.20600000023841858,0.20000000298023224,0.20399999618530273,0.20399999618530273,42100
2023-02-08,0.2070000022649765,0.2070000022649765,0.20000000298023224,0.20000000298023224,0.20000000298023224,49600
2023-02-09,0.19300000369548798,0.20999999344348907,0.19300000369548798,0.20800000429153442,0.20800000429153442,125200
2023-02-10,0.20999999344348907,0.21400000154972076,0.20999999344348907,0.20999999344348907,0.20999999344348907,54500
2023-02-13,0.20200000703334808,0.20999999344348907,0.20000000298023224,0.2029999941587448,0.2029999941587448,9700
2023-02-14,0.20000000298023224,0.210999995470047,0.20000000298023224,0.210999995470047,0.210999995470047,68600
2023-02-15,0.20499999821186066,0.2070000022649765,0.1940000057220459,0.19599999487400055,0.19599999487400055,66500
2023-02-16,0.19599999487400055,0.2029999941587448,0.1899999976158142,0.2029999941587448,0.2029999941587448,4400
2023-02-17,0.2029999941587448,0.2029999941587448,0.2029999941587448,0.2029999941587448,0.2029999941587448,14500
2023-02-21,0.19900000095367432,0.19900000095367432,0.19699999690055847,0.19699999690055847,0.19699999690055847,9500
2023-02-22,0.19599999487400055,0.20000000298023224,0.1899999976158142,0.1899999976158142,0.1899999976158142,24600
2023-02-23,0.1860000044107437,0.18700000643730164,0.1860000044107437,0.18700000643730164,0.18700000643730164,1200
2023-02-24,0.18799999356269836,0.19300000369548798,0.1850000023841858,0.1850000023841858,0.1850000023841858,24500
2023-02-27,0.19499999284744263,0.19499999284744263,0.1889999955892563,0.1889999955892563,0.1889999955892563,12500
2023-02-28,0.1809999942779541,0.20000000298023224,0.1809999942779541,0.1940000057220459,0.1940000057220459,11200
2023-03-01,0.19599999487400055,0.19599999487400055,0.1889999955892563,0.19300000369548798,0.19300000369548798,30000
2023-03-02,0.19099999964237213,0.19099999964237213,0.18799999356269836,0.18799999356269836,0.18799999356269836,18500
2023-03-03,0.19499999284744263,0.20499999821186066,0.18799999356269836,0.20399999618530273,0.20399999618530273,167700
2023-03-06,0.20499999821186066,0.20499999821186066,0.19499999284744263,0.20399999618530273,0.20399999618530273,32300
2023-03-07,0.1979999989271164,0.1979999989271164,0.19200000166893005,0.19499999284744263,0.19499999284744263,22600
2023-03-08,0.19099999964237213,0.19499999284744263,0.19099999964237213,0.19499999284744263,0.19499999284744263,3100
2023-03-09,0.19599999487400055,0.20100000500679016,0.19499999284744263,0.19499999284744263,0.19499999284744263,5500
2023-03-10,0.19900000095367432,0.19900000095367432,0.1979999989271164,0.1979999989271164,0.1979999989271164,6100
2023-03-13,0.20999999344348907,0.20999999344348907,0.19599999487400055,0.20000000298023224,0.20000000298023224,8500
2023-03-14,0.19599999487400055,0.20000000298023224,0.19599999487400055,0.1979999989271164,0.1979999989271164,8200
2023-03-15,0.19599999487400055,0.1979999989271164,0.19099999964237213,0.19599999487400055,0.19599999487400055,20400
2023-03-16,0.1899999976158142,0.19499999284744263,0.1899999976158142,0.19499999284744263,0.19499999284744263,1100
2023-03-17,0.19300000369548798,0.20100000500679016,0.19099999964237213,0.1979999989271164,0.1979999989271164,101400
2023-03-20,0.19300000369548798,0.19599999487400055,0.1860000044107437,0.19599999487400055,0.19599999487400055,10100
2023-03-21,0.19599999487400055,0.19599999487400055,0.1860000044107437,0.1899999976158142,0.1899999976158142,18400
2023-03-22,0.1899999976158142,0.19499999284744263,0.1899999976158142,0.1899999976158142,0.1899999976158142,14400
2023-03-23,0.19499999284744263,0.19699999690055847,0.19499999284744263,0.19699999690055847,0.19699999690055847,23700
2023-03-24,0.19699999690055847,0.20100000500679016,0.1940000057220459,0.1940000057220459,0.1940000057220459,21800
2023-03-27,0.1899999976158142,0.20000000298023224,0.1899999976158142,0.19200000166893005,0.19200000166893005,47500
2023-03-28,0.19300000369548798,0.19300000369548798,0.1809999942779541,0.1850000023841858,0.1850000023841858,98900
2023-03-29,0.1860000044107437,0.1899999976158142,0.18000000715255737,0.1889999955892563,0.1889999955892563,17700
2023-03-30,0.1940000057220459,0.1940000057220459,0.18799999356269836,0.19099999964237213,0.19099999964237213,3000
2023-03-31,0.1889999955892563,0.19900000095367432,0.1850000023841858,0.1940000057220459,0.1940000057220459,30700
2023-04-03,0.19599999487400055,0.20100000500679016,0.19200000166893005,0.19200000166893005,0.19200000166893005,55100
2023-04-04,0.20100000500679016,0.20600000023841858,0.1979999989271164,0.20499999821186066,0.20499999821186066,30600
2023-04-05,0.20999999344348907,0.210999995470047,0.20499999821186066,0.210999995470047,0.210999995470047,68300
2023-04-06,0.20999999344348907,0.21400000154972076,0.20800000429153442,0.21400000154972076,0.21400000154972076,45600
2023-04-10,0.21899999678134918,0.21899999678134918,0.210999995470047,0.2160000056028366,0.2160000056028366,22900
2023-04-11,0.21199999749660492,0.22100000083446503,0.20999999344348907,0.21299999952316284,0.21299999952316284,9600
2023-04-12,0.2160000056028366,0.21899999678134918,0.20800000429153442,0.2160000056028366,0.2160000056028366,46900
2023-04-13,0.22100000083446503,0.22100000083446503,0.20900000631809235,0.21299999952316284,0.21299999952316284,44000
2023-04-14,0.2150000035762787,0.22100000083446503,0.21400000154972076,0.2160000056028366,0.2160000056028366,43600
2023-04-17,0.2150000035762787,0.2150000035762787,0.21199999749660492,0.2150000035762787,0.2150000035762787,20000
2023-04-18,0.21799999475479126,0.21899999678134918,0.2160000056028366,0.21699999272823334,0.21699999272823334,17600
2023-04-19,0.21299999952316284,0.22300000488758087,0.21299999952316284,0.22200000286102295,0.22200000286102295,16900
2023-04-20,0.20999999344348907,0.22100000083446503,0.20999999344348907,0.22100000083446503,0.22100000083446503,28000
2023-04-21,0.210999995470047,0.21299999952316284,0.20999999344348907,0.20999999344348907,0.20999999344348907,70300
2023-04-24,0.20900000631809235,0.2199999988079071,0.20900000631809235,0.2199999988079071,0.2199999988079071,18600
2023-04-25,0.2150000035762787,0.21799999475479126,0.20999999344348907,0.20999999344348907,0.20999999344348907,35100
2023-04-26,0.2199999988079071,0.2709999978542328,0.2199999988079071,0.24400000274181366,0.24400000274181366,187000
2023-04-27,0.2720000147819519,0.2720000147819519,0.24300000071525574,0.24400000274181366,0.24400000274181366,34500
2023-04-28,0.23899999260902405,0.24199999868869781,0.23000000417232513,0.24199999868869781,0.24199999868869781,37700
2023-05-01,0.2370000034570694,0.24799999594688416,0.2280000001192093,0.2290000021457672,0.2290000021457672,23100
2023-05-02,0.23100000619888306,0.26600000262260437,0.2280000001192093,0.2619999945163727,0.2619999945163727,30100
2023-05-03,0.26899999380111694,0.27300000190734863,0.25099998712539673,0.2639999985694885,0.2639999985694885,110300
2023-05-04,0.2759999930858612,0.2759999930858612,0.25099998712539673,0.25999999046325684,0.25999999046325684,75200
2023-05-05,0.26499998569488525,0.26499998569488525,0.23000000417232513,0.2329999953508377,0.2329999953508377,176700
2023-05-08,0.23899999260902405,0.23999999463558197,0.23000000417232513,0.23999999463558197,0.23999999463558197,39400
2023-05-09,0.24199999868869781,0.24199999868869781,0.22699999809265137,0.22699999809265137,0.22699999809265137,60000
2023-05-10,0.23600000143051147,0.2370000034570694,0.2280000001192093,0.23499999940395355,0.23499999940395355,73800
2023-05-11,0.25,0.25,0.22499999403953552,0.23000000417232513,0.23000000417232513,51300
2023-05-12,0.23399999737739563,0.23499999940395355,0.2280000001192093,0.23000000417232513,0.23000000417232513,6100
2023-05-15,0.22200000286102295,0.23100000619888306,0.22200000286102295,0.22499999403953552,0.22499999403953552,24600
2023-05-16,0.23100000619888306,0.2329999953508377,0.2150000035762787,0.2160000056028366,0.2160000056028366,88700
2023-05-17,0.21699999272823334,0.22100000083446503,0.2160000056028366,0.22100000083446503,0.22100000083446503,38300
2023-05-18,0.21699999272823334,0.2199999988079071,0.21400000154972076,0.2199999988079071,0.2199999988079071,64400
2023-05-19,0.22300000488758087,0.23000000417232513,0.21799999475479126,0.2199999988079071,0.2199999988079071,55100
2023-05-22,0.2199999988079071,0.2199999988079071,0.20999999344348907,0.2199999988079071,0.2199999988079071,10400
2023-05-23,0.2199999988079071,0.2199999988079071,0.2160000056028366,0.21899999678134918,0.21899999678134918,16300
2023-05-24,0.22200000286102295,0.22200000286102295,0.2150000035762787,0.2160000056028366,0.2160000056028366,12800
2023-05-25,0.20999999344348907,0.22300000488758087,0.20000000298023224,0.21199999749660492,0.21199999749660492,93800
2023-05-26,0.21400000154972076,0.21400000154972076,0.21199999749660492,0.21199999749660492,0.21199999749660492,37100
2023-05-30,0.21199999749660492,0.21199999749660492,0.20900000631809235,0.20900000631809235,0.20900000631809235,20400
2023-05-31,0.20399999618530273,0.20499999821186066,0.1979999989271164,0.1979999989271164,0.1979999989271164,23100
2023-06-01,0.21400000154972076,0.21799999475479126,0.20399999618530273,0.2070000022649765,0.2070000022649765,22500
2023-06-02,0.210999995470047,0.21699999272823334,0.20900000631809235,0.21699999272823334,0.21699999272823334,9900
2023-06-05,0.21799999475479126,0.22200000286102295,0.20999999344348907,0.21699999272823334,0.21699999272823334,60600
2023-06-06,0.22100000083446503,0.2240000069141388,0.21199999749660492,0.2160000056028366,0.2160000056028366,74000
2023-06-07,0.210999995470047,0.22200000286102295,0.20600000023841858,0.210999995470047,0.210999995470047,22100
2023-06-08,0.23000000417232513,0.23000000417232513,0.23000000417232513,0.23000000417232513,0.23000000417232513,4000
2023-06-09,0.21699999272823334,0.21699999272823334,0.21199999749660492,0.2160000056028366,0.2160000056028366,6900
2023-06-12,0.2150000035762787,0.23000000417232513,0.21299999952316284,0.21899999678134918,0.21899999678134918,10000
2023-06-13,0.22300000488758087,0.22300000488758087,0.2160000056028366,0.2160000056028366,0.2160000056028366,24500
2023-06-14,0.2160000056028366,0.21899999678134918,0.20800000429153442,0.20800000429153442,0.20800000429153442,32300
2023-06-15,0.20999999344348907,0.20999999344348907,0.20600000023841858,0.2070000022649765,0.2070000022649765,26800
2023-06-16,0.20800000429153442,0.20900000631809235,0.20800000429153442,0.20900000631809235,0.20900000631809235,32200
2023-06-20,0.20499999821186066,0.20600000023841858,0.20100000500679016,0.20399999618530273,0.20399999618530273,16200
2023-06-21,0.2029999941587448,0.20600000023841858,0.20000000298023224,0.20000000298023224,0.20000000298023224,42700
2023-06-22,0.20000000298023224,0.2070000022649765,0.1979999989271164,0.20399999618530273,0.20399999618530273,39800
2023-06-23,0.20600000023841858,0.20600000023841858,0.20100000500679016,0.20100000500679016,0.20100000500679016,12900
2023-06-26,0.2070000022649765,0.2070000022649765,0.19099999964237213,0.20499999821186066,0.20499999821186066,68100
2023-06-27,0.1979999989271164,0.20000000298023224,0.19499999284744263,0.19499999284744263,0.19499999284744263,22500
2023-06-28,0.19699999690055847,0.19699999690055847,0.19200000166893005,0.19200000166893005,0.19200000166893005,14800
2023-06-29,0.19099999964237213,0.19099999964237213,0.18400000035762787,0.18400000035762787,0.18400000035762787,72500
2023-06-30,0.18700000643730164,0.18799999356269836,0.18000000715255737,0.1860000044107437,0.1860000044107437,17600
2023-07-03,0.1860000044107437,0.1860000044107437,0.1860000044107437,0.1860000044107437,0.1860000044107437,0
2023-07-05,0.18199999630451202,0.1860000044107437,0.18199999630451202,0.1860000044107437,0.1860000044107437,17400
2023-07-06,0.18400000035762787,0.18400000035762787,0.1720000058412552,0.1809999942779541,0.1809999942779541,47100
2023-07-07,0.1770000010728836,0.1770000010728836,0.1770000010728836,0.1770000010728836,0.1770000010728836,11500
2023-07-10,0.17900000512599945,0.17900000512599945,0.1770000010728836,0.1770000010728836,0.1770000010728836,65000
2023-07-11,0.17800000309944153,0.17800000309944153,0.16899999976158142,0.17100000381469727,0.17100000381469727,73200
2023-07-12,0.17499999701976776,0.17900000512599945,0.17499999701976776,0.17900000512599945,0.17900000512599945,64000
2023-07-13,0.1889999955892563,0.1889999955892563,0.1850000023841858,0.1850000023841858,0.1850000023841858,13600
2023-07-14,0.1850000023841858,0.1860000044107437,0.17399999499320984,0.1770000010728836,0.1770000010728836,55100
2023-07-17,0.16699999570846558,0.18299999833106995,0.16699999570846558,0.17399999499320984,0.17399999499320984,69600
2023-07-18,0.17499999701976776,0.18400000035762787,0.17299999296665192,0.18400000035762787,0.18400000035762787,31100
2023-07-19,0.18400000035762787,0.18400000035762787,0.18000000715255737,0.18000000715255737,0.18000000715255737,5800
2023-07-20,0.17900000512599945,0.18400000035762787,0.17900000512599945,0.18400000035762787,0.18400000035762787,7600
2023-07-21,0.17599999904632568,0.18000000715255737,0.17599999904632568,0.17599999904632568,0.17599999904632568,33300
2023-07-24,0.18400000035762787,0.18400000035762787,0.17900000512599945,0.17900000512599945,0.17900000512599945,1300
2023-07-25,0.17599999904632568,0.18400000035762787,0.1720000058412552,0.18299999833106995,0.18299999833106995,57000
2023-07-26,0.19599999487400055,0.19599999487400055,0.1720000058412552,0.17800000309944153,0.17800000309944153,14700
2023-07-27,0.18000000715255737,0.18000000715255737,0.1720000058412552,0.17299999296665192,0.17299999296665192,33800
2023-07-28,0.17000000178813934,0.17900000512599945,0.16699999570846558,0.1720000058412552,0.1720000058412552,23600
2023-07-31,0.17900000512599945,0.18000000715255737,0.17000000178813934,0.17100000381469727,0.17100000381469727,25500
2023-08-01,0.17100000381469727,0.17299999296665192,0.1679999977350235,0.17299999296665192,0.17299999296665192,15700
2023-08-02,0.17399999499320984,0.17399999499320984,0.17000000178813934,0.17000000178813934,0.17000000178813934,1000
2023-08-03,0.17000000178813934,0.17000000178813934,0.16599999368190765,0.1679999977350235,0.1679999977350235,14900
2023-08-04,0.1720000058412552,0.17399999499320984,0.16699999570846558,0.17000000178813934,0.17000000178813934,50500
2023-08-07,0.17599999904632568,0.17599999904632568,0.1599999964237213,0.1599999964237213,0.1599999964237213,38600
2023-08-08,0.1599999964237213,0.16899999976158142,0.1599999964237213,0.16899999976158142,0.16899999976158142,29200
2023-08-09,0.164000004529953,0.17000000178813934,0.16099999845027924,0.164000004529953,0.164000004529953,70200
2023-08-10,0.16300000250339508,0.16300000250339508,0.1599999964237213,0.1599999964237213,0.1599999964237213,24600
2023-08-11,0.1599999964237213,0.16599999368190765,0.1589999943971634,0.1599999964237213,0.1599999964237213,37600
2023-08-14,0.1589999943971634,0.1679999977350235,0.1469999998807907,0.1550000011920929,0.1550000011920929,35100
2023-08-15,0.15600000321865082,0.15600000321865082,0.14800000190734863,0.14800000190734863,0.14800000190734863,2200
2023-08-16,0.14800000190734863,0.14800000190734863,0.14800000190734863,0.14800000190734863,0.14800000190734863,0
2023-08-17,0.15199999511241913,0.16300000250339508,0.15199999511241913,0.16300000250339508,0.16300000250339508,12000
2023-08-18,0.16300000250339508,0.164000004529953,0.16099999845027924,0.164000004529953,0.164000004529953,2100
2023-08-21,0.16300000250339508,0.1720000058412552,0.1550000011920929,0.1550000011920929,0.1550000011920929,46900
2023-08-22,0.1589999943971634,0.1589999943971634,0.15000000596046448,0.15199999511241913,0.15199999511241913,2300
2023-08-23,0.15700000524520874,0.15700000524520874,0.15399999916553497,0.1550000011920929,0.1550000011920929,4900
2023-08-24,0.1550000011920929,0.1599999964237213,0.1550000011920929,0.15800000727176666,0.15800000727176666,13500
2023-08-25,0.1599999964237213,0.1599999964237213,0.15800000727176666,0.1599999964237213,0.1599999964237213,31200
2023-08-28,0.15199999511241913,0.1599999964237213,0.14800000190734863,0.15700000524520874,0.15700000524520874,41000
2023-08-29,0.1550000011920929,0.1599999964237213,0.15399999916553497,0.1599999964237213,0.1599999964237213,16500
2023-08-30,0.1420000046491623,0.1599999964237213,0.14100000262260437,0.15600000321865082,0.15600000321865082,17800
2023-08-31,0.15600000321865082,0.15600000321865082,0.15600000321865082,0.15600000321865082,0.15600000321865082,0
2023-09-01,0.16300000250339508,0.16699999570846558,0.16300000250339508,0.16699999570846558,0.16699999570846558,10400
2023-09-05,0.16699999570846558,0.16699999570846558,0.16200000047683716,0.164000004529953,0.164000004529953,47200
2023-09-06,0.15600000321865082,0.1589999943971634,0.15600000321865082,0.1589999943971634,0.1589999943971634,21300
2023-09-07,0.1589999943971634,0.1589999943971634,0.1589999943971634,0.1589999943971634,0.1589999943971634,0
2023-09-08,0.15800000727176666,0.1589999943971634,0.15299999713897705,0.15600000321865082,0.15600000321865082,41300
2023-09-11,0.15000000596046448,0.1550000011920929,0.14800000190734863,0.1550000011920929,0.1550000011920929,18900
2023-09-12,0.15399999916553497,0.15399999916553497,0.15399999916553497,0.15399999916553497,0.15399999916553497,1400
2023-09-13,0.15199999511241913,0.1550000011920929,0.14900000393390656,0.1550000011920929,0.1550000011920929,3500
2023-09-14,0.1550000011920929,0.1550000011920929,0.1550000011920929,0.1550000011920929,0.1550000011920929,0
2023-09-15,0.1550000011920929,0.15800000727176666,0.1550000011920929,0.15700000524520874,0.15700000524520874,35200
2023-09-18,0.1550000011920929,0.15600000321865082,0.1509999930858612,0.15600000321865082,0.15600000321865082,9600
2023-09-19,0.15800000727176666,0.1599999964237213,0.1550000011920929,0.1550000011920929,0.1550000011920929,13700
2023-09-20,0.1599999964237213,0.1599999964237213,0.1599999964237213,0.1599999964237213,0.1599999964237213,600
2023-09-21,0.1550000011920929,0.1599999964237213,0.14000000059604645,0.14499999582767487,0.14499999582767487,42100
2023-09-22,0.1509999930858612,0.1509999930858612,0.14499999582767487,0.14499999582767487,0.14499999582767487,28700
2023-09-25,0.15600000321865082,0.1589999943971634,0.1459999978542328,0.1589999943971634,0.1589999943971634,13900
2023-09-26,0.15000000596046448,0.1509999930858612,0.1379999965429306,0.14100000262260437,0.14100000262260437,60700
2023-09-27,0.14800000190734863,0.1550000011920929,0.14800000190734863,0.14900000393390656,0.14900000393390656,5700
2023-09-28,0.1550000011920929,0.1550000011920929,0.1550000011920929,0.1550000011920929,0.1550000011920929,7300
2023-09-29,0.1509999930858612,0.15399999916553497,0.14000000059604645,0.15399999916553497,0.15399999916553497,19000
2023-10-02,0.14100000262260437,0.14100000262260437,0.1379999965429306,0.13899999856948853,0.13899999856948853,22200
2023-10-03,0.13300000131130219,0.1340000033378601,0.12800000607967377,0.12800000607967377,0.12800000607967377,40100
2023-10-04,0.125,0.13300000131130219,0.125,0.13300000131130219,0.13300000131130219,26200
2023-10-05,0.13199999928474426,0.13199999928474426,0.13199999928474426,0.13199999928474426,0.13199999928474426,2000
2023-10-06,0.12300000339746475,0.13699999451637268,0.12300000339746475,0.13300000131130219,0.13300000131130219,10500
2023-10-09,0.13500000536441803,0.13500000536441803,0.12800000607967377,0.12800000607967377,0.12800000607967377,3200
2023-10-10,0.12800000607967377,0.12800000607967377,0.12800000607967377,0.12800000607967377,0.12800000607967377,0
2023-10-11,0.13099999725818634,0.13699999451637268,0.1289999932050705,0.13699999451637268,0.13699999451637268,7200
2023-10-12,0.13600000739097595,0.14000000059604645,0.13600000739097595,0.14000000059604645,0.14000000059604645,6600
2023-10-13,0.12999999523162842,0.14300000667572021,0.12700000405311584,0.14300000667572021,0.14300000667572021,168200
2023-10-16,0.12999999523162842,0.13600000739097595,0.11599999666213989,0.125,0.125,323600
2023-10-17,0.11999999731779099,0.12800000607967377,0.11999999731779099,0.12300000339746475,0.12300000339746475,55900
2023-10-18,0.11999999731779099,0.125,0.11599999666213989,0.11999999731779099,0.11999999731779099,160000
2023-10-19,0.11900000274181366,0.12099999934434891,0.10300000011920929,0.10999999940395355,0.10999999940395355,277800
2023-10-20,0.10999999940395355,0.11999999731779099,0.10999999940395355,0.11699999868869781,0.11699999868869781,112500
2023-10-23,0.11699999868869781,0.1340000033378601,0.11699999868869781,0.12800000607967377,0.12800000607967377,207200
2023-10-24,0.12800000607967377,0.1289999932050705,0.12300000339746475,0.12300000339746475,0.12300000339746475,28400
2023-10-25,0.12300000339746475,0.12600000202655792,0.12300000339746475,0.12600000202655792,0.12600000202655792,4200
2023-10-26,0.12300000339746475,0.12600000202655792,0.12300000339746475,0.12399999797344208,0.12399999797344208,18100
2023-10-27,0.11999999731779099,0.12399999797344208,0.11999999731779099,0.12099999934434891,0.12099999934434891,8700
2023-10-30,0.12800000607967377,0.12800000607967377,0.12399999797344208,0.12399999797344208,0.12399999797344208,5100
2023-10-31,0.12399999797344208,0.1289999932050705,0.11999999731779099,0.11999999731779099,0.11999999731779099,21800
2023-11-01,0.11800000071525574,0.125,0.11800000071525574,0.12099999934434891,0.12099999934434891,34200
2023-11-02,0.11900000274181366,0.1289999932050705,0.11800000071525574,0.1289999932050705,0.1289999932050705,36200
2023-11-03,0.12999999523162842,0.12999999523162842,0.12700000405311584,0.12800000607967377,0.12800000607967377,31400
2023-11-06,0.1289999932050705,0.1289999932050705,0.11900000274181366,0.11900000274181366,0.11900000274181366,23900
2023-11-07,0.12700000405311584,0.12700000405311584,0.12700000405311584,0.12700000405311584,0.12700000405311584,6500
2023-11-08,0.12300000339746475,0.12399999797344208,0.12200000137090683,0.12399999797344208,0.12399999797344208,6100
2023-11-09,0.11999999731779099,0.12399999797344208,0.11999999731779099,0.12399999797344208,0.12399999797344208,19000
2023-11-10,0.12099999934434891,0.12300000339746475,0.11699999868869781,0.11699999868869781,0.11699999868869781,23400
2023-11-13,0.12300000339746475,0.12300000339746475,0.10999999940395355,0.11699999868869781,0.11699999868869781,19000
2023-11-14,0.11400000005960464,0.11900000274181366,0.10999999940395355,0.11900000274181366,0.11900000274181366,86900
2023-11-15,0.11900000274181366,0.12099999934434891,0.10999999940395355,0.11900000274181366,0.11900000274181366,5900
2023-11-16,0.1120000034570694,0.125,0.1120000034570694,0.125,0.125,27800
2023-11-17,0.11999999731779099,0.11999999731779099,0.11999999731779099,0.11999999731779099,0.11999999731779099,18400
2023-11-20,0.11999999731779099,0.11999999731779099,0.11999999731779099,0.11999999731779099,0.11999999731779099,5400
2023-11-21,0.12999999523162842,0.12999999523162842,0.11999999731779099,0.12999999523162842,0.12999999523162842,62900
2023-11-22,0.12999999523162842,0.1340000033378601,0.12399999797344208,0.1340000033378601,0.1340000033378601,73600
2023-11-24,0.13600000739097595,0.13600000739097595,0.11900000274181366,0.125,0.125,34500
2023-11-27,0.14000000059604645,0.14000000059604645,0.11999999731779099,0.13300000131130219,0.13300000131130219,305400
2023-11-28,0.125,0.14100000262260437,0.125,0.14100000262260437,0.14100000262260437,37600
2023-11-29,0.1469999998807907,0.14900000393390656,0.14300000667572021,0.14300000667572021,0.14300000667572021,43400
2023-11-30,0.1459999978542328,0.14800000190734863,0.14399999380111694,0.1469999998807907,0.1469999998807907,9500
2023-12-01,0.1469999998807907,0.14900000393390656,0.1420000046491623,0.14499999582767487,0.14499999582767487,62900
2023-12-04,0.16099999845027924,0.16099999845027924,0.14000000059604645,0.14800000190734863,0.14800000190734863,43900
2023-12-05,0.14900000393390656,0.1509999930858612,0.14399999380111694,0.14399999380111694,0.14399999380111694,34300
2023-12-06,0.14399999380111694,0.14499999582767487,0.14000000059604645,0.14000000059604645,0.14000000059604645,46900
2023-12-07,0.13899999856948853,0.14000000059604645,0.13899999856948853,0.14000000059604645,0.14000000059604645,3100
2023-12-08,0.14399999380111694,0.14399999380111694,0.14000000059604645,0.14000000059604645,0.14000000059604645,3000
2023-12-11,0.14000000059604645,0.14000000059604645,0.12999999523162842,0.12999999523162842,0.12999999523162842,26700
2023-12-12,0.13099999725818634,0.13099999725818634,0.1289999932050705,0.1289999932050705,0.1289999932050705,500
2023-12-13,0.12999999523162842,0.13699999451637268,0.11999999731779099,0.125,0.125,78600
2023-12-14,0.1379999965429306,0.14000000059604645,0.12600000202655792,0.13300000131130219,0.13300000131130219,21100
2023-12-15,0.13199999928474426,0.13199999928474426,0.125,0.12600000202655792,0.12600000202655792,18800
2023-12-18,0.13500000536441803,0.13600000739097595,0.1289999932050705,0.12999999523162842,0.12999999523162842,8000
2023-12-19,0.12999999523162842,0.13099999725818634,0.1289999932050705,0.1289999932050705,0.1289999932050705,42400
2023-12-20,0.12700000405311584,0.13300000131130219,0.125,0.1289999932050705,0.1289999932050705,44900
2023-12-21,0.14000000059604645,0.14000000059604645,0.13199999928474426,0.13300000131130219,0.13300000131130219,53400
2023-12-22,0.13500000536441803,0.15000000596046448,0.12999999523162842,0.13199999928474426,0.13199999928474426,94700
2023-12-26,0.1379999965429306,0.1379999965429306,0.11999999731779099,0.11999999731779099,0.11999999731779099,13000
2023-12-27,0.12999999523162842,0.12999999523162842,0.11999999731779099,0.11999999731779099,0.11999999731779099,32900
2023-12-28,0.11900000274181366,0.12300000339746475,0.11800000071525574,0.11900000274181366,0.11900000274181366,26100
2023-12-29,0.11699999868869781,0.11999999731779099,0.11500000208616257,0.11999999731779099,0.11999999731779099,19300
2024-01-02,0.11999999731779099,0.11999999731779099,0.11999999731779099,0.11999999731779099,0.11999999731779099,7800
2024-01-03,0.12300000339746475,0.12300000339746475,0.11999999731779099,0.11999999731779099,0.11999999731779099,12300
2024-01-04,0.12200000137090683,0.12399999797344208,0.11599999666213989,0.12399999797344208,0.12399999797344208,38500
2024-01-05,0.12399999797344208,0.13500000536441803,0.12399999797344208,0.13500000536441803,0.13500000536441803,20400
2024-01-08,0.14300000667572021,0.164000004529953,0.14100000262260437,0.1599999964237213,0.1599999964237213,203300
2024-01-09,0.15299999713897705,0.15299999713897705,0.13500000536441803,0.14499999582767487,0.14499999582767487,45500
2024-01-10,0.14800000190734863,0.14800000190734863,0.14000000059604645,0.14000000059604645,0.14000000059604645,62800
2024-01-11,0.13899999856948853,0.14100000262260437,0.13600000739097595,0.13600000739097595,0.13600000739097595,6100
2024-01-12,0.1420000046491623,0.1509999930858612,0.1340000033378601,0.14300000667572021,0.14300000667572021,85800
2024-01-16,0.14900000393390656,0.14900000393390656,0.1379999965429306,0.14000000059604645,0.14000000059604645,99500
2024-01-17,0.14300000667572021,0.14300000667572021,0.13899999856948853,0.14000000059604645,0.14000000059604645,16200
2024-01-18,0.1469999998807907,0.1509999930858612,0.1469999998807907,0.14900000393390656,0.14900000393390656,13800
2024-01-19,0.15000000596046448,0.15000000596046448,0.13699999451637268,0.14100000262260437,0.14100000262260437,32100
2024-01-22,0.15000000596046448,0.15000000596046448,0.12399999797344208,0.12700000405311584,0.12700000405311584,67300
2024-01-23,0.1379999965429306,0.1379999965429306,0.12099999934434891,0.12800000607967377,0.12800000607967377,12200
2024-01-24,0.125,0.125,0.12099999934434891,0.12099999934434891,0.12099999934434891,13500
2024-01-25,0.12099999934434891,0.12700000405311584,0.11999999731779099,0.11999999731779099,0.11999999731779099,34000
2024-01-26,0.12300000339746475,0.12600000202655792,0.12099999934434891,0.12200000137090683,0.12200000137090683,29400
2024-01-29,0.12600000202655792,0.1289999932050705,0.11999999731779099,0.12800000607967377,0.12800000607967377,34700
2024-01-30,0.12800000607967377,0.1289999932050705,0.11999999731779099,0.11999999731779099,0.11999999731779099,19800
2024-01-31,0.125,0.12600000202655792,0.11999999731779099,0.12600000202655792,0.12600000202655792,19400
2024-02-01,0.13300000131130219,0.13300000131130219,0.11999999731779099,0.125,0.125,58900
2024-02-02,0.13300000131130219,0.13300000131130219,0.12099999934434891,0.12300000339746475,0.12300000339746475,9800
2024-02-05,0.12700000405311584,0.13699999451637268,0.12700000405311584,0.13300000131130219,0.13300000131130219,80800
2024-02-06,0.12999999523162842,0.12999999523162842,0.12099999934434891,0.12999999523162842,0.12999999523162842,6900
2024-02-07,0.1340000033378601,0.1340000033378601,0.13300000131130219,0.13300000131130219,0.13300000131130219,39400
2024-02-08,0.1340000033378601,0.13600000739097595,0.13300000131130219,0.13600000739097595,0.13600000739097595,19800
2024-02-09,0.1379999965429306,0.1379999965429306,0.13099999725818634,0.13600000739097595,0.13600000739097595,14600
2024-02-12,0.12099999934434891,0.1289999932050705,0.12099999934434891,0.12300000339746475,0.12300000339746475,21200
2024-02-13,0.12399999797344208,0.12399999797344208,0.11400000005960464,0.11400000005960464,0.11400000005960464,65400
2024-02-14,0.1080000028014183,0.11100000143051147,0.10400000214576721,0.11100000143051147,0.11100000143051147,33000
2024-02-15,0.11299999803304672,0.11299999803304672,0.11100000143051147,0.11100000143051147,0.11100000143051147,8200
2024-02-16,0.11900000274181366,0.11900000274181366,0.11900000274181366,0.11900000274181366,0.11900000274181366,700
2024-02-20,0.11599999666213989,0.11800000071525574,0.1080000028014183,0.11800000071525574,0.11800000071525574,62800
2024-02-21,0.11500000208616257,0.11800000071525574,0.11400000005960464,0.11400000005960464,0.11400000005960464,8300
2024-02-22,0.11900000274181366,0.12099999934434891,0.11800000071525574,0.11800000071525574,0.11800000071525574,6200
2024-02-23,0.12399999797344208,0.12399999797344208,0.11800000071525574,0.11999999731779099,0.11999999731779099,17900
2024-02-26,0.11100000143051147,0.11100000143051147,0.11100000143051147,0.11100000143051147,0.11100000143051147,4600
2024-02-27,0.10999999940395355,0.11500000208616257,0.10999999940395355,0.11400000005960464,0.11400000005960464,62600
2024-02-28,0.11800000071525574,0.12300000339746475,0.11800000071525574,0.11900000274181366,0.11900000274181366,2200
2024-02-29,0.11299999803304672,0.11800000071525574,0.11299999803304672,0.11500000208616257,0.11500000208616257,32800
2024-03-01,0.11599999666213989,0.12099999934434891,0.11599999666213989,0.12099999934434891,0.12099999934434891,5600
2024-03-04,0.12300000339746475,0.1379999965429306,0.11800000071525574,0.125,0.125,86200
2024-03-05,0.12399999797344208,0.1289999932050705,0.12399999797344208,0.12600000202655792,0.12600000202655792,13100
2024-03-06,0.12600000202655792,0.13099999725818634,0.12600000202655792,0.1289999932050705,0.1289999932050705,46600
2024-03-07,0.1459999978542328,0.15000000596046448,0.13699999451637268,0.1420000046491623,0.1420000046491623,273200
2024-03-08,0.14300000667572021,0.14300000667572021,0.1340000033378601,0.13500000536441803,0.13500000536441803,80700
2024-03-11,0.13300000131130219,0.1420000046491623,0.13300000131130219,0.14100000262260437,0.14100000262260437,21200
2024-03-12,0.1379999965429306,0.14000000059604645,0.12999999523162842,0.13500000536441803,0.13500000536441803,151400
2024-03-13,0.13699999451637268,0.14000000059604645,0.13300000131130219,0.13600000739097595,0.13600000739097595,84800
2024-03-14,0.14000000059604645,0.14300000667572021,0.13099999725818634,0.13099999725818634,0.13099999725818634,22500
2024-03-15,0.13199999928474426,0.13199999928474426,0.13199999928474426,0.13199999928474426,0.13199999928474426,5500
2024-03-18,0.14000000059604645,0.14000000059604645,0.13099999725818634,0.13199999928474426,0.13199999928474426,48700
2024-03-19,0.13199999928474426,0.13300000131130219,0.12999999523162842,0.12999999523162842,0.12999999523162842,29400
2024-03-20,0.13199999928474426,0.1340000033378601,0.12999999523162842,0.1340000033378601,0.1340000033378601,42700
2024-03-21,0.12999999523162842,0.13199999928474426,0.12800000607967377,0.12999999523162842,0.12999999523162842,17200
2024-03-22,0.125,0.13099999725818634,0.12099999934434891,0.12099999934434891,0.12099999934434891,7200
2024-03-25,0.12399999797344208,0.12999999523162842,0.12300000339746475,0.12300000339746475,0.12300000339746475,17100
2024-03-26,0.12999999523162842,0.1379999965429306,0.12999999523162842,0.1379999965429306,0.1379999965429306,2200
2024-03-27,0.13199999928474426,0.13199999928474426,0.125,0.12999999523162842,0.12999999523162842,112800
2024-03-28,0.12999999523162842,0.14000000059604645,0.1289999932050705,0.14000000059604645,0.14000000059604645,76700
2024-04-01,0.14800000190734863,0.16500000655651093,0.14800000190734863,0.1599999964237213,0.1599999964237213,136600
2024-04-02,0.16099999845027924,0.17100000381469727,0.15000000596046448,0.16099999845027924,0.16099999845027924,120300
2024-04-03,0.1679999977350235,0.17100000381469727,0.1589999943971634,0.17100000381469727,0.17100000381469727,53200
2024-04-04,0.1720000058412552,0.18400000035762787,0.16599999368190765,0.18199999630451202,0.18199999630451202,336900
2024-04-05,0.17399999499320984,0.1770000010728836,0.17000000178813934,0.1720000058412552,0.1720000058412552,131400
2024-04-08,0.1679999977350235,0.17399999499320984,0.1679999977350235,0.17299999296665192,0.17299999296665192,77700
2024-04-09,0.17499999701976776,0.17499999701976776,0.17000000178813934,0.17100000381469727,0.17100000381469727,42700
2024-04-10,0.17499999701976776,0.17499999701976776,0.15800000727176666,0.16500000655651093,0.16500000655651093,205900
2024-04-11,0.1599999964237213,0.16699999570846558,0.1589999943971634,0.16099999845027924,0.16099999845027924,37700
2024-04-12,0.15299999713897705,0.1679999977350235,0.15299999713897705,0.16200000047683716,0.16200000047683716,146600
2024-04-15,0.16500000655651093,0.16500000655651093,0.16200000047683716,0.16200000047683716,0.16200000047683716,11600
2024-04-16,0.1589999943971634,0.164000004529953,0.15700000524520874,0.16200000047683716,0.16200000047683716,101400
2024-04-17,0.1679999977350235,0.1679999977350235,0.1509999930858612,0.1550000011920929,0.1550000011920929,66300
2024-04-18,0.15399999916553497,0.15800000727176666,0.1509999930858612,0.15600000321865082,0.15600000321865082,54500
2024-04-19,0.16699999570846558,0.16699999570846558,0.15800000727176666,0.1599999964237213,0.1599999964237213,40700
2024-04-22,0.15700000524520874,0.164000004529953,0.1509999930858612,0.15399999916553497,0.15399999916553497,76800
2024-04-23,0.15199999511241913,0.15199999511241913,0.1420000046491623,0.1420000046491623,0.1420000046491623,121100
2024-04-24,0.1459999978542328,0.1459999978542328,0.1459999978542328,0.1459999978542328,0.1459999978542328,10900
2024-04-25,0.14300000667572021,0.14300000667572021,0.13099999725818634,0.13500000536441803,0.13500000536441803,56600
2024-04-26,0.13600000739097595,0.14100000262260437,0.13600000739097595,0.14100000262260437,0.14100000262260437,68600
2024-04-29,0.14000000059604645,0.1509999930858612,0.14000000059604645,0.14900000393390656,0.14900000393390656,45300
2024-04-30,0.14499999582767487,0.14800000190734863,0.14100000262260437,0.14800000190734863,0.14800000190734863,4700
2024-05-01,0.1459999978542328,0.1459999978542328,0.14100000262260437,0.14100000262260437,0.14100000262260437,8000
2024-05-02,0.14000000059604645,0.1469999998807907,0.14000000059604645,0.1469999998807907,0.1469999998807907,17000
2024-05-03,0.1469999998807907,0.1469999998807907,0.1469999998807907,0.1469999998807907,0.1469999998807907,0
2024-05-06,0.1469999998807907,0.1509999930858612,0.1469999998807907,0.1469999998807907,0.1469999998807907,84400
2024-05-07,0.14399999380111694,0.14900000393390656,0.14300000667572021,0.14300000667572021,0.14300000667572021,352100
2024-05-08,0.14499999582767487,0.14499999582767487,0.14499999582767487,0.14499999582767487,0.14499999582767487,11000
2024-05-09,0.1420000046491623,0.14300000667572021,0.13099999725818634,0.14100000262260437,0.14100000262260437,58400
2024-05-10,0.15600000321865082,0.15600000321865082,0.13699999451637268,0.14499999582767487,0.14499999582767487,29500
2024-05-13,0.14499999582767487,0.14499999582767487,0.13899999856948853,0.14399999380111694,0.14399999380111694,37700
2024-05-14,0.1379999965429306,0.14300000667572021,0.1379999965429306,0.1420000046491623,0.1420000046491623,46600
2024-05-15,0.1459999978542328,0.1469999998807907,0.13899999856948853,0.14399999380111694,0.14399999380111694,66800
2024-05-16,0.14399999380111694,0.14399999380111694,0.13099999725818634,0.13699999451637268,0.13699999451637268,230100
2024-05-17,0.1340000033378601,0.14499999582767487,0.13300000131130219,0.1420000046491623,0.1420000046491623,58300
2024-05-20,0.15000000596046448,0.164000004529953,0.14800000190734863,0.16300000250339508,0.16300000250339508,82600
2024-05-21,0.15199999511241913,0.15199999511241913,0.14399999380111694,0.14499999582767487,0.14499999582767487,37600
2024-05-22,0.14499999582767487,0.1459999978542328,0.14399999380111694,0.1459999978542328,0.1459999978542328,73900
2024-05-23,0.14399999380111694,0.1469999998807907,0.13500000536441803,0.13500000536441803,0.13500000536441803,77100
2024-05-24,0.1379999965429306,0.1459999978542328,0.1340000033378601,0.14399999380111694,0.14399999380111694,39100
2024-05-28,0.1459999978542328,0.15299999713897705,0.1340000033378601,0.1420000046491623,0.1420000046491623,36600
2024-05-29,0.14499999582767487,0.14499999582767487,0.1340000033378601,0.13699999451637268,0.13699999451637268,32300
2024-05-30,0.14000000059604645,0.14000000059604645,0.13600000739097595,0.14000000059604645,0.14000000059604645,50700
2024-05-31,0.14900000393390656,0.14900000393390656,0.1379999965429306,0.1469999998807907,0.1469999998807907,7000
2024-06-03,0.13699999451637268,0.14100000262260437,0.13699999451637268,0.13699999451637268,0.13699999451637268,9000
2024-06-04,0.12999999523162842,0.12999999523162842,0.125,0.12600000202655792,0.12600000202655792,24200
2024-06-05,0.1289999932050705,0.12999999523162842,0.12700000405311584,0.12999999523162842,0.12999999523162842,32700
2024-06-06,0.1340000033378601,0.13600000739097595,0.13300000131130219,0.13300000131130219,0.13300000131130219,13900
2024-06-07,0.13600000739097595,0.13600000739097595,0.1289999932050705,0.1289999932050705,0.1289999932050705,31400
2024-06-10,0.13099999725818634,0.13600000739097595,0.13099999725818634,0.13500000536441803,0.13500000536441803,12500
2024-06-11,0.13099999725818634,0.13500000536441803,0.13099999725818634,0.13199999928474426,0.13199999928474426,4600
2024-06-12,0.13199999928474426,0.13500000536441803,0.12999999523162842,0.13500000536441803,0.13500000536441803,16900
2024-06-13,0.12300000339746475,0.13300000131130219,0.12300000339746475,0.12999999523162842,0.12999999523162842,44700
2024-06-14,0.12600000202655792,0.13300000131130219,0.12600000202655792,0.13300000131130219,0.13300000131130219,23000
2024-06-17,0.11599999666213989,0.12600000202655792,0.11400000005960464,0.11400000005960464,0.11400000005960464,23500
2024-06-18,0.11500000208616257,0.11800000071525574,0.10599999874830246,0.11599999666213989,0.11599999666213989,171000
2024-06-20,0.12200000137090683,0.12200000137090683,0.11699999868869781,0.11800000071525574,0.11800000071525574,67000
2024-06-21,0.12200000137090683,0.13600000739097595,0.09600000083446503,0.12099999934434891,0.12099999934434891,552300
2024-06-24,0.13600000739097595,0.14100000262260437,0.12999999523162842,0.13699999451637268,0.13699999451637268,242800
2024-06-25,0.1459999978542328,0.1459999978542328,0.125,0.12999999523162842,0.12999999523162842,99100
2024-06-26,0.12700000405311584,0.12700000405311584,0.12099999934434891,0.125,0.125,52500
2024-06-27,0.125,0.125,0.12099999934434891,0.125,0.125,9500
2024-06-28,0.12300000339746475,0.12300000339746475,0.12099999934434891,0.12099999934434891,0.12099999934434891,17500
2024-07-01,0.12200000137090683,0.12200000137090683,0.10999999940395355,0.11699999868869781,0.11699999868869781,96800
2024-07-02,0.11400000005960464,0.11999999731779099,0.11400000005960464,0.11999999731779099,0.11999999731779099,14000
2024-07-03,0.12099999934434891,0.1289999932050705,0.12099999934434891,0.1289999932050705,0.1289999932050705,117300
2024-07-05,0.1289999932050705,0.12999999523162842,0.12399999797344208,0.12399999797344208,0.12399999797344208,67600
2024-07-08,0.1289999932050705,0.12999999523162842,0.12600000202655792,0.1289999932050705,0.1289999932050705,17300
2024-07-09,0.12999999523162842,0.12999999523162842,0.12999999523162842,0.12999999523162842,0.12999999523162842,2400
2024-07-10,0.12600000202655792,0.13099999725818634,0.12600000202655792,0.13099999725818634,0.13099999725818634,52400
2024-07-11,0.12999999523162842,0.1550000011920929,0.12999999523162842,0.1550000011920929,0.1550000011920929,374000
2024-07-12,0.15700000524520874,0.16500000655651093,0.15299999713897705,0.1589999943971634,0.1589999943971634,99100
2024-07-15,0.1589999943971634,0.16300000250339508,0.15399999916553497,0.16300000250339508,0.16300000250339508,116500
2024-07-16,0.16099999845027924,0.16300000250339508,0.1509999930858612,0.16300000250339508,0.16300000250339508,73300
2024-07-17,0.15000000596046448,0.1509999930858612,0.13300000131130219,0.1340000033378601,0.1340000033378601,436000
2024-07-18,0.13300000131130219,0.13300000131130219,0.12300000339746475,0.12600000202655792,0.12600000202655792,45100
2024-07-19,0.125,0.12800000607967377,0.12399999797344208,0.12399999797344208,0.12399999797344208,92400
2024-07-22,0.13099999725818634,0.13099999725818634,0.12999999523162842,0.12999999523162842,0.12999999523162842,17700
2024-07-23,0.12800000607967377,0.1289999932050705,0.12600000202655792,0.1289999932050705,0.1289999932050705,28500
2024-07-24,0.12399999797344208,0.1289999932050705,0.11999999731779099,0.1289999932050705,0.1289999932050705,86000
2024-07-25,0.12099999934434891,0.12099999934434891,0.11500000208616257,0.11999999731779099,0.11999999731779099,174200
2024-07-26,0.11500000208616257,0.125,0.11500000208616257,0.125,0.125,55300
2024-07-29,0.12999999523162842,0.12999999523162842,0.11500000208616257,0.11599999666213989,0.11599999666213989,87000
2024-07-30,0.11800000071525574,0.125,0.11599999666213989,0.125,0.125,161600
2024-07-31,0.11800000071525574,0.12300000339746475,0.11599999666213989,0.11900000274181366,0.11900000274181366,37400
2024-08-01,0.11999999731779099,0.11999999731779099,0.11500000208616257,0.11900000274181366,0.11900000274181366,20100
2024-08-02,0.11999999731779099,0.11999999731779099,0.0989999994635582,0.10400000214576721,0.10400000214576721,143600
2024-08-05,0.11299999803304672,0.11500000208616257,0.10899999737739563,0.11500000208616257,0.11500000208616257,72600
2024-08-06,0.11299999803304672,0.11699999868869781,0.10499999672174454,0.11100000143051147,0.11100000143051147,153300
2024-08-07,0.10899999737739563,0.10899999737739563,0.10400000214576721,0.10700000077486038,0.10700000077486038,41000
2024-08-08,0.10400000214576721,0.10999999940395355,0.10000000149011612,0.10400000214576721,0.10400000214576721,20100
2024-08-09,0.10599999874830246,0.10700000077486038,0.10400000214576721,0.10400000214576721,0.10400000214576721,69000
2024-08-12,0.10199999809265137,0.10999999940395355,0.10000000149011612,0.10899999737739563,0.10899999737739563,143600
2024-08-13,0.10599999874830246,0.10999999940395355,0.10100000351667404,0.10700000077486038,0.10700000077486038,17500
2024-08-14,0.10999999940395355,0.10999999940395355,0.10899999737739563,0.10999999940395355,0.10999999940395355,37100
2024-08-15,0.10999999940395355,0.10999999940395355,0.10300000011920929,0.1080000028014183,0.1080000028014183,126200
2024-08-16,0.10400000214576721,0.12600000202655792,0.10400000214576721,0.12600000202655792,0.12600000202655792,303100
2024-08-19,0.12700000405311584,0.12700000405311584,0.1080000028014183,0.11400000005960464,0.11400000005960464,44900
2024-08-20,0.12099999934434891,0.12300000339746475,0.11500000208616257,0.11900000274181366,0.11900000274181366,97200
2024-08-21,0.11999999731779099,0.12099999934434891,0.11299999803304672,0.12099999934434891,0.12099999934434891,17300
2024-08-22,0.11299999803304672,0.11900000274181366,0.11299999803304672,0.11800000071525574,0.11800000071525574,25800
2024-08-23,0.11400000005960464,0.12200000137090683,0.11400000005960464,0.12200000137090683,0.12200000137090683,10300
2024-08-26,0.10199999809265137,0.12099999934434891,0.10199999809265137,0.11500000208616257,0.11500000208616257,65600
2024-08-27,0.10199999809265137,0.11999999731779099,0.10199999809265137,0.11999999731779099,0.11999999731779099,130300
2024-08-28,0.11599999666213989,0.11599999666213989,0.10599999874830246,0.1120000034570694,0.1120000034570694,85100
2024-08-29,0.10999999940395355,0.11400000005960464,0.10999999940395355,0.1120000034570694,0.1120000034570694,98000
2024-08-30,0.10999999940395355,0.1120000034570694,0.10700000077486038,0.1120000034570694,0.1120000034570694,29000
2024-09-03,0.09600000083446503,0.11999999731779099,0.09600000083446503,0.11100000143051147,0.11100000143051147,30000
2024-09-04,0.1120000034570694,0.11400000005960464,0.11100000143051147,0.11400000005960464,0.11400000005960464,12400
2024-09-05,0.11500000208616257,0.11500000208616257,0.11500000208616257,0.11500000208616257,0.11500000208616257,200
2024-09-06,0.11500000208616257,0.11900000274181366,0.10599999874830246,0.10599999874830246,0.10599999874830246,10100
2024-09-09,0.11500000208616257,0.11599999666213989,0.10599999874830246,0.11599999666213989,0.11599999666213989,25700
2024-09-10,0.11999999731779099,0.11999999731779099,0.10599999874830246,0.11299999803304672,0.11299999803304672,2800
2024-09-11,0.11999999731779099,0.11999999731779099,0.10599999874830246,0.11100000143051147,0.11100000143051147,28000
2024-09-12,0.11900000274181366,0.11999999731779099,0.11599999666213989,0.11900000274181366,0.11900000274181366,54100
2024-09-13,0.11999999731779099,0.125,0.11900000274181366,0.12099999934434891,0.12099999934434891,181400
2024-09-16,0.12099999934434891,0.12099999934434891,0.10100000351667404,0.11500000208616257,0.11500000208616257,38900
2024-09-17,0.11800000071525574,0.12300000339746475,0.11800000071525574,0.12300000339746475,0.12300000339746475,62900
2024-09-18,0.11599999666213989,0.12099999934434891,0.10999999940395355,0.10999999940395355,0.10999999940395355,18500
2024-09-19,0.11999999731779099,0.13199999928474426,0.11500000208616257,0.12600000202655792,0.12600000202655792,308000
2024-09-20,0.12600000202655792,0.13199999928474426,0.12099999934434891,0.1289999932050705,0.1289999932050705,42500
2024-09-23,0.13500000536441803,0.13500000536441803,0.12600000202655792,0.12700000405311584,0.12700000405311584,118900
2024-09-24,0.12200000137090683,0.13899999856948853,0.12200000137090683,0.1340000033378601,0.1340000033378601,272600
2024-09-25,0.13199999928474426,0.13199999928474426,0.12600000202655792,0.12600000202655792,0.12600000202655792,120800
2024-09-26,0.12800000607967377,0.1340000033378601,0.12800000607967377,0.13199999928474426,0.13199999928474426,79500
2024-09-27,0.12700000405311584,0.14800000190734863,0.12700000405311584,0.13699999451637268,0.13699999451637268,192800
2024-09-30,0.13899999856948853,0.14000000059604645,0.13099999725818634,0.13099999725818634,0.13099999725818634,110000
2024-10-01,0.13600000739097595,0.1420000046491623,0.12999999523162842,0.1340000033378601,0.1340000033378601,31100
2024-10-02,0.13300000131130219,0.13899999856948853,0.13300000131130219,0.13899999856948853,0.13899999856948853,28500
2024-10-03,0.13300000131130219,0.13300000131130219,0.12800000607967377,0.13099999725818634,0.13099999725818634,17900
2024-10-04,0.13500000536441803,0.14800000190734863,0.1340000033378601,0.14800000190734863,0.14800000190734863,286500
2024-10-07,0.1509999930858612,0.1509999930858612,0.13500000536441803,0.1459999978542328,0.1459999978542328,135100
2024-10-08,0.14499999582767487,0.14499999582767487,0.13699999451637268,0.14000000059604645,0.14000000059604645,28600
2024-10-09,0.14399999380111694,0.14399999380111694,0.14000000059604645,0.14000000059604645,0.14000000059604645,2800
2024-10-10,0.14000000059604645,0.15000000596046448,0.13500000536441803,0.14300000667572021,0.14300000667572021,158700
2024-10-11,0.15000000596046448,0.1850000023841858,0.15000000596046448,0.1599999964237213,0.1599999964237213,332900
2024-10-14,0.1679999977350235,0.1720000058412552,0.16099999845027924,0.1679999977350235,0.1679999977350235,80100
2024-10-15,0.16599999368190765,0.16899999976158142,0.15000000596046448,0.15000000596046448,0.15000000596046448,242700
2024-10-16,0.15299999713897705,0.15299999713897705,0.13500000536441803,0.13500000536441803,0.13500000536441803,35000
2024-10-17,0.15000000596046448,0.16200000047683716,0.15000000596046448,0.16200000047683716,0.16200000047683716,50200
2024-10-18,0.15000000596046448,0.16899999976158142,0.15000000596046448,0.16899999976158142,0.16899999976158142,188900
2024-10-21,0.17000000178813934,0.1770000010728836,0.1589999943971634,0.1770000010728836,0.1770000010728836,80400
2024-10-22,0.1899999976158142,0.20499999821186066,0.16699999570846558,0.1899999976158142,0.1899999976158142,224600
2024-10-23,0.1889999955892563,0.19300000369548798,0.17800000309944153,0.1889999955892563,0.1889999955892563,92500
2024-10-24,0.19099999964237213,0.20000000298023224,0.17800000309944153,0.17800000309944153,0.17800000309944153,88400
2024-10-25,0.1979999989271164,0.2070000022649765,0.1899999976158142,0.19699999690055847,0.19699999690055847,212600
2024-10-28,0.2529999911785126,0.2529999911785126,0.19099999964237213,0.20999999344348907,0.20999999344348907,110600
2024-10-29,0.19900000095367432,0.2199999988079071,0.19900000095367432,0.2199999988079071,0.2199999988079071,241400
2024-10-30,0.2160000056028366,0.2160000056028366,0.1899999976158142,0.19099999964237213,0.19099999964237213,105100
2024-10-31,0.2199999988079071,0.2199999988079071,0.16200000047683716,0.1679999977350235,0.1679999977350235,353000
2024-11-01,0.1679999977350235,0.18199999630451202,0.1679999977350235,0.1720000058412552,0.1720000058412552,84700
2024-11-04,0.17000000178813934,0.17000000178813934,0.15600000321865082,0.16200000047683716,0.16200000047683716,60700
2024-11-05,0.15000000596046448,0.16099999845027924,0.15000000596046448,0.15700000524520874,0.15700000524520874,36700
2024-11-06,0.15000000596046448,0.17000000178813934,0.1340000033378601,0.1679999977350235,0.1679999977350235,95400
2024-11-07,0.16099999845027924,0.17800000309944153,0.16099999845027924,0.17800000309944153,0.17800000309944153,37400
2024-11-08,0.16500000655651093,0.1770000010728836,0.16300000250339508,0.16300000250339508,0.16300000250339508,50600
2024-11-11,0.16300000250339508,0.16500000655651093,0.1459999978542328,0.1589999943971634,0.1589999943971634,60800
2024-11-12,0.17399999499320984,0.17399999499320984,0.15299999713897705,0.15800000727176666,0.15800000727176666,17600
2024-11-13,0.14900000393390656,0.15800000727176666,0.1469999998807907,0.15399999916553497,0.15399999916553497,26500
2024-11-14,0.1550000011920929,0.1550000011920929,0.1459999978542328,0.15199999511241913,0.15199999511241913,12200
2024-11-15,0.15299999713897705,0.15700000524520874,0.15000000596046448,0.15199999511241913,0.15199999511241913,51300
2024-11-18,0.15000000596046448,0.16699999570846558,0.15000000596046448,0.16200000047683716,0.16200000047683716,34600
2024-11-19,0.16200000047683716,0.164000004529953,0.1599999964237213,0.164000004529953,0.164000004529953,21000
2024-11-20,0.15299999713897705,0.1599999964237213,0.1469999998807907,0.1469999998807907,0.1469999998807907,32600
2024-11-21,0.14399999380111694,0.1459999978542328,0.13199999928474426,0.13899999856948853,0.13899999856948853,63200
2024-11-22,0.13600000739097595,0.14399999380111694,0.13600000739097595,0.14100000262260437,0.14100000262260437,41500
2024-11-25,0.15399999916553497,0.1589999943971634,0.1459999978542328,0.15000000596046448,0.15000000596046448,25200
2024-11-26,0.14499999582767487,0.1469999998807907,0.14499999582767487,0.1469999998807907,0.1469999998807907,65500
2024-11-27,0.15000000596046448,0.15600000321865082,0.15000000596046448,0.1509999930858612,0.1509999930858612,19800
2024-11-29,0.14499999582767487,0.14499999582767487,0.14499999582767487,0.14499999582767487,0.14499999582767487,1000
2024-12-02,0.14800000190734863,0.14900000393390656,0.13500000536441803,0.1379999965429306,0.1379999965429306,99500
2024-12-03,0.14000000059604645,0.17299999296665192,0.14000000059604645,0.15700000524520874,0.15700000524520874,107000
2024-12-04,0.15700000524520874,0.15800000727176666,0.1379999965429306,0.14100000262260437,0.14100000262260437,99500
2024-12-05,0.13899999856948853,0.1420000046491623,0.1340000033378601,0.1340000033378601,0.1340000033378601,14000
2024-12-06,0.13500000536441803,0.14100000262260437,0.13500000536441803,0.14100000262260437,0.14100000262260437,13000
2024-12-09,0.1420000046491623,0.1459999978542328,0.14000000059604645,0.14499999582767487,0.14499999582767487,105300
2024-12-10,0.1509999930858612,0.1509999930858612,0.14000000059604645,0.14100000262260437,0.14100000262260437,53100
2024-12-11,0.14000000059604645,0.15000000596046448,0.14000000059604645,0.14000000059604645,0.14000000059604645,48900
2024-12-12,0.14000000059604645,0.1420000046491623,0.125,0.125,0.125,80700
2024-12-13,0.13099999725818634,0.1459999978542328,0.13099999725818634,0.1459999978542328,0.1459999978542328,5000
2024-12-16,0.13099999725818634,0.14499999582767487,0.12399999797344208,0.12999999523162842,0.12999999523162842,182200
2024-12-17,0.12800000607967377,0.13300000131130219,0.125,0.12800000607967377,0.12800000607967377,57800
2024-12-18,0.13099999725818634,0.13099999725818634,0.12200000137090683,0.12300000339746475,0.12300000339746475,44400
2024-12-19,0.12800000607967377,0.12800000607967377,0.10999999940395355,0.11500000208616257,0.11500000208616257,145200
2024-12-20,0.10999999940395355,0.12399999797344208,0.10999999940395355,0.12399999797344208,0.12399999797344208,53600
2024-12-23,0.11299999803304672,0.11599999666213989,0.10899999737739563,0.1120000034570694,0.1120000034570694,32600
2024-12-24,0.10899999737739563,0.12399999797344208,0.10899999737739563,0.12399999797344208,0.12399999797344208,4800
2024-12-26,0.11500000208616257,0.11599999666213989,0.10999999940395355,0.11599999666213989,0.11599999666213989,13400
2024-12-27,0.12700000405311584,0.12700000405311584,0.12700000405311584,0.12700000405311584,0.12700000405311584,6600
2024-12-30,0.125,0.1340000033378601,0.11999999731779099,0.11999999731779099,0.11999999731779099,23400
2024-12-31,0.11800000071525574,0.12999999523162842,0.11800000071525574,0.12999999523162842,0.12999999523162842,31100
2025-01-02,0.12600000202655792,0.12999999523162842,0.11999999731779099,0.11999999731779099,0.11999999731779099,28300
2025-01-03,0.14000000059604645,0.14000000059604645,0.12800000607967377,0.13899999856948853,0.13899999856948853,8400
2025-01-06,0.13099999725818634,0.13600000739097595,0.12999999523162842,0.13199999928474426,0.13199999928474426,42500
2025-01-07,0.12999999523162842,0.14300000667572021,0.12999999523162842,0.14300000667572021,0.14300000667572021,5100
2025-01-08,0.1420000046491623,0.1420000046491623,0.13199999928474426,0.13199999928474426,0.13199999928474426,2400
2025-01-10,0.13199999928474426,0.13199999928474426,0.1289999932050705,0.13199999928474426,0.13199999928474426,21500
2025-01-13,0.1340000033378601,0.1340000033378601,0.12099999934434891,0.12700000405311584,0.12700000405311584,26700
2025-01-14,0.13099999725818634,0.13099999725818634,0.12700000405311584,0.12700000405311584,0.12700000405311584,38900
2025-01-15,0.13099999725818634,0.1379999965429306,0.12999999523162842,0.13500000536441803,0.13500000536441803,77800
2025-01-16,0.13899999856948853,0.14499999582767487,0.12399999797344208,0.14000000059604645,0.14000000059604645,384000
2025-01-17,0.13899999856948853,0.14000000059604645,0.1340000033378601,0.13699999451637268,0.13699999451637268,79500
2025-01-21,0.1469999998807907,0.16500000655651093,0.1379999965429306,0.1379999965429306,0.1379999965429306,342500
2025-01-22,0.15000000596046448,0.164000004529953,0.14900000393390656,0.1599999964237213,0.1599999964237213,65100
2025-01-23,0.16200000047683716,0.164000004529953,0.14100000262260437,0.14800000190734863,0.14800000190734863,266300
2025-01-24,0.14800000190734863,0.15199999511241913,0.1469999998807907,0.15199999511241913,0.15199999511241913,53900
2025-01-27,0.1509999930858612,0.1589999943971634,0.1459999978542328,0.1509999930858612,0.1509999930858612,153600
2025-01-28,0.1509999930858612,0.1509999930858612,0.1379999965429306,0.14399999380111694,0.14399999380111694,159700
2025-01-29,0.14499999582767487,0.15000000596046448,0.14000000059604645,0.14499999582767487,0.14499999582767487,158400
2025-01-30,0.1459999978542328,0.1459999978542328,0.1289999932050705,0.1379999965429306,0.1379999965429306,299900
2025-01-31,0.13699999451637268,0.14100000262260437,0.13199999928474426,0.13199999928474426,0.13199999928474426,95200
2025-02-03,0.1340000033378601,0.14100000262260437,0.13300000131130219,0.13699999451637268,0.13699999451637268,116500
2025-02-04,0.13899999856948853,0.14000000059604645,0.13699999451637268,0.14000000059604645,0.14000000059604645,103400
2025-02-05,0.15299999713897705,0.15299999713897705,0.13199999928474426,0.13300000131130219,0.13300000131130219,226200
2025-02-06,0.1379999965429306,0.1379999965429306,0.125,0.13500000536441803,0.13500000536441803,92600
2025-02-07,0.13300000131130219,0.1340000033378601,0.12800000607967377,0.13099999725818634,0.13099999725818634,101900
2025-02-10,0.12999999523162842,0.13699999451637268,0.12999999523162842,0.13600000739097595,0.13600000739097595,101200
2025-02-11,0.13500000536441803,0.1459999978542328,0.13199999928474426,0.1459999978542328,0.1459999978542328,163200
2025-02-12,0.14000000059604645,0.1459999978542328,0.13500000536441803,0.13899999856948853,0.13899999856948853,150000
2025-02-13,0.14100000262260437,0.14100000262260437,0.1340000033378601,0.14100000262260437,0.14100000262260437,67000
2025-02-14,0.14100000262260437,0.1469999998807907,0.1340000033378601,0.14399999380111694,0.14399999380111694,198000
2025-02-18,0.13600000739097595,0.1469999998807907,0.12800000607967377,0.14399999380111694,0.14399999380111694,224500
2025-02-19,0.13500000536441803,0.15199999511241913,0.13500000536441803,0.1459999978542328,0.1459999978542328,426400
2025-02-20,0.15199999511241913,0.15700000524520874,0.1469999998807907,0.15700000524520874,0.15700000524520874,341400
2025-02-21,0.15700000524520874,0.15700000524520874,0.14800000190734863,0.14900000393390656,0.14900000393390656,122300
2025-02-24,0.14800000190734863,0.15199999511241913,0.14800000190734863,0.14800000190734863,0.14800000190734863,52400
2025-02-25,0.1420000046491623,0.1469999998807907,0.13699999451637268,0.14100000262260437,0.14100000262260437,90800
2025-02-26,0.13899999856948853,0.14000000059604645,0.13899999856948853,0.14000000059604645,0.14000000059604645,12000
2025-02-27,0.14100000262260437,0.14100000262260437,0.12700000405311584,0.12800000607967377,0.12800000607967377,175400
2025-02-28,0.13199999928474426,0.13500000536441803,0.12300000339746475,0.1289999932050705,0.1289999932050705,55000
2025-03-03,0.12300000339746475,0.12800000607967377,0.12300000339746475,0.12700000405311584,0.12700000405311584,8500
2025-03-04,0.125,0.12600000202655792,0.12399999797344208,0.12399999797344208,0.12399999797344208,37300
2025-03-05,0.1379999965429306,0.14900000393390656,0.12300000339746475,0.14900000393390656,0.14900000393390656,36800
2025-03-06,0.14000000059604645,0.14000000059604645,0.1340000033378601,0.14000000059604645,0.14000000059604645,4200
2025-03-07,0.14300000667572021,0.14300000667572021,0.13099999725818634,0.13500000536441803,0.13500000536441803,2700
2025-03-10,0.13099999725818634,0.13899999856948853,0.12600000202655792,0.13899999856948853,0.13899999856948853,88400
2025-03-11,0.13300000131130219,0.14800000190734863,0.13300000131130219,0.14100000262260437,0.14100000262260437,34700
2025-03-12,0.1420000046491623,0.14900000393390656,0.13600000739097595,0.14399999380111694,0.14399999380111694,16800
2025-03-13,0.14399999380111694,0.1589999943971634,0.14399999380111694,0.1550000011920929,0.1550000011920929,136800
2025-03-14,0.15000000596046448,0.1589999943971634,0.14499999582767487,0.1589999943971634,0.1589999943971634,71100
2025-03-17,0.15199999511241913,0.15399999916553497,0.1420000046491623,0.15000000596046448,0.15000000596046448,199400
2025-03-18,0.1420000046491623,0.1420000046491623,0.1340000033378601,0.13699999451637268,0.13699999451637268,168300
2025-03-19,0.14000000059604645,0.14000000059604645,0.12999999523162842,0.1379999965429306,0.1379999965429306,124300
2025-03-20,0.12300000339746475,0.1379999965429306,0.11900000274181366,0.1379999965429306,0.1379999965429306,77700
2025-03-21,0.14000000059604645,0.1459999978542328,0.13899999856948853,0.14100000262260437,0.14100000262260437,74300
2025-03-24,0.15000000596046448,0.15000000596046448,0.14000000059604645,0.14300000667572021,0.14300000667572021,62300
2025-03-25,0.14800000190734863,0.15000000596046448,0.14499999582767487,0.15000000596046448,0.15000000596046448,136100
2025-03-26,0.1459999978542328,0.15000000596046448,0.14000000059604645,0.14100000262260437,0.14100000262260437,41800
2025-03-27,0.14000000059604645,0.14800000190734863,0.14000000059604645,0.1459999978542328,0.1459999978542328,76300
2025-03-28,0.15000000596046448,0.15000000596046448,0.1379999965429306,0.14900000393390656,0.14900000393390656,82200
2025-03-31,0.13899999856948853,0.15000000596046448,0.12999999523162842,0.13600000739097595,0.13600000739097595,254900
2025-04-01,0.13300000131130219,0.1379999965429306,0.13300000131130219,0.13600000739097595,0.13600000739097595,4100
2025-04-02,0.14000000059604645,0.14300000667572021,0.14000000059604645,0.14300000667572021,0.14300000667572021,5800
2025-04-03,0.13300000131130219,0.14000000059604645,0.13099999725818634,0.14000000059604645,0.14000000059604645,140400
2025-04-04,0.12399999797344208,0.13199999928474426,0.11500000208616257,0.11800000071525574,0.11800000071525574,85400
2025-04-07,0.11299999803304672,0.11800000071525574,0.10999999940395355,0.11500000208616257,0.11500000208616257,139400
2025-04-08,0.1120000034570694,0.11400000005960464,0.10899999737739563,0.10899999737739563,0.10899999737739563,185000
2025-04-09,0.10999999940395355,0.11500000208616257,0.10300000011920929,0.11500000208616257,0.11500000208616257,127100
2025-04-10,0.11400000005960464,0.11800000071525574,0.1120000034570694,0.11800000071525574,0.11800000071525574,264700
2025-04-11,0.12099999934434891,0.12700000405311584,0.11800000071525574,0.12700000405311584,0.12700000405311584,92300
2025-04-14,0.12999999523162842,0.1379999965429306,0.12600000202655792,0.13500000536441803,0.13500000536441803,59500
2025-04-15,0.1340000033378601,0.14300000667572021,0.125,0.13300000131130219,0.13300000131130219,135200
2025-04-16,0.1469999998807907,0.14900000393390656,0.12999999523162842,0.12999999523162842,0.12999999523162842,216900
2025-04-17,0.1469999998807907,0.1469999998807907,0.125,0.13300000131130219,0.13300000131130219,34300
2025-04-21,0.13300000131130219,0.14900000393390656,0.13099999725818634,0.13600000739097595,0.13600000739097595,30700
2025-04-22,0.1459999978542328,0.1459999978542328,0.1289999932050705,0.13099999725818634,0.13099999725818634,47400
2025-04-23,0.13099999725818634,0.13199999928474426,0.12999999523162842,0.13099999725818634,0.13099999725818634,38800
2025-04-24,0.13199999928474426,0.1340000033378601,0.12800000607967377,0.12999999523162842,0.12999999523162842,26600
2025-04-25,0.12999999523162842,0.13300000131130219,0.12999999523162842,0.13099999725818634,0.13099999725818634,15700
2025-04-28,0.1340000033378601,0.1340000033378601,0.1340000033378601,0.1340000033378601,0.1340000033378601,3700
2025-04-29,0.1340000033378601,0.1340000033378601,0.1340000033378601,0.1340000033378601,0.1340000033378601,0
2025-04-30,0.12800000607967377,0.13600000739097595,0.12800000607967377,0.13199999928474426,0.13199999928474426,65400
2025-05-01,0.1289999932050705,0.13199999928474426,0.12099999934434891,0.12099999934434891,0.12099999934434891,78300
2025-05-02,0.11999999731779099,0.13600000739097595,0.11999999731779099,0.1340000033378601,0.1340000033378601,92200
2025-05-05,0.12700000405311584,0.12700000405311584,0.12700000405311584,0.12700000405311584,0.12700000405311584,1000
2025-05-06,0.12399999797344208,0.125,0.12200000137090683,0.12200000137090683,0.12200000137090683,40700
2025-05-07,0.12399999797344208,0.12800000607967377,0.11999999731779099,0.12800000607967377,0.12800000607967377,28200
2025-05-08,0.12800000607967377,0.12800000607967377,0.12800000607967377,0.12800000607967377,0.12800000607967377,0
2025-05-09,0.125,0.1289999932050705,0.12099999934434891,0.1289999932050705,0.1289999932050705,70500
2025-05-12,0.1289999932050705,0.1289999932050705,0.11999999731779099,0.12200000137090683,0.12200000137090683,36300
2025-05-13,0.12700000405311584,0.13500000536441803,0.12700000405311584,0.13500000536441803,0.13500000536441803,128600
2025-05-14,0.13500000536441803,0.13500000536441803,0.12399999797344208,0.13099999725818634,0.13099999725818634,42300
2025-05-15,0.13099999725818634,0.13500000536441803,0.13099999725818634,0.13500000536441803,0.13500000536441803,10700
2025-05-16,0.13199999928474426,0.13600000739097595,0.13199999928474426,0.13600000739097595,0.13600000739097595,25700
2025-05-19,0.13600000739097595,0.13600000739097595,0.12800000607967377,0.12800000607967377,0.12800000607967377,26000
2025-05-20,0.12999999523162842,0.13699999451637268,0.12999999523162842,0.13699999451637268,0.13699999451637268,72400
2025-05-21,0.13300000131130219,0.15000000596046448,0.13300000131130219,0.14499999582767487,0.14499999582767487,62100
2025-05-22,0.14499999582767487,0.14499999582767487,0.1420000046491623,0.14399999380111694,0.14399999380111694,22300
2025-05-23,0.1459999978542328,0.1459999978542328,0.14300000667572021,0.14300000667572021,0.14300000667572021,12600
2025-05-27,0.14300000667572021,0.1469999998807907,0.13699999451637268,0.14000000059604645,0.14000000059604645,179500
2025-05-28,0.13300000131130219,0.14499999582767487,0.13300000131130219,0.14499999582767487,0.14499999582767487,78800
2025-05-29,0.14000000059604645,0.14100000262260437,0.14000000059604645,0.14100000262260437,0.14100000262260437,31000
2025-05-30,0.1420000046491623,0.1420000046491623,0.1379999965429306,0.13899999856948853,0.13899999856948853,102100
2025-06-02,0.14000000059604645,0.1550000011920929,0.14000000059604645,0.1550000011920929,0.1550000011920929,278700
2025-06-03,0.15800000727176666,0.1589999943971634,0.15299999713897705,0.15800000727176666,0.15800000727176666,35500
2025-06-04,0.1550000011920929,0.1589999943971634,0.15000000596046448,0.15700000524520874,0.15700000524520874,85500
2025-06-05,0.1599999964237213,0.16200000047683716,0.15000000596046448,0.15800000727176666,0.15800000727176666,216000
2025-06-06,0.16200000047683716,0.16500000655651093,0.15299999713897705,0.16300000250339508,0.16300000250339508,117400
2025-06-09,0.16300000250339508,0.1720000058412552,0.14900000393390656,0.17100000381469727,0.17100000381469727,119400
2025-06-10,0.17900000512599945,0.17900000512599945,0.1589999943971634,0.1589999943971634,0.1589999943971634,46100
2025-06-11,0.17000000178813934,0.17000000178813934,0.16200000047683716,0.17000000178813934,0.17000000178813934,98300
2025-06-12,0.17000000178813934,0.17800000309944153,0.17000000178813934,0.1770000010728836,0.1770000010728836,117000
2025-06-13,0.18299999833106995,0.20000000298023224,0.1679999977350235,0.1679999977350235,0.1679999977350235,192900
2025-06-16,0.1770000010728836,0.18000000715255737,0.17299999296665192,0.17599999904632568,0.17599999904632568,28200
2025-06-17,0.18799999356269836,0.20000000298023224,0.18700000643730164,0.19499999284744263,0.19499999284744263,49700
2025-06-18,0.1899999976158142,0.19200000166893005,0.1850000023841858,0.19200000166893005,0.19200000166893005,55100
2025-06-20,0.18199999630451202,0.18199999630451202,0.16699999570846558,0.16699999570846558,0.16699999570846558,130300
2025-06-23,0.1720000058412552,0.18299999833106995,0.16699999570846558,0.16699999570846558,0.16699999570846558,48300
2025-06-24,0.17299999296665192,0.17299999296665192,0.16300000250339508,0.16599999368190765,0.16599999368190765,37800
2025-06-25,0.1599999964237213,0.16599999368190765,0.1599999964237213,0.1599999964237213,0.1599999964237213,78700
2025-06-26,0.164000004529953,0.164000004529953,0.15399999916553497,0.15399999916553497,0.15399999916553497,196400
2025-06-27,0.15700000524520874,0.15800000727176666,0.15199999511241913,0.15299999713897705,0.15299999713897705,69000
2025-06-30,0.1509999930858612,0.15299999713897705,0.14900000393390656,0.15199999511241913,0.15199999511241913,52200
2025-07-01,0.15000000596046448,0.15299999713897705,0.15000000596046448,0.15299999713897705,0.15299999713897705,65000
2025-07-02,0.15000000596046448,0.16699999570846558,0.15000000596046448,0.1509999930858612,0.1509999930858612,58500
2025-07-03,0.164000004529953,0.164000004529953,0.1550000011920929,0.1599999964237213,0.1599999964237213,51200
2025-07-07,0.17100000381469727,0.17100000381469727,0.14900000393390656,0.16200000047683716,0.16200000047683716,29200
2025-07-08,0.17000000178813934,0.17000000178813934,0.15299999713897705,0.15800000727176666,0.15800000727176666,94000
2025-07-09,0.1599999964237213,0.1599999964237213,0.15299999713897705,0.1550000011920929,0.1550000011920929,4000
2025-07-10,0.1589999943971634,0.1589999943971634,0.15399999916553497,0.15800000727176666,0.15800000727176666,36400
2025-07-11,0.1599999964237213,0.19499999284744263,0.1599999964237213,0.18400000035762787,0.18400000035762787,393300
2025-07-14,0.20000000298023224,0.20000000298023224,0.17399999499320984,0.1770000010728836,0.1770000010728836,298900
2025-07-15,0.17399999499320984,0.18000000715255737,0.16500000655651093,0.1679999977350235,0.1679999977350235,85100
2025-07-16,0.17299999296665192,0.18000000715255737,0.17299999296665192,0.17900000512599945,0.17900000512599945,61800
2025-07-17,0.15700000524520874,0.17900000512599945,0.15700000524520874,0.1770000010728836,0.1770000010728836,100500
2025-07-18,0.18000000715255737,0.18000000715255737,0.16699999570846558,0.17100000381469727,0.17100000381469727,84300
2025-07-21,0.1599999964237213,0.17900000512599945,0.1599999964237213,0.1770000010728836,0.1770000010728836,20000
2025-07-22,0.16500000655651093,0.18000000715255737,0.16500000655651093,0.18000000715255737,0.18000000715255737,66400
2025-07-23,0.17800000309944153,0.18000000715255737,0.16899999976158142,0.17399999499320984,0.17399999499320984,109800
2025-07-24,0.17299999296665192,0.17299999296665192,0.1599999964237213,0.17299999296665192,0.17299999296665192,119900
2025-07-25,0.16699999570846558,0.17299999296665192,0.1599999964237213,0.1720000058412552,0.1720000058412552,114300
2025-07-28,0.1720000058412552,0.1720000058412552,0.16099999845027924,0.16200000047683716,0.16200000047683716,132200
2025-07-29,0.15600000321865082,0.1599999964237213,0.14900000393390656,0.1550000011920929,0.1550000011920929,105200
2025-07-30,0.15700000524520874,0.16099999845027924,0.13500000536441803,0.13500000536441803,0.13500000536441803,177200
2025-07-31,0.15600000321865082,0.15600000321865082,0.14100000262260437,0.14100000262260437,0.14100000262260437,11500
2025-08-01,0.14499999582767487,0.14900000393390656,0.14100000262260437,0.14100000262260437,0.14100000262260437,19700
2025-08-04,0.14100000262260437,0.15600000321865082,0.14100000262260437,0.15399999916553497,0.15399999916553497,80100
2025-08-05,0.14100000262260437,0.1599999964237213,0.14100000262260437,0.1599999964237213,0.1599999964237213,128500
2025-08-06,0.1599999964237213,0.17100000381469727,0.15199999511241913,0.17100000381469727,0.17100000381469727,65300
2025-08-07,0.17399999499320984,0.17399999499320984,0.1589999943971634,0.17000000178813934,0.17000000178813934,181000
2025-08-08,0.16599999368190765,0.16899999976158142,0.1599999964237213,0.16599999368190765,0.16599999368190765,25000
2025-08-11,0.1599999964237213,0.16200000047683716,0.1509999930858612,0.15700000524520874,0.15700000524520874,120600
2025-08-12,0.15700000524520874,0.15700000524520874,0.15399999916553497,0.1550000011920929,0.1550000011920929,38900
2025-08-13,0.15199999511241913,0.15700000524520874,0.15199999511241913,0.1550000011920929,0.1550000011920929,80800
2025-08-14,0.15299999713897705,0.17499999701976776,0.14800000190734863,0.16899999976158142,0.16899999976158142,328100
2025-08-15,0.17000000178813934,0.17900000512599945,0.15199999511241913,0.164000004529953,0.164000004529953,269700
2025-08-18,0.1599999964237213,0.17000000178813934,0.1599999964237213,0.16200000047683716,0.16200000047683716,128600
2025-08-19,0.16300000250339508,0.164000004529953,0.1589999943971634,0.1589999943971634,0.1589999943971634,25800
2025-08-20,0.15700000524520874,0.16300000250339508,0.15700000524520874,0.1599999964237213,0.1599999964237213,22100
2025-08-21,0.15600000321865082,0.16699999570846558,0.1550000011920929,0.16699999570846558,0.16699999570846558,192500
2025-08-22,0.16599999368190765,0.17000000178813934,0.15800000727176666,0.1599999964237213,0.1599999964237213,222400
2025-08-25,0.16699999570846558,0.16699999570846558,0.15800000727176666,0.1599999964237213,0.1599999964237213,49700
2025-08-26,0.1599999964237213,0.16099999845027924,0.14399999380111694,0.14499999582767487,0.14499999582767487,141000
2025-08-27,0.14300000667572021,0.15000000596046448,0.14300000667572021,0.14499999582767487,0.14499999582767487,140700
2025-08-28,0.16099999845027924,0.16599999368190765,0.14900000393390656,0.14900000393390656,0.14900000393390656,60100
2025-08-29,0.14800000190734863,0.15800000727176666,0.14800000190734863,0.1550000011920929,0.1550000011920929,68300
2025-09-02,0.15700000524520874,0.15700000524520874,0.15000000596046448,0.15299999713897705,0.15299999713897705,195400
2025-09-03,0.15800000727176666,0.1599999964237213,0.1550000011920929,0.15800000727176666,0.15800000727176666,107500
2025-09-04,0.16099999845027924,0.16099999845027924,0.1459999978542328,0.15199999511241913,0.15199999511241913,123800
2025-09-05,0.17299999296665192,0.17299999296665192,0.1550000011920929,0.16099999845027924,0.16099999845027924,174000
2025-09-08,0.16300000250339508,0.16300000250339508,0.15199999511241913,0.1550000011920929,0.1550000011920929,173500
2025-09-09,0.15600000321865082,0.16699999570846558,0.15000000596046448,0.164000004529953,0.164000004529953,61600
2025-09-10,0.16699999570846558,0.16699999570846558,0.16099999845027924,0.16099999845027924,0.16099999845027924,32200
2025-09-11,0.17299999296665192,0.17299999296665192,0.16200000047683716,0.16599999368190765,0.16599999368190765,162300
2025-09-12,0.16500000655651093,0.17599999904632568,0.15000000596046448,0.17599999904632568,0.17599999904632568,141300
2025-09-15,0.1720000058412552,0.17499999701976776,0.17000000178813934,0.17399999499320984,0.17399999499320984,119800
2025-09-16,0.17000000178813934,0.17399999499320984,0.16699999570846558,0.16699999570846558,0.16699999570846558,104400
2025-09-17,0.16699999570846558,0.17499999701976776,0.164000004529953,0.17000000178813934,0.17000000178813934,181800
2025-09-18,0.1679999977350235,0.17000000178813934,0.1679999977350235,0.17000000178813934,0.17000000178813934,57900
2025-09-19,0.17499999701976776,0.17499999701976776,0.16899999976158142,0.1720000058412552,0.1720000058412552,169700
2025-09-22,0.17800000309944153,0.19200000166893005,0.17499999701976776,0.18799999356269836,0.18799999356269836,505800
2025-09-23,0.20000000298023224,0.20999999344348907,0.19099999964237213,0.19499999284744263,0.19499999284744263,1051800
2025-09-24,0.19699999690055847,0.20999999344348907,0.19499999284744263,0.19699999690055847,0.19699999690055847,484700
2025-09-25,0.1889999955892563,0.19599999487400055,0.18700000643730164,0.1899999976158142,0.1899999976158142,420400
2025-09-26,0.19499999284744263,0.2280000001192093,0.1899999976158142,0.2240000069141388,0.2240000069141388,460800
2025-09-29,0.23100000619888306,0.23399999737739563,0.21799999475479126,0.22100000083446503,0.22100000083446503,307800
2025-09-30,0.210999995470047,0.21299999952316284,0.19699999690055847,0.2029999941587448,0.2029999941587448,272700
2025-10-01,0.20999999344348907,0.21199999749660492,0.20000000298023224,0.20499999821186066,0.20499999821186066,115000
2025-10-02,0.19499999284744263,0.20999999344348907,0.1850000023841858,0.18700000643730164,0.18700000643730164,316200
2025-10-03,0.19499999284744263,0.20200000703334808,0.19200000166893005,0.1940000057220459,0.1940000057220459,173800
2025-10-06,0.19499999284744263,0.1979999989271164,0.1889999955892563,0.1940000057220459,0.1940000057220459,172000
2025-10-07,0.19499999284744263,0.2029999941587448,0.19200000166893005,0.20100000500679016,0.20100000500679016,206600
2025-10-08,0.2029999941587448,0.2029999941587448,0.1940000057220459,0.19900000095367432,0.19900000095367432,370500
2025-10-09,0.1979999989271164,0.20100000500679016,0.17100000381469727,0.17900000512599945,0.17900000512599945,493200
2025-10-10,0.17399999499320984,0.1770000010728836,0.16699999570846558,0.17299999296665192,0.17299999296665192,93600
2025-10-13,0.17599999904632568,0.1809999942779541,0.17100000381469727,0.1809999942779541,0.1809999942779541,463100
2025-10-14,0.17399999499320984,0.17800000309944153,0.16699999570846558,0.17499999701976776,0.17499999701976776,54100
2025-10-15,0.17100000381469727,0.17399999499320984,0.17100000381469727,0.17299999296665192,0.17299999296665192,147800
2025-10-16,0.17299999296665192,0.18299999833106995,0.16699999570846558,0.17599999904632568,0.17599999904632568,328600
2025-10-17,0.1809999942779541,0.1809999942779541,0.16300000250339508,0.17000000178813934,0.17000000178813934,338300
2025-10-20,0.17100000381469727,0.17900000512599945,0.16899999976158142,0.17299999296665192,0.17299999296665192,75400
2025-10-21,0.16699999570846558,0.16699999570846558,0.14900000393390656,0.15700000524520874,0.15700000524520874,260700
2025-10-22,0.1599999964237213,0.1599999964237213,0.15800000727176666,0.1599999964237213,0.1599999964237213,79200
2025-10-23,0.16200000047683716,0.16599999368190765,0.1599999964237213,0.16300000250339508,0.16300000250339508,144800
2025-10-24,0.16599999368190765,0.16599999368190765,0.15700000524520874,0.16500000655651093,0.16500000655651093,112200
2025-10-27,0.1550000011920929,0.16099999845027924,0.15299999713897705,0.15600000321865082,0.15600000321865082,55600
2025-10-28,0.15299999713897705,0.16599999368190765,0.15299999713897705,0.16200000047683716,0.16200000047683716,39600
2025-10-29,0.16099999845027924,0.16500000655651093,0.16099999845027924,0.16099999845027924,0.16099999845027924,6500
2025-10-30,0.164000004529953,0.16599999368190765,0.15800000727176666,0.15800000727176666,0.15800000727176666,92400
2025-10-31,0.15700000524520874,0.164000004529953,0.15600000321865082,0.1589999943971634,0.1589999943971634,51900
2025-11-03,0.1550000011920929,0.1550000011920929,0.14900000393390656,0.15199999511241913,0.15199999511241913,69400
2025-11-04,0.17000000178813934,0.17499999701976776,0.15399999916553497,0.16699999570846558,0.16699999570846558,629100
2025-11-05,0.17399999499320984,0.17800000309944153,0.17100000381469727,0.17499999701976776,0.17499999701976776,121700
2025-11-06,0.1809999942779541,0.1809999942779541,0.1679999977350235,0.17100000381469727,0.17100000381469727,125600
2025-11-07,0.1720000058412552,0.18700000643730164,0.16699999570846558,0.1720000058412552,0.1720000058412552,84200
2025-11-10,0.1850000023841858,0.18799999356269836,0.17000000178813934,0.1850000023841858,0.1850000023841858,165400
2025-11-11,0.1899999976158142,0.1899999976158142,0.1770000010728836,0.18299999833106995,0.18299999833106995,120400
2025-11-12,0.1809999942779541,0.19699999690055847,0.1809999942779541,0.19499999284744263,0.19499999284744263,64500
2025-11-13,0.19599999487400055,0.1979999989271164,0.1850000023841858,0.1850000023841858,0.1850000023841858,173700
2025-11-14,0.18199999630451202,0.18400000035762787,0.17299999296665192,0.17800000309944153,0.17800000309944153,79500
2025-11-17,0.1720000058412552,0.17800000309944153,0.16200000047683716,0.16500000655651093,0.16500000655651093,90000
2025-11-18,0.17000000178813934,0.18000000715255737,0.16200000047683716,0.18000000715255737,0.18000000715255737,79000
2025-11-19,0.17299999296665192,0.18000000715255737,0.17299999296665192,0.17599999904632568,0.17599999904632568,18700
2025-11-20,0.17900000512599945,0.18199999630451202,0.1589999943971634,0.17000000178813934,0.17000000178813934,61000
2025-11-21,0.16300000250339508,0.16899999976158142,0.16300000250339508,0.16899999976158142,0.16899999976158142,10100
2025-11-24,0.16300000250339508,0.17900000512599945,0.16300000250339508,0.1720000058412552,0.1720000058412552,50700
2025-11-25,0.17399999499320984,0.17599999904632568,0.16300000250339508,0.17100000381469727,0.17100000381469727,17600
2025-11-26,0.1679999977350235,0.17000000178813934,0.16599999368190765,0.16599999368190765,0.16599999368190765,70900
2025-11-28,0.17000000178813934,0.18700000643730164,0.16599999368190765,0.18700000643730164,0.18700000643730164,70000
2025-12-01,0.20200000703334808,0.2199999988079071,0.20000000298023224,0.20499999821186066,0.20499999821186066,298900
2025-12-02,0.20499999821186066,0.20499999821186066,0.19699999690055847,0.2029999941587448,0.2029999941587448,86400
2025-12-03,0.20000000298023224,0.21199999749660492,0.19599999487400055,0.2070000022649765,0.2070000022649765,317300
2025-12-04,0.19499999284744263,0.20999999344348907,0.1770000010728836,0.1860000044107437,0.1860000044107437,176400
2025-12-05,0.19099999964237213,0.22300000488758087,0.1809999942779541,0.21899999678134918,0.21899999678134918,325800
2025-12-08,0.21699999272823334,0.2199999988079071,0.20800000429153442,0.2199999988079071,0.2199999988079071,209500
2025-12-09,0.22100000083446503,0.23000000417232513,0.20499999821186066,0.2280000001192093,0.2280000001192093,464600
2025-12-10,0.2150000035762787,0.2240000069141388,0.20900000631809235,0.21899999678134918,0.21899999678134918,143100
2025-12-11,0.21899999678134918,0.25999999046325684,0.20900000631809235,0.25,0.25,336700
2025-12-12,0.24899999797344208,0.2669999897480011,0.2240000069141388,0.2619999945163727,0.2619999945163727,283300
2025-12-15,0.25600001215934753,0.27000001072883606,0.23499999940395355,0.257999986410141,0.257999986410141,293700
2025-12-16,0.24699999392032623,0.26499998569488525,0.24699999392032623,0.25600001215934753,0.25600001215934753,26600
2025-12-17,0.23600000143051147,0.2619999945163727,0.23600000143051147,0.25200000405311584,0.25200000405311584,75600
2025-12-18,0.22200000286102295,0.25999999046325684,0.22200000286102295,0.24199999868869781,0.24199999868869781,142800
2025-12-19,0.23999999463558197,0.2529999911785126,0.2370000034570694,0.24899999797344208,0.24899999797344208,80000
2025-12-22,0.2460000067949295,0.2619999945163727,0.23999999463558197,0.2619999945163727,0.2619999945163727,41600
2025-12-23,0.27000001072883606,0.27000001072883606,0.2549999952316284,0.2619999945163727,0.2619999945163727,79400
2025-12-24,0.25999999046325684,0.26499998569488525,0.25,0.26499998569488525,0.26499998569488525,23100
2025-12-26,0.2750000059604645,0.28999999165534973,0.27000001072883606,0.2879999876022339,0.2879999876022339,127900
2025-12-29,0.27399998903274536,0.2849999964237213,0.24699999392032623,0.25099998712539673,0.25099998712539673,160800
2025-12-30,0.23100000619888306,0.26600000262260437,0.23100000619888306,0.24899999797344208,0.24899999797344208,78700
