date,open,high,low,close,adj_close,volume
,BASA,BASA,BASA,BASA,BASA,BASA
2020-01-02,0.25,0.25,0.20100000500679016,0.2199999988079071,0.2199999988079071,37900
2020-01-03,0.20100000500679016,0.20999999344348907,0.20100000500679016,0.20999999344348907,0.20999999344348907,43800
2020-01-06,0.20399999618530273,0.22499999403953552,0.20000000298023224,0.22499999403953552,0.22499999403953552,211000
2020-01-07,0.23000000417232513,0.23000000417232513,0.23000000417232513,0.23000000417232513,0.23000000417232513,100
2020-01-08,0.21899999678134918,0.21899999678134918,0.20000000298023224,0.20000000298023224,0.20000000298023224,57300
2020-01-09,0.20999999344348907,0.20999999344348907,0.20000000298023224,0.20000000298023224,0.20000000298023224,12600
2020-01-10,0.1850000023841858,0.20900000631809235,0.1850000023841858,0.20499999821186066,0.20499999821186066,5600
2020-01-13,0.22499999403953552,0.25999999046325684,0.21699999272823334,0.25200000405311584,0.25200000405311584,89800
2020-01-14,0.25,0.25,0.20100000500679016,0.20999999344348907,0.20999999344348907,101800
2020-01-15,0.20999999344348907,0.25,0.20499999821186066,0.22499999403953552,0.22499999403953552,22900
2020-01-16,0.25,0.25,0.22499999403953552,0.22699999809265137,0.22699999809265137,10000
2020-01-17,0.23899999260902405,0.25,0.20100000500679016,0.25,0.25,20900
2020-01-21,0.24400000274181366,0.25,0.20000000298023224,0.20200000703334808,0.20200000703334808,65700
2020-01-22,0.2199999988079071,0.2199999988079071,0.1899999976158142,0.1899999976158142,0.1899999976158142,76100
2020-01-23,0.19099999964237213,0.20000000298023224,0.18000000715255737,0.1899999976158142,0.1899999976158142,72300
2020-01-24,0.20000000298023224,0.2199999988079071,0.19599999487400055,0.20000000298023224,0.20000000298023224,28000
2020-01-27,0.20000000298023224,0.20000000298023224,0.20000000298023224,0.20000000298023224,0.20000000298023224,0
2020-01-28,0.18000000715255737,0.20000000298023224,0.17599999904632568,0.1899999976158142,0.1899999976158142,37400
2020-01-29,0.17100000381469727,0.18000000715255737,0.1509999930858612,0.18000000715255737,0.18000000715255737,142200
2020-01-30,0.18000000715255737,0.18000000715255737,0.18000000715255737,0.18000000715255737,0.18000000715255737,0
2020-01-31,0.17499999701976776,0.19300000369548798,0.17000000178813934,0.17000000178813934,0.17000000178813934,18800
2020-02-03,0.16899999976158142,0.1899999976158142,0.16599999368190765,0.1899999976158142,0.1899999976158142,21700
2020-02-04,0.1899999976158142,0.19900000095367432,0.1509999930858612,0.17499999701976776,0.17499999701976776,59100
2020-02-05,0.1770000010728836,0.18000000715255737,0.15000000596046448,0.1550000011920929,0.1550000011920929,259100
2020-02-06,0.1599999964237213,0.17000000178813934,0.15299999713897705,0.1599999964237213,0.1599999964237213,151100
2020-02-07,0.1599999964237213,0.1599999964237213,0.15000000596046448,0.15800000727176666,0.15800000727176666,58400
2020-02-10,0.1550000011920929,0.1599999964237213,0.14499999582767487,0.1599999964237213,0.1599999964237213,130300
2020-02-11,0.15700000524520874,0.15700000524520874,0.1550000011920929,0.1550000011920929,0.1550000011920929,35000
2020-02-12,0.15800000727176666,0.17000000178813934,0.14100000262260437,0.15000000596046448,0.15000000596046448,134200
2020-02-13,0.15000000596046448,0.1550000011920929,0.14499999582767487,0.14800000190734863,0.14800000190734863,115100
2020-02-14,0.1550000011920929,0.1599999964237213,0.15000000596046448,0.1599999964237213,0.1599999964237213,83700
2020-02-18,0.1599999964237213,0.16500000655651093,0.1550000011920929,0.1599999964237213,0.1599999964237213,61500
2020-02-19,0.16200000047683716,0.16699999570846558,0.1550000011920929,0.16699999570846558,0.16699999570846558,41800
2020-02-20,0.1599999964237213,0.16699999570846558,0.15000000596046448,0.16500000655651093,0.16500000655651093,109700
2020-02-21,0.15299999713897705,0.16500000655651093,0.15000000596046448,0.16500000655651093,0.16500000655651093,183300
2020-02-24,0.14100000262260437,0.15199999511241913,0.14100000262260437,0.15000000596046448,0.15000000596046448,79300
2020-02-25,0.1469999998807907,0.15000000596046448,0.11999999731779099,0.15000000596046448,0.15000000596046448,240300
2020-02-26,0.13099999725818634,0.13099999725818634,0.10300000011920929,0.11599999666213989,0.11599999666213989,130000
2020-02-27,0.11999999731779099,0.16500000655651093,0.10100000351667404,0.11500000208616257,0.11500000208616257,182100
2020-02-28,0.1120000034570694,0.15299999713897705,0.1080000028014183,0.13899999856948853,0.13899999856948853,93300
2020-03-02,0.14000000059604645,0.14000000059604645,0.11500000208616257,0.12999999523162842,0.12999999523162842,46400
2020-03-03,0.14000000059604645,0.14000000059604645,0.13099999725818634,0.14000000059604645,0.14000000059604645,36100
2020-03-04,0.14399999380111694,0.14399999380111694,0.12099999934434891,0.14399999380111694,0.14399999380111694,1600
2020-03-05,0.14499999582767487,0.14800000190734863,0.12099999934434891,0.14800000190734863,0.14800000190734863,57900
2020-03-06,0.15000000596046448,0.15000000596046448,0.14000000059604645,0.15000000596046448,0.15000000596046448,78500
2020-03-09,0.15000000596046448,0.15000000596046448,0.12099999934434891,0.12800000607967377,0.12800000607967377,111100
2020-03-10,0.12999999523162842,0.13500000536441803,0.11999999731779099,0.12999999523162842,0.12999999523162842,47200
2020-03-11,0.13199999928474426,0.13199999928474426,0.11100000143051147,0.12999999523162842,0.12999999523162842,55300
2020-03-12,0.10999999940395355,0.12999999523162842,0.10400000214576721,0.1080000028014183,0.1080000028014183,309400
2020-03-13,0.10999999940395355,0.10999999940395355,0.10100000351667404,0.1080000028014183,0.1080000028014183,58400
2020-03-16,0.10499999672174454,0.1080000028014183,0.07699999958276749,0.0949999988079071,0.0949999988079071,197000
2020-03-17,0.09799999743700027,0.15000000596046448,0.09000000357627869,0.125,0.125,79400
2020-03-18,0.125,0.12600000202655792,0.10899999737739563,0.10899999737739563,0.10899999737739563,57500
2020-03-19,0.1120000034570694,0.14499999582767487,0.10999999940395355,0.13899999856948853,0.13899999856948853,124500
2020-03-20,0.13199999928474426,0.19599999487400055,0.13199999928474426,0.18799999356269836,0.18799999356269836,167100
2020-03-23,0.17399999499320984,0.18799999356269836,0.125,0.14800000190734863,0.14800000190734863,83400
2020-03-24,0.14900000393390656,0.14900000393390656,0.1289999932050705,0.12999999523162842,0.12999999523162842,31700
2020-03-25,0.13099999725818634,0.14399999380111694,0.10400000214576721,0.12999999523162842,0.12999999523162842,90000
2020-03-26,0.125,0.12700000405311584,0.11500000208616257,0.11500000208616257,0.11500000208616257,15200
2020-03-27,0.11999999731779099,0.11999999731779099,0.1080000028014183,0.10899999737739563,0.10899999737739563,31800
2020-03-30,0.10999999940395355,0.11999999731779099,0.10599999874830246,0.11900000274181366,0.11900000274181366,9100
2020-03-31,0.11999999731779099,0.11999999731779099,0.10999999940395355,0.11999999731779099,0.11999999731779099,35900
2020-04-01,0.11999999731779099,0.11999999731779099,0.11999999731779099,0.11999999731779099,0.11999999731779099,3000
2020-04-02,0.11999999731779099,0.11999999731779099,0.1080000028014183,0.11500000208616257,0.11500000208616257,16600
2020-04-03,0.12300000339746475,0.12999999523162842,0.11999999731779099,0.11999999731779099,0.11999999731779099,84500
2020-04-06,0.11500000208616257,0.1770000010728836,0.10999999940395355,0.11299999803304672,0.11299999803304672,52300
2020-04-07,0.12999999523162842,0.15000000596046448,0.12999999523162842,0.14000000059604645,0.14000000059604645,22300
2020-04-08,0.14000000059604645,0.15000000596046448,0.1289999932050705,0.12999999523162842,0.12999999523162842,14600
2020-04-09,0.1340000033378601,0.15000000596046448,0.11500000208616257,0.11500000208616257,0.11500000208616257,229700
2020-04-13,0.11500000208616257,0.13500000536441803,0.11100000143051147,0.13500000536441803,0.13500000536441803,59200
2020-04-14,0.13600000739097595,0.14000000059604645,0.125,0.13099999725818634,0.13099999725818634,101200
2020-04-15,0.12600000202655792,0.13300000131130219,0.10000000149011612,0.13300000131130219,0.13300000131130219,65000
2020-04-16,0.13300000131130219,0.13300000131130219,0.13300000131130219,0.13300000131130219,0.13300000131130219,0
2020-04-17,0.14000000059604645,0.14499999582767487,0.11999999731779099,0.14000000059604645,0.14000000059604645,55500
2020-04-20,0.14000000059604645,0.16599999368190765,0.14000000059604645,0.16500000655651093,0.16500000655651093,84800
2020-04-21,0.16500000655651093,0.18000000715255737,0.14499999582767487,0.14499999582767487,0.14499999582767487,89300
2020-04-22,0.14900000393390656,0.16699999570846558,0.14499999582767487,0.16699999570846558,0.16699999570846558,132400
2020-04-23,0.1550000011920929,0.1899999976158142,0.1550000011920929,0.18799999356269836,0.18799999356269836,130400
2020-04-24,0.19200000166893005,0.19200000166893005,0.1720000058412552,0.18400000035762787,0.18400000035762787,101500
2020-04-27,0.18400000035762787,0.1850000023841858,0.16500000655651093,0.1850000023841858,0.1850000023841858,116300
2020-04-28,0.17499999701976776,0.18000000715255737,0.1509999930858612,0.1550000011920929,0.1550000011920929,165200
2020-04-29,0.15800000727176666,0.17499999701976776,0.15600000321865082,0.15600000321865082,0.15600000321865082,115800
2020-04-30,0.1550000011920929,0.1599999964237213,0.14499999582767487,0.15000000596046448,0.15000000596046448,89800
2020-05-01,0.15000000596046448,0.15000000596046448,0.14499999582767487,0.14800000190734863,0.14800000190734863,17800
2020-05-04,0.15000000596046448,0.1550000011920929,0.14499999582767487,0.15000000596046448,0.15000000596046448,14800
2020-05-05,0.15000000596046448,0.15000000596046448,0.15000000596046448,0.15000000596046448,0.15000000596046448,6700
2020-05-06,0.14800000190734863,0.16500000655651093,0.14800000190734863,0.1599999964237213,0.1599999964237213,17500
2020-05-07,0.17499999701976776,0.17499999701976776,0.14499999582767487,0.15299999713897705,0.15299999713897705,26200
2020-05-08,0.1599999964237213,0.1599999964237213,0.12200000137090683,0.125,0.125,226400
2020-05-11,0.14000000059604645,0.14300000667572021,0.13899999856948853,0.14300000667572021,0.14300000667572021,3300
2020-05-12,0.14000000059604645,0.1459999978542328,0.12999999523162842,0.14000000059604645,0.14000000059604645,23800
2020-05-13,0.12700000405311584,0.14000000059604645,0.12700000405311584,0.13500000536441803,0.13500000536441803,54200
2020-05-14,0.12700000405311584,0.13500000536441803,0.125,0.12700000405311584,0.12700000405311584,88000
2020-05-15,0.14900000393390656,0.14900000393390656,0.11800000071525574,0.13099999725818634,0.13099999725818634,181700
2020-05-18,0.13199999928474426,0.14399999380111694,0.13199999928474426,0.13699999451637268,0.13699999451637268,10400
2020-05-19,0.14900000393390656,0.14900000393390656,0.12999999523162842,0.12999999523162842,0.12999999523162842,47700
2020-05-20,0.15000000596046448,0.15000000596046448,0.11999999731779099,0.11999999731779099,0.11999999731779099,95100
2020-05-21,0.14499999582767487,0.14499999582767487,0.12999999523162842,0.14300000667572021,0.14300000667572021,29900
2020-05-22,0.13199999928474426,0.13699999451637268,0.12300000339746475,0.13699999451637268,0.13699999451637268,5400
2020-05-26,0.14000000059604645,0.1459999978542328,0.12999999523162842,0.1379999965429306,0.1379999965429306,24600
2020-05-27,0.14000000059604645,0.14000000059604645,0.12700000405311584,0.1379999965429306,0.1379999965429306,48800
2020-05-28,0.14000000059604645,0.14000000059604645,0.125,0.13500000536441803,0.13500000536441803,33800
2020-05-29,0.12999999523162842,0.12999999523162842,0.11800000071525574,0.11999999731779099,0.11999999731779099,95000
2020-06-01,0.14000000059604645,0.14000000059604645,0.125,0.125,0.125,24800
2020-06-02,0.12999999523162842,0.12999999523162842,0.125,0.12999999523162842,0.12999999523162842,45900
2020-06-03,0.1289999932050705,0.12999999523162842,0.12300000339746475,0.12399999797344208,0.12399999797344208,13000
2020-06-04,0.11999999731779099,0.13500000536441803,0.11999999731779099,0.12999999523162842,0.12999999523162842,40300
2020-06-05,0.13500000536441803,0.17499999701976776,0.13300000131130219,0.16500000655651093,0.16500000655651093,171500
2020-06-08,0.1850000023841858,0.18799999356269836,0.14900000393390656,0.1509999930858612,0.1509999930858612,54700
2020-06-09,0.14900000393390656,0.1550000011920929,0.14900000393390656,0.15000000596046448,0.15000000596046448,11000
2020-06-10,0.16899999976158142,0.16899999976158142,0.14000000059604645,0.15000000596046448,0.15000000596046448,63800
2020-06-11,0.15000000596046448,0.15000000596046448,0.11999999731779099,0.11999999731779099,0.11999999731779099,49900
2020-06-12,0.15000000596046448,0.17499999701976776,0.12999999523162842,0.17499999701976776,0.17499999701976776,59800
2020-06-15,0.17399999499320984,0.1850000023841858,0.14000000059604645,0.16500000655651093,0.16500000655651093,16400
2020-06-16,0.17000000178813934,0.17000000178813934,0.1509999930858612,0.1599999964237213,0.1599999964237213,29400
2020-06-17,0.14000000059604645,0.1550000011920929,0.14000000059604645,0.14000000059604645,0.14000000059604645,42700
2020-06-18,0.15000000596046448,0.17000000178813934,0.14000000059604645,0.17000000178813934,0.17000000178813934,97100
2020-06-19,0.17000000178813934,0.17000000178813934,0.14000000059604645,0.14000000059604645,0.14000000059604645,87400
2020-06-22,0.15700000524520874,0.15700000524520874,0.1379999965429306,0.14000000059604645,0.14000000059604645,41400
2020-06-23,0.15700000524520874,0.15700000524520874,0.14000000059604645,0.14000000059604645,0.14000000059604645,126700
2020-06-24,0.15000000596046448,0.15000000596046448,0.14100000262260437,0.15000000596046448,0.15000000596046448,11800
2020-06-25,0.15000000596046448,0.1599999964237213,0.14499999582767487,0.14499999582767487,0.14499999582767487,70800
2020-06-26,0.1550000011920929,0.1599999964237213,0.14399999380111694,0.1599999964237213,0.1599999964237213,36600
2020-06-29,0.16300000250339508,0.16500000655651093,0.15000000596046448,0.16500000655651093,0.16500000655651093,26700
2020-06-30,0.16500000655651093,0.16500000655651093,0.1550000011920929,0.1599999964237213,0.1599999964237213,8200
2020-07-01,0.16500000655651093,0.16500000655651093,0.1509999930858612,0.1509999930858612,0.1509999930858612,63700
2020-07-02,0.15700000524520874,0.16500000655651093,0.1509999930858612,0.16500000655651093,0.16500000655651093,52000
2020-07-06,0.1550000011920929,0.19499999284744263,0.1550000011920929,0.19499999284744263,0.19499999284744263,127800
2020-07-07,0.19499999284744263,0.23000000417232513,0.1899999976158142,0.22599999606609344,0.22599999606609344,133200
2020-07-08,0.23000000417232513,0.44999998807907104,0.22499999403953552,0.28999999165534973,0.28999999165534973,819300
2020-07-09,0.3499999940395355,0.3700000047683716,0.28999999165534973,0.3310000002384186,0.3310000002384186,273700
2020-07-10,0.3499999940395355,0.47999998927116394,0.3400000035762787,0.3700000047683716,0.3700000047683716,554400
2020-07-13,0.4000000059604645,0.41999998688697815,0.3330000042915344,0.3700000047683716,0.3700000047683716,646800
2020-07-14,0.3700000047683716,0.3700000047683716,0.27000001072883606,0.30000001192092896,0.30000001192092896,217000
2020-07-15,0.35199999809265137,0.35199999809265137,0.23000000417232513,0.27000001072883606,0.27000001072883606,457300
2020-07-16,0.2750000059604645,0.2750000059604645,0.22499999403953552,0.25,0.25,357100
2020-07-17,0.26899999380111694,0.26899999380111694,0.20600000023841858,0.2199999988079071,0.2199999988079071,145400
2020-07-20,0.20100000500679016,0.4399999976158142,0.20100000500679016,0.4000000059604645,0.4000000059604645,270200
2020-07-21,0.3400000035762787,0.3799999952316284,0.2709999978542328,0.30000001192092896,0.30000001192092896,191400
2020-07-22,0.30000001192092896,0.30000001192092896,0.26100000739097595,0.289000004529953,0.289000004529953,81400
2020-07-23,0.289000004529953,0.289000004529953,0.27000001072883606,0.27000001072883606,0.27000001072883606,39600
2020-07-24,0.2750000059604645,0.3199999928474426,0.27000001072883606,0.2849999964237213,0.2849999964237213,155800
2020-07-27,0.3400000035762787,0.4000000059604645,0.25,0.3449999988079071,0.3449999988079071,899700
2020-07-28,0.3799999952316284,0.38499999046325684,0.2930000126361847,0.32499998807907104,0.32499998807907104,421600
2020-07-29,0.33000001311302185,0.3490000069141388,0.29499998688697815,0.3050000071525574,0.3050000071525574,139300
2020-07-30,0.3199999928474426,0.3199999928474426,0.2800000011920929,0.30000001192092896,0.30000001192092896,199500
2020-07-31,0.30000001192092896,0.30000001192092896,0.25,0.2549999952316284,0.2549999952316284,341700
2020-08-03,0.2849999964237213,0.2849999964237213,0.20999999344348907,0.23399999737739563,0.23399999737739563,298800
2020-08-04,0.22100000083446503,0.27399998903274536,0.22100000083446503,0.2709999978542328,0.2709999978542328,16100
2020-08-05,0.26499998569488525,0.2680000066757202,0.23999999463558197,0.2590000033378601,0.2590000033378601,100000
2020-08-06,0.25600001215934753,0.27000001072883606,0.24199999868869781,0.2460000067949295,0.2460000067949295,122100
2020-08-07,0.27000001072883606,0.27000001072883606,0.24500000476837158,0.25,0.25,76100
2020-08-10,0.2540000081062317,0.2980000078678131,0.2460000067949295,0.28999999165534973,0.28999999165534973,58500
2020-08-11,0.2750000059604645,0.30000001192092896,0.22200000286102295,0.2750000059604645,0.2750000059604645,112600
2020-08-12,0.28999999165534973,0.28999999165534973,0.23999999463558197,0.2879999876022339,0.2879999876022339,152000
2020-08-13,0.2879999876022339,0.28999999165534973,0.25,0.28999999165534973,0.28999999165534973,149700
2020-08-14,0.2800000011920929,0.2800000011920929,0.2549999952316284,0.2800000011920929,0.2800000011920929,16600
2020-08-17,0.30000001192092896,0.30000001192092896,0.25200000405311584,0.2800000011920929,0.2800000011920929,91900
2020-08-18,0.2800000011920929,0.2800000011920929,0.2540000081062317,0.27799999713897705,0.27799999713897705,115400
2020-08-19,0.2800000011920929,0.2800000011920929,0.24699999392032623,0.2630000114440918,0.2630000114440918,59800
2020-08-20,0.25,0.2800000011920929,0.24699999392032623,0.2590000033378601,0.2590000033378601,88200
2020-08-21,0.26600000262260437,0.27300000190734863,0.2370000034570694,0.25,0.25,88100
2020-08-24,0.25,0.25,0.20499999821186066,0.24500000476837158,0.24500000476837158,336900
2020-08-25,0.24799999594688416,0.24799999594688416,0.2240000069141388,0.23000000417232513,0.23000000417232513,65600
2020-08-26,0.22499999403953552,0.24799999594688416,0.20399999618530273,0.2460000067949295,0.2460000067949295,48500
2020-08-27,0.2460000067949295,0.2460000067949295,0.20999999344348907,0.23000000417232513,0.23000000417232513,2000
2020-08-28,0.24799999594688416,0.24799999594688416,0.20600000023841858,0.24400000274181366,0.24400000274181366,32300
2020-08-31,0.3199999928474426,0.3199999928474426,0.24400000274181366,0.2800000011920929,0.2800000011920929,1048200
2020-09-01,0.3499999940395355,0.3499999940395355,0.28999999165534973,0.3199999928474426,0.3199999928474426,1185700
2020-09-02,0.4099999964237213,0.4099999964237213,0.3199999928474426,0.3499999940395355,0.3499999940395355,1391700
2020-09-03,0.4099999964237213,0.4099999964237213,0.3700000047683716,0.4000000059604645,0.4000000059604645,1168800
2020-09-04,0.4300000071525574,0.6850000023841858,0.4099999964237213,0.6340000033378601,0.6340000033378601,4398100
2020-09-08,0.6150000095367432,0.9750000238418579,0.6150000095367432,0.8100000023841858,0.8100000023841858,4329800
2020-09-09,0.8050000071525574,1.1200000047683716,0.7979999780654907,0.968999981880188,0.968999981880188,2783400
2020-09-10,1.0399999618530273,1.100000023841858,0.6169999837875366,0.7599999904632568,0.7599999904632568,4913800
2020-09-11,0.8199999928474426,0.8320000171661377,0.5299999713897705,0.6499999761581421,0.6499999761581421,2207200
2020-09-14,0.7200000286102295,0.7200000286102295,0.5600000023841858,0.5699999928474426,0.5699999928474426,776400
2020-09-15,0.5699999928474426,0.6600000262260437,0.550000011920929,0.6600000262260437,0.6600000262260437,442900
2020-09-16,0.6700000166893005,0.7770000100135803,0.6480000019073486,0.7200000286102295,0.7200000286102295,720000
2020-09-17,0.7480000257492065,0.7699999809265137,0.6909999847412109,0.7099999785423279,0.7099999785423279,280200
2020-09-18,0.7300000190734863,0.75,0.6700000166893005,0.6800000071525574,0.6800000071525574,434800
2020-09-21,0.6800000071525574,0.7319999933242798,0.6510000228881836,0.6859999895095825,0.6859999895095825,319600
2020-09-22,0.7549999952316284,0.7599999904632568,0.6600000262260437,0.6980000138282776,0.6980000138282776,350600
2020-09-23,0.722000002861023,0.722000002861023,0.6000000238418579,0.6380000114440918,0.6380000114440918,245900
2020-09-24,0.6399999856948853,0.6959999799728394,0.6200000047683716,0.6399999856948853,0.6399999856948853,220400
2020-09-25,0.6000000238418579,0.699999988079071,0.6000000238418579,0.6600000262260437,0.6600000262260437,140800
2020-09-28,0.699999988079071,0.699999988079071,0.6650000214576721,0.6700000166893005,0.6700000166893005,364700
2020-09-29,0.699999988079071,0.699999988079071,0.6000000238418579,0.6600000262260437,0.6600000262260437,501600
2020-09-30,0.6499999761581421,0.6700000166893005,0.5799999833106995,0.6460000276565552,0.6460000276565552,143100
2020-10-01,0.6460000276565552,0.6460000276565552,0.5799999833106995,0.5950000286102295,0.5950000286102295,279400
2020-10-02,0.6000000238418579,0.6000000238418579,0.5,0.5370000004768372,0.5370000004768372,320800
2020-10-05,0.5699999928474426,0.5699999928474426,0.5370000004768372,0.5699999928474426,0.5699999928474426,120100
2020-10-06,0.5699999928474426,0.6029999852180481,0.550000011920929,0.5600000023841858,0.5600000023841858,168800
2020-10-07,0.5699999928474426,0.5709999799728394,0.550000011920929,0.5699999928474426,0.5699999928474426,52500
2020-10-08,0.5699999928474426,0.5699999928474426,0.5099999904632568,0.5609999895095825,0.5609999895095825,75000
2020-10-09,0.5400000214576721,0.5600000023841858,0.44999998807907104,0.46000000834465027,0.46000000834465027,562600
2020-10-12,0.5,0.5,0.41999998688697815,0.49000000953674316,0.49000000953674316,270500
2020-10-13,0.49000000953674316,0.4950000047683716,0.44200000166893005,0.44200000166893005,0.44200000166893005,111800
2020-10-14,0.4399999976158142,0.5099999904632568,0.4399999976158142,0.49000000953674316,0.49000000953674316,196300
2020-10-15,0.5099999904632568,0.5609999895095825,0.4950000047683716,0.5400000214576721,0.5400000214576721,190700
2020-10-16,0.5490000247955322,0.5789999961853027,0.46000000834465027,0.5199999809265137,0.5199999809265137,259900
2020-10-19,0.5490000247955322,0.550000011920929,0.4819999933242798,0.5199999809265137,0.5199999809265137,155900
2020-10-20,0.47999998927116394,0.5460000038146973,0.4519999921321869,0.47099998593330383,0.47099998593330383,181700
2020-10-21,0.49399998784065247,0.5099999904632568,0.45100000500679016,0.5099999904632568,0.5099999904632568,170100
2020-10-22,0.5099999904632568,0.5199999809265137,0.492000013589859,0.5099999904632568,0.5099999904632568,91600
2020-10-23,0.5099999904632568,0.5199999809265137,0.48500001430511475,0.49300000071525574,0.49300000071525574,74800
2020-10-26,0.48500001430511475,0.49300000071525574,0.46000000834465027,0.48500001430511475,0.48500001430511475,57200
2020-10-27,0.47999998927116394,0.5,0.47999998927116394,0.47999998927116394,0.47999998927116394,94800
2020-10-28,0.47999998927116394,0.5,0.41999998688697815,0.4399999976158142,0.4399999976158142,252100
2020-10-29,0.4399999976158142,0.5099999904632568,0.421999990940094,0.48399999737739563,0.48399999737739563,167200
2020-10-30,0.4830000102519989,0.4830000102519989,0.41999998688697815,0.44600000977516174,0.44600000977516174,157700
2020-11-02,0.47999998927116394,0.47999998927116394,0.4129999876022339,0.44999998807907104,0.44999998807907104,79400
2020-11-03,0.46000000834465027,0.4699999988079071,0.41600000858306885,0.4399999976158142,0.4399999976158142,129700
2020-11-04,0.4399999976158142,0.44999998807907104,0.42899999022483826,0.43299999833106995,0.43299999833106995,70300
2020-11-05,0.46000000834465027,0.46000000834465027,0.41100001335144043,0.4449999928474426,0.4449999928474426,95800
2020-11-06,0.45899999141693115,0.45899999141693115,0.38999998569488525,0.4129999876022339,0.4129999876022339,192700
2020-11-09,0.4000000059604645,0.40700000524520874,0.3709999918937683,0.4000000059604645,0.4000000059604645,221200
2020-11-10,0.4099999964237213,0.4099999964237213,0.3709999918937683,0.4000000059604645,0.4000000059604645,101200
2020-11-11,0.4050000011920929,0.4050000011920929,0.3700000047683716,0.37599998712539673,0.37599998712539673,197600
2020-11-12,0.3799999952316284,0.3799999952316284,0.3199999928474426,0.35499998927116394,0.35499998927116394,373700
2020-11-13,0.36000001430511475,0.5590000152587891,0.32499998807907104,0.41999998688697815,0.41999998688697815,597400
2020-11-16,0.46000000834465027,0.5,0.41999998688697815,0.45500001311302185,0.45500001311302185,300300
2020-11-17,0.45500001311302185,0.5099999904632568,0.4000000059604645,0.45500001311302185,0.45500001311302185,242800
2020-11-18,0.44999998807907104,0.48399999737739563,0.3799999952316284,0.40799999237060547,0.40799999237060547,312100
2020-11-19,0.4099999964237213,0.4339999854564667,0.3799999952316284,0.4099999964237213,0.4099999964237213,121900
2020-11-20,0.4000000059604645,0.4339999854564667,0.3799999952316284,0.38999998569488525,0.38999998569488525,173900
2020-11-23,0.4000000059604645,0.42500001192092896,0.37599998712539673,0.3889999985694885,0.3889999985694885,490400
2020-11-24,0.4099999964237213,0.41999998688697815,0.3880000114440918,0.4000000059604645,0.4000000059604645,377400
2020-11-25,0.4050000011920929,0.4440000057220459,0.38600000739097595,0.4000000059604645,0.4000000059604645,104700
2020-11-27,0.4000000059604645,0.4300000071525574,0.38999998569488525,0.41999998688697815,0.41999998688697815,130600
2020-11-30,0.41499999165534973,0.4350000023841858,0.38100001215934753,0.41499999165534973,0.41499999165534973,265700
2020-12-01,0.4300000071525574,0.4300000071525574,0.3700000047683716,0.382999986410141,0.382999986410141,277900
2020-12-02,0.39899998903274536,0.39899998903274536,0.34599998593330383,0.36000001430511475,0.36000001430511475,459600
2020-12-03,0.375,0.4000000059604645,0.36500000953674316,0.38999998569488525,0.38999998569488525,160800
2020-12-04,0.4390000104904175,0.4390000104904175,0.3799999952316284,0.38999998569488525,0.38999998569488525,232800
2020-12-07,0.3889999985694885,0.4009999930858612,0.3499999940395355,0.38999998569488525,0.38999998569488525,234500
2020-12-08,0.38499999046325684,0.4099999964237213,0.3799999952316284,0.4000000059604645,0.4000000059604645,250200
2020-12-09,0.4000000059604645,0.4000000059604645,0.36399999260902405,0.36399999260902405,0.36399999260902405,120500
2020-12-10,0.3630000054836273,0.3799999952316284,0.3400000035762787,0.35600000619888306,0.35600000619888306,343100
2020-12-11,0.3799999952316284,0.3799999952316284,0.33000001311302185,0.35499998927116394,0.35499998927116394,259500
2020-12-14,0.3700000047683716,0.3700000047683716,0.3330000042915344,0.36800000071525574,0.36800000071525574,178600
2020-12-15,0.36800000071525574,0.3700000047683716,0.33000001311302185,0.34200000762939453,0.34200000762939453,225800
2020-12-16,0.3409999907016754,0.3630000054836273,0.32499998807907104,0.3449999988079071,0.3449999988079071,153100
2020-12-17,0.3449999988079071,0.3449999988079071,0.3199999928474426,0.3330000042915344,0.3330000042915344,346000
2020-12-18,0.3199999928474426,0.3449999988079071,0.3100000023841858,0.32499998807907104,0.32499998807907104,173300
2020-12-21,0.32600000500679016,0.32600000500679016,0.289000004529953,0.30000001192092896,0.30000001192092896,303600
2020-12-22,0.30000001192092896,0.30000001192092896,0.28200000524520874,0.29100000858306885,0.29100000858306885,247900
2020-12-23,0.30000001192092896,0.30000001192092896,0.28299999237060547,0.30000001192092896,0.30000001192092896,191800
2020-12-24,0.28999999165534973,0.32499998807907104,0.2800000011920929,0.28999999165534973,0.28999999165534973,204800
2020-12-28,0.28200000524520874,0.3160000145435333,0.28200000524520874,0.3050000071525574,0.3050000071525574,186900
2020-12-29,0.28999999165534973,0.3179999887943268,0.28999999165534973,0.3100000023841858,0.3100000023841858,77200
2020-12-30,0.28200000524520874,0.3199999928474426,0.2750000059604645,0.30000001192092896,0.30000001192092896,265500
2020-12-31,0.30000001192092896,0.3199999928474426,0.2849999964237213,0.3089999854564667,0.3089999854564667,121600
2021-01-04,0.3190000057220459,0.3199999928474426,0.2809999883174896,0.29499998688697815,0.29499998688697815,172700
2021-01-05,0.28999999165534973,0.30000001192092896,0.28299999237060547,0.28999999165534973,0.28999999165534973,110500
2021-01-06,0.2809999883174896,0.3199999928474426,0.2809999883174896,0.3149999976158142,0.3149999976158142,277100
2021-01-07,0.3149999976158142,0.3199999928474426,0.29499998688697815,0.3149999976158142,0.3149999976158142,79600
2021-01-08,0.3100000023841858,0.3149999976158142,0.2980000078678131,0.29899999499320984,0.29899999499320984,82200
2021-01-11,0.29600000381469727,0.30000001192092896,0.2680000066757202,0.28999999165534973,0.28999999165534973,397100
2021-01-12,0.27300000190734863,0.29600000381469727,0.27000001072883606,0.27000001072883606,0.27000001072883606,150600
2021-01-13,0.2800000011920929,0.30000001192092896,0.25999999046325684,0.289000004529953,0.289000004529953,312400
2021-01-14,0.2770000100135803,0.30000001192092896,0.2619999945163727,0.30000001192092896,0.30000001192092896,241200
2021-01-15,0.30000001192092896,0.3199999928474426,0.25,0.27000001072883606,0.27000001072883606,432800
2021-01-19,0.25999999046325684,0.3199999928474426,0.25999999046325684,0.27000001072883606,0.27000001072883606,529800
2021-01-20,0.2930000126361847,0.29499998688697815,0.26600000262260437,0.2939999997615814,0.2939999997615814,277900
2021-01-21,0.29499998688697815,0.30000001192092896,0.2630000114440918,0.27000001072883606,0.27000001072883606,187400
2021-01-22,0.29499998688697815,0.29499998688697815,0.25999999046325684,0.289000004529953,0.289000004529953,228200
2021-01-25,0.29499998688697815,0.30000001192092896,0.26600000262260437,0.30000001192092896,0.30000001192092896,335800
2021-01-26,0.30000001192092896,0.30000001192092896,0.27000001072883606,0.28999999165534973,0.28999999165534973,200200
2021-01-27,0.30000001192092896,0.30000001192092896,0.25,0.26499998569488525,0.26499998569488525,535100
2021-01-28,0.26499998569488525,0.2800000011920929,0.26100000739097595,0.2800000011920929,0.2800000011920929,149100
2021-01-29,0.2800000011920929,0.2800000011920929,0.25,0.27799999713897705,0.27799999713897705,228700
2021-02-01,0.27799999713897705,0.27799999713897705,0.25,0.2759999930858612,0.2759999930858612,190000
2021-02-02,0.2800000011920929,0.2800000011920929,0.25,0.25999999046325684,0.25999999046325684,526400
2021-02-03,0.25999999046325684,0.27799999713897705,0.25,0.25999999046325684,0.25999999046325684,205000
2021-02-04,0.25699999928474426,0.2750000059604645,0.25,0.2680000066757202,0.2680000066757202,393000
2021-02-05,0.27000001072883606,0.27000001072883606,0.25,0.2590000033378601,0.2590000033378601,473300
2021-02-08,0.26899999380111694,0.26899999380111694,0.2409999966621399,0.25999999046325684,0.25999999046325684,641400
2021-02-09,0.25,0.2529999911785126,0.23999999463558197,0.25,0.25,366900
2021-02-10,0.24799999594688416,0.2680000066757202,0.24300000071525574,0.25999999046325684,0.25999999046325684,300200
2021-02-11,0.25,0.27000001072883606,0.24300000071525574,0.2669999897480011,0.2669999897480011,216100
2021-02-12,0.2669999897480011,0.2669999897480011,0.25,0.2529999911785126,0.2529999911785126,163000
2021-02-16,0.2680000066757202,0.2680000066757202,0.23999999463558197,0.2549999952316284,0.2549999952316284,331900
2021-02-17,0.2549999952316284,0.2549999952316284,0.2409999966621399,0.25,0.25,183900
2021-02-18,0.25999999046325684,0.25999999046325684,0.23999999463558197,0.25,0.25,235100
2021-02-19,0.24799999594688416,0.2549999952316284,0.23499999940395355,0.2540000081062317,0.2540000081062317,194900
2021-02-22,0.2549999952316284,0.2549999952316284,0.22599999606609344,0.24899999797344208,0.24899999797344208,362100
2021-02-23,0.25,0.25,0.2199999988079071,0.23399999737739563,0.23399999737739563,257700
2021-02-24,0.23399999737739563,0.23999999463558197,0.20000000298023224,0.23999999463558197,0.23999999463558197,393800
2021-02-25,0.23000000417232513,0.24799999594688416,0.19099999964237213,0.23999999463558197,0.23999999463558197,391000
2021-02-26,0.23999999463558197,0.25,0.20000000298023224,0.23800000548362732,0.23800000548362732,401300
2021-03-01,0.23999999463558197,0.25999999046325684,0.23000000417232513,0.23999999463558197,0.23999999463558197,313100
2021-03-02,0.22499999403953552,0.25999999046325684,0.22499999403953552,0.23999999463558197,0.23999999463558197,177300
2021-03-03,0.23999999463558197,0.257999986410141,0.20600000023841858,0.24300000071525574,0.24300000071525574,395900
2021-03-04,0.2199999988079071,0.24500000476837158,0.20499999821186066,0.2199999988079071,0.2199999988079071,208900
2021-03-05,0.23000000417232513,0.23000000417232513,0.1899999976158142,0.20000000298023224,0.20000000298023224,348800
2021-03-08,0.20000000298023224,0.20499999821186066,0.1899999976158142,0.20000000298023224,0.20000000298023224,462200
2021-03-09,0.20499999821186066,0.2199999988079071,0.20000000298023224,0.2199999988079071,0.2199999988079071,233500
2021-03-10,0.2150000035762787,0.23000000417232513,0.20000000298023224,0.20000000298023224,0.20000000298023224,114600
2021-03-11,0.20000000298023224,0.2150000035762787,0.1899999976158142,0.2150000035762787,0.2150000035762787,197700
2021-03-12,0.20000000298023224,0.23000000417232513,0.1899999976158142,0.2150000035762787,0.2150000035762787,251600
2021-03-15,0.2199999988079071,0.2199999988079071,0.19300000369548798,0.20499999821186066,0.20499999821186066,200800
2021-03-16,0.21899999678134918,0.25099998712539673,0.21899999678134918,0.23800000548362732,0.23800000548362732,386400
2021-03-17,0.23800000548362732,0.23999999463558197,0.2029999941587448,0.22599999606609344,0.22599999606609344,333300
2021-03-18,0.23999999463558197,0.25099998712539673,0.20999999344348907,0.22499999403953552,0.22499999403953552,144800
2021-03-19,0.24500000476837158,0.24500000476837158,0.2160000056028366,0.22100000083446503,0.22100000083446503,134700
2021-03-22,0.22100000083446503,0.25,0.22100000083446503,0.23000000417232513,0.23000000417232513,285700
2021-03-23,0.24899999797344208,0.24899999797344208,0.23000000417232513,0.23600000143051147,0.23600000143051147,82900
2021-03-24,0.23899999260902405,0.23999999463558197,0.22499999403953552,0.2290000021457672,0.2290000021457672,53200
2021-03-25,0.2280000001192093,0.25,0.22100000083446503,0.25,0.25,66300
2021-03-26,0.2409999966621399,0.25,0.2199999988079071,0.23499999940395355,0.23499999940395355,114100
2021-03-29,0.23499999940395355,0.23899999260902405,0.20000000298023224,0.23499999940395355,0.23499999940395355,200800
2021-03-30,0.23499999940395355,0.24899999797344208,0.22100000083446503,0.24899999797344208,0.24899999797344208,59400
2021-03-31,0.25,0.25099998712539673,0.22599999606609344,0.23499999940395355,0.23499999940395355,591600
2021-04-01,0.25999999046325684,0.25999999046325684,0.210999995470047,0.2199999988079071,0.2199999988079071,871200
2021-04-05,0.21799999475479126,0.23000000417232513,0.19900000095367432,0.20999999344348907,0.20999999344348907,742300
2021-04-06,0.20999999344348907,0.23000000417232513,0.1889999955892563,0.2150000035762787,0.2150000035762787,410500
2021-04-07,0.2150000035762787,0.2150000035762787,0.1899999976158142,0.2029999941587448,0.2029999941587448,284900
2021-04-08,0.20499999821186066,0.22499999403953552,0.20499999821186066,0.2199999988079071,0.2199999988079071,77700
2021-04-09,0.2199999988079071,0.24899999797344208,0.2199999988079071,0.23000000417232513,0.23000000417232513,336700
2021-04-12,0.23000000417232513,0.23000000417232513,0.20000000298023224,0.2199999988079071,0.2199999988079071,283800
2021-04-13,0.21799999475479126,0.23000000417232513,0.20999999344348907,0.2199999988079071,0.2199999988079071,245600
2021-04-14,0.2160000056028366,0.23499999940395355,0.20999999344348907,0.20999999344348907,0.20999999344348907,582700
2021-04-15,0.22300000488758087,0.22300000488758087,0.20000000298023224,0.20399999618530273,0.20399999618530273,311000
2021-04-16,0.2029999941587448,0.2370000034570694,0.1979999989271164,0.22699999809265137,0.22699999809265137,362800
2021-04-19,0.23000000417232513,0.28999999165534973,0.22100000083446503,0.27399998903274536,0.27399998903274536,619500
2021-04-20,0.28999999165534973,0.3400000035762787,0.27000001072883606,0.2879999876022339,0.2879999876022339,1047000
2021-04-21,0.28999999165534973,0.3199999928474426,0.2849999964237213,0.3199999928474426,0.3199999928474426,294700
2021-04-22,0.3199999928474426,0.36000001430511475,0.30300000309944153,0.32499998807907104,0.32499998807907104,679400
2021-04-23,0.33899998664855957,0.36500000953674316,0.30000001192092896,0.3199999928474426,0.3199999928474426,423600
2021-04-26,0.3199999928474426,0.3490000069141388,0.2800000011920929,0.3199999928474426,0.3199999928474426,388000
2021-04-27,0.30000001192092896,0.30000001192092896,0.2849999964237213,0.2849999964237213,0.2849999964237213,142900
2021-04-28,0.28600001335144043,0.2919999957084656,0.2409999966621399,0.28999999165534973,0.28999999165534973,693500
2021-04-29,0.28999999165534973,0.3160000145435333,0.27300000190734863,0.31200000643730164,0.31200000643730164,232600
2021-04-30,0.3160000145435333,0.3160000145435333,0.2800000011920929,0.30000001192092896,0.30000001192092896,91000
2021-05-03,0.30000001192092896,0.3490000069141388,0.2879999876022339,0.3199999928474426,0.3199999928474426,300600
2021-05-04,0.3199999928474426,0.3449999988079071,0.30000001192092896,0.33000001311302185,0.33000001311302185,372400
2021-05-05,0.3400000035762787,0.3400000035762787,0.30000001192092896,0.3199999928474426,0.3199999928474426,160500
2021-05-06,0.33000001311302185,0.33000001311302185,0.2800000011920929,0.3190000057220459,0.3190000057220459,303700
2021-05-07,0.3190000057220459,0.3190000057220459,0.2800000011920929,0.28299999237060547,0.28299999237060547,358800
2021-05-10,0.28600001335144043,0.30000001192092896,0.2800000011920929,0.2939999997615814,0.2939999997615814,70700
2021-05-11,0.2980000078678131,0.30000001192092896,0.2849999964237213,0.2849999964237213,0.2849999964237213,125900
2021-05-12,0.2849999964237213,0.30000001192092896,0.2849999964237213,0.29100000858306885,0.29100000858306885,332600
2021-05-13,0.29499998688697815,0.30000001192092896,0.2879999876022339,0.2930000126361847,0.2930000126361847,263100
2021-05-14,0.29100000858306885,0.30000001192092896,0.28600001335144043,0.29899999499320984,0.29899999499320984,298000
2021-05-17,0.28999999165534973,0.30000001192092896,0.27000001072883606,0.2800000011920929,0.2800000011920929,205300
2021-05-18,0.2759999930858612,0.28999999165534973,0.25999999046325684,0.2800000011920929,0.2800000011920929,228500
2021-05-19,0.27000001072883606,0.2800000011920929,0.25999999046325684,0.2669999897480011,0.2669999897480011,143800
2021-05-20,0.27000001072883606,0.27300000190734863,0.24899999797344208,0.27000001072883606,0.27000001072883606,305200
2021-05-21,0.27000001072883606,0.27000001072883606,0.24799999594688416,0.25999999046325684,0.25999999046325684,338000
2021-05-24,0.25999999046325684,0.27000001072883606,0.2529999911785126,0.2680000066757202,0.2680000066757202,434800
2021-05-25,0.2669999897480011,0.2750000059604645,0.2549999952316284,0.2549999952316284,0.2549999952316284,121200
2021-05-26,0.25099998712539673,0.27000001072883606,0.24799999594688416,0.257999986410141,0.257999986410141,219900
2021-05-27,0.257999986410141,0.26899999380111694,0.25200000405311584,0.25999999046325684,0.25999999046325684,394000
2021-05-28,0.25,0.26499998569488525,0.24799999594688416,0.25,0.25,633700
2021-06-01,0.25999999046325684,0.26899999380111694,0.23999999463558197,0.24699999392032623,0.24699999392032623,279500
2021-06-02,0.23899999260902405,0.2540000081062317,0.23499999940395355,0.24799999594688416,0.24799999594688416,154300
2021-06-03,0.25600001215934753,0.25600001215934753,0.20999999344348907,0.23999999463558197,0.23999999463558197,775500
2021-06-04,0.2329999953508377,0.23999999463558197,0.20999999344348907,0.21899999678134918,0.21899999678134918,513000
2021-06-07,0.21899999678134918,0.23000000417232513,0.2160000056028366,0.2280000001192093,0.2280000001192093,172800
2021-06-08,0.2280000001192093,0.2280000001192093,0.21299999952316284,0.2199999988079071,0.2199999988079071,276800
2021-06-09,0.2199999988079071,0.2280000001192093,0.21400000154972076,0.22699999809265137,0.22699999809265137,253200
2021-06-10,0.2199999988079071,0.25099998712539673,0.2199999988079071,0.22100000083446503,0.22100000083446503,379800
2021-06-11,0.22200000286102295,0.23000000417232513,0.21199999749660492,0.22499999403953552,0.22499999403953552,290300
2021-06-14,0.20999999344348907,0.2280000001192093,0.20999999344348907,0.22499999403953552,0.22499999403953552,46500
2021-06-15,0.2329999953508377,0.2329999953508377,0.21400000154972076,0.2199999988079071,0.2199999988079071,285900
2021-06-16,0.20999999344348907,0.23000000417232513,0.20999999344348907,0.2199999988079071,0.2199999988079071,86000
2021-06-17,0.2199999988079071,0.23000000417232513,0.210999995470047,0.2150000035762787,0.2150000035762787,227700
2021-06-18,0.22200000286102295,0.23000000417232513,0.2160000056028366,0.23000000417232513,0.23000000417232513,169500
2021-06-21,0.23000000417232513,0.23000000417232513,0.21799999475479126,0.22300000488758087,0.22300000488758087,140200
2021-06-22,0.22499999403953552,0.24500000476837158,0.22200000286102295,0.24300000071525574,0.24300000071525574,155500
2021-06-23,0.23999999463558197,0.25,0.23499999940395355,0.23499999940395355,0.23499999940395355,95900
2021-06-24,0.24400000274181366,0.25,0.23000000417232513,0.2370000034570694,0.2370000034570694,224500
2021-06-25,0.24300000071525574,0.24899999797344208,0.20800000429153442,0.23999999463558197,0.23999999463558197,176100
2021-06-28,0.2409999966621399,0.2800000011920929,0.23999999463558197,0.2800000011920929,0.2800000011920929,442900
2021-06-29,0.2800000011920929,0.3799999952316284,0.27900001406669617,0.375,0.375,1503300
2021-06-30,0.3799999952316284,0.6679999828338623,0.3799999952316284,0.4390000104904175,0.4390000104904175,5177300
2021-07-01,0.44999998807907104,0.4650000035762787,0.31200000643730164,0.4099999964237213,0.4099999964237213,2034600
2021-07-02,0.4000000059604645,0.46700000762939453,0.4000000059604645,0.41600000858306885,0.41600000858306885,774300
2021-07-06,0.42500001192092896,0.4790000021457672,0.37299999594688416,0.4129999876022339,0.4129999876022339,973300
2021-07-07,0.4000000059604645,0.4000000059604645,0.3050000071525574,0.38100001215934753,0.38100001215934753,1127700
2021-07-08,0.39500001072883606,0.39500001072883606,0.3199999928474426,0.3499999940395355,0.3499999940395355,395700
2021-07-09,0.37400001287460327,0.37400001287460327,0.33500000834465027,0.3499999940395355,0.3499999940395355,333300
2021-07-12,0.3790000081062317,0.3790000081062317,0.3400000035762787,0.36000001430511475,0.36000001430511475,384100
2021-07-13,0.35499998927116394,0.38999998569488525,0.3499999940395355,0.3799999952316284,0.3799999952316284,641300
2021-07-14,0.38999998569488525,0.4099999964237213,0.3499999940395355,0.38499999046325684,0.38499999046325684,485000
2021-07-15,0.39500001072883606,0.39500001072883606,0.36000001430511475,0.3700000047683716,0.3700000047683716,159700
2021-07-16,0.39500001072883606,0.39500001072883606,0.3630000054836273,0.3700000047683716,0.3700000047683716,160700
2021-07-19,0.375,0.375,0.36000001430511475,0.3619999885559082,0.3619999885559082,379700
2021-07-20,0.375,0.3799999952316284,0.36000001430511475,0.37299999594688416,0.37299999594688416,323800
2021-07-21,0.3889999985694885,0.3889999985694885,0.3630000054836273,0.367000013589859,0.367000013589859,80400
2021-07-22,0.36500000953674316,0.36899998784065247,0.3449999988079071,0.35499998927116394,0.35499998927116394,437200
2021-07-23,0.3490000069141388,0.35499998927116394,0.3400000035762787,0.3449999988079071,0.3449999988079071,195900
2021-07-26,0.3409999907016754,0.3700000047683716,0.3400000035762787,0.3580000102519989,0.3580000102519989,155500
2021-07-27,0.3700000047683716,0.3700000047683716,0.3499999940395355,0.36000001430511475,0.36000001430511475,309700
2021-07-28,0.3790000081062317,0.3790000081062317,0.3499999940395355,0.35100001096725464,0.35100001096725464,86200
2021-07-29,0.35100001096725464,0.36399999260902405,0.35100001096725464,0.36000001430511475,0.36000001430511475,140100
2021-07-30,0.36000001430511475,0.3799999952316284,0.35600000619888306,0.36500000953674316,0.36500000953674316,368900
2021-08-02,0.3700000047683716,0.3700000047683716,0.3499999940395355,0.35899999737739563,0.35899999737739563,98300
2021-08-03,0.36000001430511475,0.3700000047683716,0.35499998927116394,0.3700000047683716,0.3700000047683716,160600
2021-08-04,0.3700000047683716,0.3700000047683716,0.3569999933242798,0.3569999933242798,0.3569999933242798,195300
2021-08-05,0.36800000071525574,0.3700000047683716,0.3569999933242798,0.36000001430511475,0.36000001430511475,79200
2021-08-06,0.36000001430511475,0.3700000047683716,0.3569999933242798,0.36000001430511475,0.36000001430511475,204200
2021-08-09,0.3580000102519989,0.3700000047683716,0.3400000035762787,0.3409999907016754,0.3409999907016754,328900
2021-08-10,0.3499999940395355,0.4300000071525574,0.3400000035762787,0.3700000047683716,0.3700000047683716,653400
2021-08-11,0.3799999952316284,0.38999998569488525,0.35100001096725464,0.3799999952316284,0.3799999952316284,75300
2021-08-12,0.3799999952316284,0.3799999952316284,0.36000001430511475,0.3700000047683716,0.3700000047683716,167500
2021-08-13,0.3799999952316284,0.4300000071525574,0.3700000047683716,0.39500001072883606,0.39500001072883606,396500
2021-08-16,0.38999998569488525,0.4000000059604645,0.3799999952316284,0.38999998569488525,0.38999998569488525,116200
2021-08-17,0.39500001072883606,0.4050000011920929,0.38999998569488525,0.4000000059604645,0.4000000059604645,282600
2021-08-18,0.4009999930858612,0.41499999165534973,0.38100001215934753,0.41499999165534973,0.41499999165534973,204300
2021-08-19,0.39500001072883606,0.4099999964237213,0.375,0.38999998569488525,0.38999998569488525,86600
2021-08-20,0.39500001072883606,0.39500001072883606,0.37299999594688416,0.37599998712539673,0.37599998712539673,289500
2021-08-23,0.37700000405311584,0.38499999046325684,0.37299999594688416,0.375,0.375,111500
2021-08-24,0.37400001287460327,0.375,0.33000001311302185,0.33500000834465027,0.33500000834465027,459500
2021-08-25,0.3499999940395355,0.3499999940395355,0.3199999928474426,0.3499999940395355,0.3499999940395355,189600
2021-08-26,0.3499999940395355,0.3499999940395355,0.3199999928474426,0.33500000834465027,0.33500000834465027,268200
2021-08-27,0.33500000834465027,0.3400000035762787,0.3199999928474426,0.33399999141693115,0.33399999141693115,190400
2021-08-30,0.3319999873638153,0.34299999475479126,0.3149999976158142,0.32100000977516174,0.32100000977516174,75200
2021-08-31,0.33000001311302185,0.33500000834465027,0.32499998807907104,0.328000009059906,0.328000009059906,87000
2021-09-01,0.33500000834465027,0.33500000834465027,0.328000009059906,0.33399999141693115,0.33399999141693115,40600
2021-09-02,0.3319999873638153,0.33500000834465027,0.32199999690055847,0.32199999690055847,0.32199999690055847,93700
2021-09-03,0.32199999690055847,0.32899999618530273,0.3199999928474426,0.3199999928474426,0.3199999928474426,90600
2021-09-07,0.328000009059906,0.328000009059906,0.3160000145435333,0.3160000145435333,0.3160000145435333,80600
2021-09-08,0.3269999921321869,0.3269999921321869,0.31200000643730164,0.32100000977516174,0.32100000977516174,38700
2021-09-09,0.3269999921321869,0.33000001311302185,0.3190000057220459,0.3199999928474426,0.3199999928474426,161000
2021-09-10,0.33000001311302185,0.33000001311302185,0.3199999928474426,0.3199999928474426,0.3199999928474426,86800
2021-09-13,0.3199999928474426,0.328000009059906,0.3109999895095825,0.32499998807907104,0.32499998807907104,170700
2021-09-14,0.32499998807907104,0.32499998807907104,0.30300000309944153,0.3149999976158142,0.3149999976158142,86500
2021-09-15,0.31200000643730164,0.3580000102519989,0.3109999895095825,0.3310000002384186,0.3310000002384186,385900
2021-09-16,0.33000001311302185,0.3330000042915344,0.32600000500679016,0.33000001311302185,0.33000001311302185,194900
2021-09-17,0.33000001311302185,0.33000001311302185,0.32499998807907104,0.33000001311302185,0.33000001311302185,61200
2021-09-20,0.33000001311302185,0.33500000834465027,0.32499998807907104,0.33000001311302185,0.33000001311302185,98800
2021-09-21,0.3400000035762787,0.3449999988079071,0.3109999895095825,0.3230000138282776,0.3230000138282776,123400
2021-09-22,0.3269999921321869,0.32899999618530273,0.3160000145435333,0.3230000138282776,0.3230000138282776,40200
2021-09-23,0.328000009059906,0.328000009059906,0.28999999165534973,0.3179999887943268,0.3179999887943268,464700
2021-09-24,0.3059999942779541,0.3059999942779541,0.28999999165534973,0.3050000071525574,0.3050000071525574,209500
2021-09-27,0.3050000071525574,0.3050000071525574,0.28200000524520874,0.28700000047683716,0.28700000047683716,559500
2021-09-28,0.28700000047683716,0.28700000047683716,0.2630000114440918,0.2720000147819519,0.2720000147819519,331700
2021-09-29,0.2720000147819519,0.2800000011920929,0.26899999380111694,0.2800000011920929,0.2800000011920929,130300
2021-09-30,0.2800000011920929,0.3799999952316284,0.27000001072883606,0.28999999165534973,0.28999999165534973,251800
2021-10-01,0.28999999165534973,0.3199999928474426,0.28999999165534973,0.3109999895095825,0.3109999895095825,137000
2021-10-04,0.3199999928474426,0.3449999988079071,0.3109999895095825,0.3199999928474426,0.3199999928474426,352500
2021-10-05,0.33000001311302185,0.3400000035762787,0.31700000166893005,0.3330000042915344,0.3330000042915344,239600
2021-10-06,0.3400000035762787,0.3400000035762787,0.3199999928474426,0.3319999873638153,0.3319999873638153,14100
2021-10-07,0.3319999873638153,0.3319999873638153,0.3050000071525574,0.3100000023841858,0.3100000023841858,281800
2021-10-08,0.3190000057220459,0.3199999928474426,0.28999999165534973,0.30799999833106995,0.30799999833106995,256300
2021-10-11,0.3100000023841858,0.3100000023841858,0.28999999165534973,0.296999990940094,0.296999990940094,62400
2021-10-12,0.29499998688697815,0.30000001192092896,0.29499998688697815,0.29499998688697815,0.29499998688697815,85200
2021-10-13,0.296999990940094,0.30000001192092896,0.28999999165534973,0.2980000078678131,0.2980000078678131,116200
2021-10-14,0.29899999499320984,0.30000001192092896,0.29100000858306885,0.296999990940094,0.296999990940094,154900
2021-10-15,0.29499998688697815,0.29899999499320984,0.2849999964237213,0.2849999964237213,0.2849999964237213,145600
2021-10-18,0.289000004529953,0.289000004529953,0.2849999964237213,0.289000004529953,0.289000004529953,54400
2021-10-19,0.2849999964237213,0.289000004529953,0.2800000011920929,0.2800000011920929,0.2800000011920929,87800
2021-10-20,0.2800000011920929,0.28999999165534973,0.2800000011920929,0.2879999876022339,0.2879999876022339,92200
2021-10-21,0.2800000011920929,0.289000004529953,0.27300000190734863,0.2849999964237213,0.2849999964237213,182600
2021-10-22,0.28700000047683716,0.28700000047683716,0.27300000190734863,0.28600001335144043,0.28600001335144043,121500
2021-10-25,0.28600001335144043,0.28600001335144043,0.26499998569488525,0.27000001072883606,0.27000001072883606,372100
2021-10-26,0.2770000100135803,0.2800000011920929,0.2770000100135803,0.2770000100135803,0.2770000100135803,287200
2021-10-27,0.2750000059604645,0.28999999165534973,0.27000001072883606,0.2720000147819519,0.2720000147819519,77800
2021-10-28,0.2849999964237213,0.2849999964237213,0.2720000147819519,0.2800000011920929,0.2800000011920929,89900
2021-10-29,0.2709999978542328,0.2800000011920929,0.2709999978542328,0.2709999978542328,0.2709999978542328,125400
2021-11-01,0.2750000059604645,0.28999999165534973,0.2750000059604645,0.2750000059604645,0.2750000059604645,353200
2021-11-02,0.2800000011920929,0.28999999165534973,0.2720000147819519,0.2800000011920929,0.2800000011920929,207000
2021-11-03,0.2800000011920929,0.28700000047683716,0.2720000147819519,0.2809999883174896,0.2809999883174896,68800
2021-11-04,0.2770000100135803,0.2800000011920929,0.26600000262260437,0.27000001072883606,0.27000001072883606,298000
2021-11-05,0.27000001072883606,0.27000001072883606,0.25200000405311584,0.25200000405311584,0.25200000405311584,226200
2021-11-08,0.25,0.27000001072883606,0.25,0.26499998569488525,0.26499998569488525,227700
2021-11-09,0.26100000739097595,0.27000001072883606,0.25999999046325684,0.27000001072883606,0.27000001072883606,318000
2021-11-10,0.27000001072883606,0.27000001072883606,0.2680000066757202,0.2680000066757202,0.2680000066757202,38100
2021-11-11,0.26499998569488525,0.27000001072883606,0.26499998569488525,0.27000001072883606,0.27000001072883606,51900
2021-11-12,0.27300000190734863,0.2750000059604645,0.2529999911785126,0.27000001072883606,0.27000001072883606,65500
2021-11-15,0.27000001072883606,0.27000001072883606,0.25099998712539673,0.27000001072883606,0.27000001072883606,95300
2021-11-16,0.2529999911785126,0.2630000114440918,0.2460000067949295,0.2549999952316284,0.2549999952316284,404700
2021-11-17,0.25099998712539673,0.25999999046325684,0.23999999463558197,0.2409999966621399,0.2409999966621399,182000
2021-11-18,0.23600000143051147,0.2409999966621399,0.2160000056028366,0.23800000548362732,0.23800000548362732,243500
2021-11-19,0.23999999463558197,0.27000001072883606,0.2329999953508377,0.27000001072883606,0.27000001072883606,115800
2021-11-22,0.26499998569488525,0.2750000059604645,0.23999999463558197,0.27000001072883606,0.27000001072883606,148000
2021-11-23,0.27799999713897705,0.2800000011920929,0.25600001215934753,0.25999999046325684,0.25999999046325684,53900
2021-11-24,0.257999986410141,0.2680000066757202,0.24899999797344208,0.26600000262260437,0.26600000262260437,76400
2021-11-26,0.2680000066757202,0.27000001072883606,0.24500000476837158,0.2549999952316284,0.2549999952316284,124000
2021-11-29,0.27000001072883606,0.27000001072883606,0.24799999594688416,0.2590000033378601,0.2590000033378601,50800
2021-11-30,0.2529999911785126,0.2549999952316284,0.23499999940395355,0.2540000081062317,0.2540000081062317,114300
2021-12-01,0.2549999952316284,0.2549999952316284,0.24199999868869781,0.25,0.25,49500
2021-12-02,0.25200000405311584,0.2529999911785126,0.21299999952316284,0.24899999797344208,0.24899999797344208,183700
2021-12-03,0.24899999797344208,0.24899999797344208,0.2290000021457672,0.23999999463558197,0.23999999463558197,35800
2021-12-06,0.23499999940395355,0.24500000476837158,0.23000000417232513,0.23999999463558197,0.23999999463558197,101400
2021-12-07,0.24500000476837158,0.24500000476837158,0.2150000035762787,0.23000000417232513,0.23000000417232513,238500
2021-12-08,0.22300000488758087,0.24899999797344208,0.2150000035762787,0.23899999260902405,0.23899999260902405,75600
2021-12-09,0.23000000417232513,0.23000000417232513,0.2150000035762787,0.22499999403953552,0.22499999403953552,110800
2021-12-10,0.23000000417232513,0.23000000417232513,0.22200000286102295,0.22300000488758087,0.22300000488758087,187300
2021-12-13,0.23000000417232513,0.28999999165534973,0.23000000417232513,0.2800000011920929,0.2800000011920929,807500
2021-12-14,0.2709999978542328,0.28700000047683716,0.24500000476837158,0.2800000011920929,0.2800000011920929,278500
2021-12-15,0.2750000059604645,0.2800000011920929,0.2549999952316284,0.2709999978542328,0.2709999978542328,39900
2021-12-16,0.2800000011920929,0.2849999964237213,0.2590000033378601,0.2800000011920929,0.2800000011920929,91500
2021-12-17,0.28600001335144043,0.28600001335144043,0.25999999046325684,0.27799999713897705,0.27799999713897705,71400
2021-12-20,0.2800000011920929,0.2849999964237213,0.25999999046325684,0.27300000190734863,0.27300000190734863,357400
2021-12-21,0.26499998569488525,0.28299999237060547,0.26499998569488525,0.2680000066757202,0.2680000066757202,59400
2021-12-22,0.26499998569488525,0.27900001406669617,0.25600001215934753,0.2639999985694885,0.2639999985694885,118600
2021-12-23,0.2639999985694885,0.27000001072883606,0.25999999046325684,0.27000001072883606,0.27000001072883606,267500
2021-12-27,0.27000001072883606,0.2800000011920929,0.25999999046325684,0.27900001406669617,0.27900001406669617,147300
2021-12-28,0.27900001406669617,0.27900001406669617,0.25999999046325684,0.2630000114440918,0.2630000114440918,77500
2021-12-29,0.2630000114440918,0.26499998569488525,0.25,0.25999999046325684,0.25999999046325684,178200
2021-12-30,0.25099998712539673,0.25999999046325684,0.25,0.25999999046325684,0.25999999046325684,176300
2021-12-31,0.25099998712539673,0.25999999046325684,0.25,0.25999999046325684,0.25999999046325684,401400
2022-01-03,0.22200000286102295,0.25999999046325684,0.22200000286102295,0.23999999463558197,0.23999999463558197,153500
2022-01-04,0.22200000286102295,0.24500000476837158,0.22200000286102295,0.23999999463558197,0.23999999463558197,130700
2022-01-05,0.23000000417232513,0.24500000476837158,0.21799999475479126,0.22100000083446503,0.22100000083446503,247300
2022-01-06,0.2199999988079071,0.2290000021457672,0.20999999344348907,0.22499999403953552,0.22499999403953552,255000
2022-01-07,0.22699999809265137,0.22699999809265137,0.20499999821186066,0.2199999988079071,0.2199999988079071,188000
2022-01-10,0.16099999845027924,0.2280000001192093,0.16099999845027924,0.20800000429153442,0.20800000429153442,614300
2022-01-11,0.20999999344348907,0.2290000021457672,0.20000000298023224,0.2199999988079071,0.2199999988079071,84800
2022-01-12,0.23999999463558197,0.25,0.20999999344348907,0.2240000069141388,0.2240000069141388,686200
2022-01-13,0.20999999344348907,0.2290000021457672,0.20499999821186066,0.22599999606609344,0.22599999606609344,184100
2022-01-14,0.23199999332427979,0.23899999260902405,0.210999995470047,0.2240000069141388,0.2240000069141388,96600
2022-01-18,0.22200000286102295,0.2240000069141388,0.1940000057220459,0.20999999344348907,0.20999999344348907,212500
2022-01-19,0.2199999988079071,0.2199999988079071,0.20000000298023224,0.20999999344348907,0.20999999344348907,156900
2022-01-20,0.1899999976158142,0.2199999988079071,0.1899999976158142,0.20000000298023224,0.20000000298023224,120900
2022-01-21,0.20800000429153442,0.20800000429153442,0.18799999356269836,0.19099999964237213,0.19099999964237213,89500
2022-01-24,0.1809999942779541,0.19900000095367432,0.17100000381469727,0.1979999989271164,0.1979999989271164,153800
2022-01-25,0.1860000044107437,0.1979999989271164,0.17000000178813934,0.18000000715255737,0.18000000715255737,330000
2022-01-26,0.18000000715255737,0.1899999976158142,0.17499999701976776,0.1889999955892563,0.1889999955892563,279900
2022-01-27,0.1889999955892563,0.1889999955892563,0.18000000715255737,0.18000000715255737,0.18000000715255737,253600
2022-01-28,0.1850000023841858,0.1850000023841858,0.17499999701976776,0.1770000010728836,0.1770000010728836,263900
2022-01-31,0.1770000010728836,0.20000000298023224,0.17499999701976776,0.18000000715255737,0.18000000715255737,402500
2022-02-01,0.18700000643730164,0.18700000643730164,0.17599999904632568,0.1850000023841858,0.1850000023841858,49000
2022-02-02,0.19200000166893005,0.20000000298023224,0.17800000309944153,0.18000000715255737,0.18000000715255737,244600
2022-02-03,0.17599999904632568,0.18299999833106995,0.17499999701976776,0.18000000715255737,0.18000000715255737,245300
2022-02-04,0.18000000715255737,0.18000000715255737,0.17000000178813934,0.17599999904632568,0.17599999904632568,181300
2022-02-07,0.17000000178813934,0.17499999701976776,0.1509999930858612,0.1599999964237213,0.1599999964237213,1178900
2022-02-08,0.17000000178813934,0.17000000178813934,0.12099999934434891,0.1379999965429306,0.1379999965429306,624100
2022-02-09,0.1379999965429306,0.14499999582767487,0.13500000536441803,0.14100000262260437,0.14100000262260437,376400
2022-02-10,0.14499999582767487,0.14499999582767487,0.13899999856948853,0.14499999582767487,0.14499999582767487,120900
2022-02-11,0.14000000059604645,0.14499999582767487,0.14000000059604645,0.14000000059604645,0.14000000059604645,115000
2022-02-14,0.14000000059604645,0.14499999582767487,0.13099999725818634,0.13699999451637268,0.13699999451637268,163400
2022-02-15,0.13699999451637268,0.14800000190734863,0.12700000405311584,0.1459999978542328,0.1459999978542328,120900
2022-02-16,0.14399999380111694,0.1459999978542328,0.13099999725818634,0.1379999965429306,0.1379999965429306,289900
2022-02-17,0.13899999856948853,0.13899999856948853,0.11999999731779099,0.13500000536441803,0.13500000536441803,246400
2022-02-18,0.125,0.1340000033378601,0.11999999731779099,0.1289999932050705,0.1289999932050705,113300
2022-02-22,0.13099999725818634,0.13099999725818634,0.09600000083446503,0.10999999940395355,0.10999999940395355,746400
2022-02-23,0.11699999868869781,0.11999999731779099,0.10499999672174454,0.11999999731779099,0.11999999731779099,502800
2022-02-24,0.12300000339746475,0.12300000339746475,0.10100000351667404,0.11299999803304672,0.11299999803304672,236700
2022-02-25,0.11800000071525574,0.11999999731779099,0.09000000357627869,0.10999999940395355,0.10999999940395355,533400
2022-02-28,0.1080000028014183,0.11999999731779099,0.10000000149011612,0.10700000077486038,0.10700000077486038,225700
2022-03-01,0.10999999940395355,0.10999999940395355,0.08500000089406967,0.08900000154972076,0.08900000154972076,617000
2022-03-02,0.0989999994635582,0.0989999994635582,0.08100000023841858,0.09700000286102295,0.09700000286102295,908100
2022-03-03,0.09200000017881393,0.09799999743700027,0.07599999755620956,0.0860000029206276,0.0860000029206276,533000
2022-03-04,0.09799999743700027,0.09799999743700027,0.08100000023841858,0.08100000023841858,0.08100000023841858,361800
2022-03-07,0.0820000022649765,0.10300000011920929,0.0820000022649765,0.10300000011920929,0.10300000011920929,386100
2022-03-08,0.10499999672174454,0.12800000607967377,0.10199999809265137,0.12800000607967377,0.12800000607967377,1055500
2022-03-09,0.12999999523162842,0.1589999943971634,0.12999999523162842,0.1550000011920929,0.1550000011920929,914600
2022-03-10,0.17000000178813934,0.17000000178813934,0.15399999916553497,0.16500000655651093,0.16500000655651093,326400
2022-03-11,0.1550000011920929,0.23999999463558197,0.1550000011920929,0.2329999953508377,0.2329999953508377,1105200
2022-03-14,0.24500000476837158,0.27900001406669617,0.23100000619888306,0.24500000476837158,0.24500000476837158,1252800
2022-03-15,0.20900000631809235,0.25,0.1889999955892563,0.20499999821186066,0.20499999821186066,376100
2022-03-16,0.20900000631809235,0.20900000631809235,0.17900000512599945,0.1899999976158142,0.1899999976158142,129500
2022-03-17,0.1940000057220459,0.1940000057220459,0.16699999570846558,0.1850000023841858,0.1850000023841858,85500
2022-03-18,0.1899999976158142,0.19900000095367432,0.18000000715255737,0.1899999976158142,0.1899999976158142,50800
2022-03-21,0.1899999976158142,0.20000000298023224,0.1899999976158142,0.19900000095367432,0.19900000095367432,211500
2022-03-22,0.20000000298023224,0.20000000298023224,0.18400000035762787,0.19499999284744263,0.19499999284744263,258000
2022-03-23,0.19499999284744263,0.20000000298023224,0.18799999356269836,0.19900000095367432,0.19900000095367432,218600
2022-03-24,0.19900000095367432,0.20000000298023224,0.18299999833106995,0.19300000369548798,0.19300000369548798,97800
2022-03-25,0.18199999630451202,0.20000000298023224,0.18199999630451202,0.19099999964237213,0.19099999964237213,135800
2022-03-28,0.1899999976158142,0.20000000298023224,0.1850000023841858,0.1850000023841858,0.1850000023841858,105900
2022-03-29,0.1899999976158142,0.1899999976158142,0.18400000035762787,0.18400000035762787,0.18400000035762787,20000
2022-03-30,0.18199999630451202,0.18400000035762787,0.17599999904632568,0.18000000715255737,0.18000000715255737,119300
2022-03-31,0.1860000044107437,0.18700000643730164,0.17800000309944153,0.18299999833106995,0.18299999833106995,122700
2022-04-01,0.18400000035762787,0.18700000643730164,0.17000000178813934,0.18700000643730164,0.18700000643730164,194400
2022-04-04,0.18799999356269836,0.18799999356269836,0.17800000309944153,0.18400000035762787,0.18400000035762787,54800
2022-04-05,0.18400000035762787,0.1850000023841858,0.18000000715255737,0.18000000715255737,0.18000000715255737,45300
2022-04-06,0.18000000715255737,0.1809999942779541,0.17599999904632568,0.18000000715255737,0.18000000715255737,11300
2022-04-07,0.18199999630451202,0.18199999630451202,0.13300000131130219,0.16300000250339508,0.16300000250339508,442800
2022-04-08,0.1550000011920929,0.164000004529953,0.1550000011920929,0.15700000524520874,0.15700000524520874,4600
2022-04-11,0.16099999845027924,0.17000000178813934,0.1550000011920929,0.17000000178813934,0.17000000178813934,95600
2022-04-12,0.18000000715255737,0.1889999955892563,0.17299999296665192,0.17900000512599945,0.17900000512599945,243500
2022-04-13,0.18199999630451202,0.1889999955892563,0.17599999904632568,0.18700000643730164,0.18700000643730164,153900
2022-04-14,0.1889999955892563,0.1899999976158142,0.1809999942779541,0.1889999955892563,0.1889999955892563,118900
2022-04-18,0.1899999976158142,0.25,0.18299999833106995,0.21699999272823334,0.21699999272823334,935900
2022-04-19,0.23800000548362732,0.23800000548362732,0.1899999976158142,0.1899999976158142,0.1899999976158142,272600
2022-04-20,0.20000000298023224,0.20900000631809235,0.1860000044107437,0.19699999690055847,0.19699999690055847,326000
2022-04-21,0.1860000044107437,0.2070000022649765,0.1860000044107437,0.1940000057220459,0.1940000057220459,2500
2022-04-22,0.1860000044107437,0.19900000095367432,0.1860000044107437,0.1979999989271164,0.1979999989271164,20500
2022-04-25,0.20100000500679016,0.2070000022649765,0.17499999701976776,0.17499999701976776,0.17499999701976776,295400
2022-04-26,0.1889999955892563,0.19599999487400055,0.17499999701976776,0.17499999701976776,0.17499999701976776,442600
2022-04-27,0.18000000715255737,0.1979999989271164,0.17499999701976776,0.17900000512599945,0.17900000512599945,238700
2022-04-28,0.18199999630451202,0.18199999630451202,0.1809999942779541,0.1809999942779541,0.1809999942779541,7100
2022-04-29,0.18000000715255737,0.20000000298023224,0.17599999904632568,0.18000000715255737,0.18000000715255737,85200
2022-05-02,0.20000000298023224,0.20000000298023224,0.17000000178813934,0.1770000010728836,0.1770000010728836,347600
2022-05-03,0.1770000010728836,0.18799999356269836,0.17000000178813934,0.17900000512599945,0.17900000512599945,47900
2022-05-04,0.18400000035762787,0.18400000035762787,0.17299999296665192,0.17299999296665192,0.17299999296665192,103100
2022-05-05,0.1720000058412552,0.17499999701976776,0.1599999964237213,0.17499999701976776,0.17499999701976776,126300
2022-05-06,0.17499999701976776,0.17499999701976776,0.14499999582767487,0.15000000596046448,0.15000000596046448,679500
2022-05-09,0.15000000596046448,0.15700000524520874,0.14800000190734863,0.1550000011920929,0.1550000011920929,312500
2022-05-10,0.15000000596046448,0.15600000321865082,0.14300000667572021,0.15600000321865082,0.15600000321865082,93300
2022-05-11,0.14300000667572021,0.15399999916553497,0.14300000667572021,0.14300000667572021,0.14300000667572021,42700
2022-05-12,0.15000000596046448,0.15000000596046448,0.14300000667572021,0.14499999582767487,0.14499999582767487,162800
2022-05-13,0.14499999582767487,0.14499999582767487,0.14399999380111694,0.14499999582767487,0.14499999582767487,132400
2022-05-16,0.1509999930858612,0.1509999930858612,0.14300000667572021,0.14399999380111694,0.14399999380111694,23700
2022-05-17,0.15000000596046448,0.15000000596046448,0.14499999582767487,0.1469999998807907,0.1469999998807907,96700
2022-05-18,0.15000000596046448,0.15000000596046448,0.1469999998807907,0.1469999998807907,0.1469999998807907,65800
2022-05-19,0.1459999978542328,0.15000000596046448,0.1459999978542328,0.14800000190734863,0.14800000190734863,124600
2022-05-20,0.14900000393390656,0.14900000393390656,0.14800000190734863,0.14900000393390656,0.14900000393390656,31100
2022-05-23,0.15000000596046448,0.15000000596046448,0.1459999978542328,0.15000000596046448,0.15000000596046448,62800
2022-05-24,0.15299999713897705,0.15299999713897705,0.1420000046491623,0.1420000046491623,0.1420000046491623,52000
2022-05-25,0.1589999943971634,0.1589999943971634,0.14300000667572021,0.14300000667572021,0.14300000667572021,24800
2022-05-26,0.14900000393390656,0.1550000011920929,0.14000000059604645,0.14499999582767487,0.14499999582767487,394100
2022-05-27,0.14499999582767487,0.14900000393390656,0.14499999582767487,0.14900000393390656,0.14900000393390656,33300
2022-05-31,0.14900000393390656,0.15000000596046448,0.14499999582767487,0.1469999998807907,0.1469999998807907,4300
2022-06-01,0.14900000393390656,0.15000000596046448,0.14100000262260437,0.1459999978542328,0.1459999978542328,181100
2022-06-02,0.14900000393390656,0.15000000596046448,0.14499999582767487,0.1469999998807907,0.1469999998807907,29000
2022-06-03,0.14900000393390656,0.15000000596046448,0.14000000059604645,0.14499999582767487,0.14499999582767487,132900
2022-06-06,0.1459999978542328,0.1459999978542328,0.13899999856948853,0.14499999582767487,0.14499999582767487,54700
2022-06-07,0.14900000393390656,0.14900000393390656,0.14000000059604645,0.14000000059604645,0.14000000059604645,59400
2022-06-08,0.13099999725818634,0.15000000596046448,0.13099999725818634,0.14300000667572021,0.14300000667572021,437800
2022-06-09,0.14499999582767487,0.15000000596046448,0.13500000536441803,0.13600000739097595,0.13600000739097595,190100
2022-06-10,0.14000000059604645,0.14800000190734863,0.14000000059604645,0.14000000059604645,0.14000000059604645,82900
2022-06-13,0.14000000059604645,0.14499999582767487,0.13600000739097595,0.1379999965429306,0.1379999965429306,186800
2022-06-14,0.13600000739097595,0.1379999965429306,0.13500000536441803,0.13600000739097595,0.13600000739097595,70500
2022-06-15,0.13699999451637268,0.14000000059604645,0.11999999731779099,0.12200000137090683,0.12200000137090683,427600
2022-06-16,0.11999999731779099,0.1289999932050705,0.11999999731779099,0.12399999797344208,0.12399999797344208,144700
2022-06-17,0.10999999940395355,0.11999999731779099,0.10400000214576721,0.10999999940395355,0.10999999940395355,696800
2022-06-21,0.11400000005960464,0.11999999731779099,0.11400000005960464,0.11400000005960464,0.11400000005960464,72000
2022-06-22,0.11900000274181366,0.11900000274181366,0.10999999940395355,0.11400000005960464,0.11400000005960464,88400
2022-06-23,0.11299999803304672,0.11999999731779099,0.10999999940395355,0.11999999731779099,0.11999999731779099,108300
2022-06-24,0.11999999731779099,0.1420000046491623,0.10999999940395355,0.13600000739097595,0.13600000739097595,202600
2022-06-27,0.12999999523162842,0.14499999582767487,0.12099999934434891,0.12099999934434891,0.12099999934434891,207800
2022-06-28,0.13199999928474426,0.13199999928474426,0.11400000005960464,0.11999999731779099,0.11999999731779099,177600
2022-06-29,0.12999999523162842,0.13099999725818634,0.11100000143051147,0.11900000274181366,0.11900000274181366,271400
2022-06-30,0.11100000143051147,0.12399999797344208,0.10999999940395355,0.11500000208616257,0.11500000208616257,124600
2022-07-01,0.11900000274181366,0.12200000137090683,0.1080000028014183,0.10999999940395355,0.10999999940395355,279600
2022-07-05,0.10599999874830246,0.1120000034570694,0.10499999672174454,0.1120000034570694,0.1120000034570694,151000
2022-07-06,0.10999999940395355,0.14900000393390656,0.10499999672174454,0.14499999582767487,0.14499999582767487,692100
2022-07-07,0.13699999451637268,0.17000000178813934,0.13699999451637268,0.16099999845027924,0.16099999845027924,895300
2022-07-08,0.15600000321865082,0.18000000715255737,0.15600000321865082,0.1679999977350235,0.1679999977350235,435800
2022-07-11,0.16200000047683716,0.16200000047683716,0.1509999930858612,0.1509999930858612,0.1509999930858612,20700
2022-07-12,0.16200000047683716,0.16200000047683716,0.1289999932050705,0.14000000059604645,0.14000000059604645,172800
2022-07-13,0.13300000131130219,0.1379999965429306,0.12200000137090683,0.12399999797344208,0.12399999797344208,121700
2022-07-14,0.11999999731779099,0.12399999797344208,0.10999999940395355,0.11100000143051147,0.11100000143051147,472600
2022-07-15,0.11500000208616257,0.11500000208616257,0.1120000034570694,0.11500000208616257,0.11500000208616257,46500
2022-07-18,0.11299999803304672,0.11500000208616257,0.10599999874830246,0.11299999803304672,0.11299999803304672,258100
2022-07-19,0.1120000034570694,0.11999999731779099,0.10999999940395355,0.11999999731779099,0.11999999731779099,207800
2022-07-20,0.11999999731779099,0.12300000339746475,0.1080000028014183,0.11999999731779099,0.11999999731779099,224600
2022-07-21,0.11800000071525574,0.12300000339746475,0.10999999940395355,0.11800000071525574,0.11800000071525574,116000
2022-07-22,0.10999999940395355,0.11699999868869781,0.10999999940395355,0.11500000208616257,0.11500000208616257,237300
2022-07-25,0.11500000208616257,0.11599999666213989,0.10999999940395355,0.11100000143051147,0.11100000143051147,252300
2022-07-26,0.11500000208616257,0.11500000208616257,0.10199999809265137,0.1080000028014183,0.1080000028014183,429600
2022-07-27,0.10999999940395355,0.10999999940395355,0.10499999672174454,0.10499999672174454,0.10499999672174454,256900
2022-07-28,0.10999999940395355,0.10999999940395355,0.10300000011920929,0.1080000028014183,0.1080000028014183,178900
2022-07-29,0.10899999737739563,0.10899999737739563,0.10400000214576721,0.1080000028014183,0.1080000028014183,178800
2022-08-01,0.10700000077486038,0.10700000077486038,0.10199999809265137,0.10499999672174454,0.10499999672174454,296500
2022-08-02,0.10999999940395355,0.10999999940395355,0.10199999809265137,0.10199999809265137,0.10199999809265137,260100
2022-08-03,0.10300000011920929,0.1080000028014183,0.10199999809265137,0.10499999672174454,0.10499999672174454,346100
2022-08-04,0.10599999874830246,0.1080000028014183,0.10000000149011612,0.10400000214576721,0.10400000214576721,826000
2022-08-05,0.10400000214576721,0.10999999940395355,0.10000000149011612,0.10300000011920929,0.10300000011920929,427800
2022-08-08,0.10899999737739563,0.10899999737739563,0.10300000011920929,0.1080000028014183,0.1080000028014183,247400
2022-08-09,0.1080000028014183,0.10999999940395355,0.10499999672174454,0.10899999737739563,0.10899999737739563,330600
2022-08-10,0.10899999737739563,0.12200000137090683,0.1080000028014183,0.11800000071525574,0.11800000071525574,501100
2022-08-11,0.11599999666213989,0.12099999934434891,0.11599999666213989,0.11800000071525574,0.11800000071525574,8200
2022-08-12,0.11599999666213989,0.12200000137090683,0.10499999672174454,0.10999999940395355,0.10999999940395355,287500
2022-08-15,0.11299999803304672,0.11299999803304672,0.10300000011920929,0.10999999940395355,0.10999999940395355,153300
2022-08-16,0.10700000077486038,0.10999999940395355,0.10400000214576721,0.1080000028014183,0.1080000028014183,269400
2022-08-17,0.1080000028014183,0.10999999940395355,0.10499999672174454,0.10899999737739563,0.10899999737739563,78700
2022-08-18,0.10899999737739563,0.10899999737739563,0.10300000011920929,0.10599999874830246,0.10599999874830246,137700
2022-08-19,0.10999999940395355,0.10999999940395355,0.10400000214576721,0.10400000214576721,0.10400000214576721,54600
2022-08-22,0.10199999809265137,0.10999999940395355,0.10199999809265137,0.10899999737739563,0.10899999737739563,31800
2022-08-23,0.10599999874830246,0.1080000028014183,0.09700000286102295,0.10000000149011612,0.10000000149011612,449500
2022-08-24,0.10300000011920929,0.10700000077486038,0.10000000149011612,0.10700000077486038,0.10700000077486038,58700
2022-08-25,0.10000000149011612,0.11500000208616257,0.10000000149011612,0.10899999737739563,0.10899999737739563,143900
2022-08-26,0.10899999737739563,0.11100000143051147,0.10599999874830246,0.10999999940395355,0.10999999940395355,122200
2022-08-29,0.11500000208616257,0.11500000208616257,0.10499999672174454,0.10499999672174454,0.10499999672174454,57200
2022-08-30,0.10700000077486038,0.10999999940395355,0.10199999809265137,0.10499999672174454,0.10499999672174454,231800
2022-08-31,0.10400000214576721,0.11999999731779099,0.10400000214576721,0.10599999874830246,0.10599999874830246,222100
2022-09-01,0.10400000214576721,0.11999999731779099,0.10000000149011612,0.11500000208616257,0.11500000208616257,208300
2022-09-02,0.11500000208616257,0.12200000137090683,0.11100000143051147,0.12200000137090683,0.12200000137090683,226100
2022-09-06,0.12200000137090683,0.12200000137090683,0.0989999994635582,0.11100000143051147,0.11100000143051147,516700
2022-09-07,0.11100000143051147,0.11500000208616257,0.11100000143051147,0.11400000005960464,0.11400000005960464,67300
2022-09-08,0.11999999731779099,0.12200000137090683,0.11999999731779099,0.12200000137090683,0.12200000137090683,384300
2022-09-09,0.12999999523162842,0.1420000046491623,0.11999999731779099,0.14000000059604645,0.14000000059604645,490000
2022-09-12,0.14000000059604645,0.1420000046491623,0.14000000059604645,0.14000000059604645,0.14000000059604645,78000
2022-09-13,0.1420000046491623,0.1420000046491623,0.13899999856948853,0.14000000059604645,0.14000000059604645,32100
2022-09-14,0.14000000059604645,0.14000000059604645,0.1289999932050705,0.13899999856948853,0.13899999856948853,70100
2022-09-15,0.14000000059604645,0.14000000059604645,0.12999999523162842,0.13500000536441803,0.13500000536441803,18200
2022-09-16,0.12999999523162842,0.14000000059604645,0.12700000405311584,0.1289999932050705,0.1289999932050705,21800
2022-09-19,0.14000000059604645,0.14000000059604645,0.12700000405311584,0.12700000405311584,0.12700000405311584,58500
2022-09-20,0.14000000059604645,0.14000000059604645,0.14000000059604645,0.14000000059604645,0.14000000059604645,1500
2022-09-21,0.14000000059604645,0.14000000059604645,0.12700000405311584,0.14000000059604645,0.14000000059604645,31000
2022-09-22,0.12700000405311584,0.12700000405311584,0.11999999731779099,0.11999999731779099,0.11999999731779099,102700
2022-09-23,0.12300000339746475,0.12300000339746475,0.10999999940395355,0.10999999940395355,0.10999999940395355,133500
2022-09-26,0.11599999666213989,0.11599999666213989,0.10199999809265137,0.11599999666213989,0.11599999666213989,32100
2022-09-27,0.11599999666213989,0.11599999666213989,0.10999999940395355,0.11100000143051147,0.11100000143051147,73400
2022-09-28,0.10999999940395355,0.13099999725818634,0.10300000011920929,0.12700000405311584,0.12700000405311584,314800
2022-09-29,0.13600000739097595,0.13600000739097595,0.1120000034570694,0.11999999731779099,0.11999999731779099,108100
2022-09-30,0.12300000339746475,0.12999999523162842,0.10199999809265137,0.11500000208616257,0.11500000208616257,326700
2022-10-03,0.11400000005960464,0.11900000274181366,0.10199999809265137,0.10899999737739563,0.10899999737739563,141700
2022-10-04,0.11400000005960464,0.11999999731779099,0.10599999874830246,0.11999999731779099,0.11999999731779099,215700
2022-10-05,0.11999999731779099,0.125,0.1080000028014183,0.1080000028014183,0.1080000028014183,53200
2022-10-06,0.10999999940395355,0.11699999868869781,0.10999999940395355,0.11699999868869781,0.11699999868869781,22500
2022-10-07,0.13600000739097595,0.13600000739097595,0.10199999809265137,0.10499999672174454,0.10499999672174454,113800
2022-10-10,0.10199999809265137,0.10499999672174454,0.10000000149011612,0.10199999809265137,0.10199999809265137,194800
2022-10-11,0.11599999666213989,0.11599999666213989,0.0989999994635582,0.10499999672174454,0.10499999672174454,143100
2022-10-12,0.10000000149011612,0.10999999940395355,0.09399999678134918,0.10999999940395355,0.10999999940395355,269800
2022-10-13,0.10999999940395355,0.10999999940395355,0.10000000149011612,0.10100000351667404,0.10100000351667404,248800
2022-10-14,0.10999999940395355,0.10999999940395355,0.09799999743700027,0.10000000149011612,0.10000000149011612,113800
2022-10-17,0.09600000083446503,0.10999999940395355,0.09200000017881393,0.10999999940395355,0.10999999940395355,364700
2022-10-18,0.10999999940395355,0.10999999940395355,0.0949999988079071,0.0989999994635582,0.0989999994635582,164500
2022-10-19,0.10000000149011612,0.10000000149011612,0.09399999678134918,0.0949999988079071,0.0949999988079071,111600
2022-10-20,0.10300000011920929,0.10999999940395355,0.09200000017881393,0.10300000011920929,0.10300000011920929,199100
2022-10-21,0.10000000149011612,0.11500000208616257,0.09600000083446503,0.11400000005960464,0.11400000005960464,136700
2022-10-24,0.10999999940395355,0.10999999940395355,0.10199999809265137,0.10700000077486038,0.10700000077486038,49600
2022-10-25,0.1080000028014183,0.10999999940395355,0.10000000149011612,0.10300000011920929,0.10300000011920929,88300
2022-10-26,0.10599999874830246,0.10599999874830246,0.10000000149011612,0.10000000149011612,0.10000000149011612,55900
2022-10-27,0.10400000214576721,0.10400000214576721,0.10000000149011612,0.10199999809265137,0.10199999809265137,11300
2022-10-28,0.10400000214576721,0.10400000214576721,0.10000000149011612,0.10000000149011612,0.10000000149011612,67400
2022-10-31,0.10400000214576721,0.10499999672174454,0.09300000220537186,0.0949999988079071,0.0949999988079071,106100
2022-11-01,0.10000000149011612,0.10000000149011612,0.09600000083446503,0.09600000083446503,0.09600000083446503,46800
2022-11-02,0.09399999678134918,0.09799999743700027,0.09200000017881393,0.09399999678134918,0.09399999678134918,190700
2022-11-03,0.09399999678134918,0.09700000286102295,0.09200000017881393,0.09700000286102295,0.09700000286102295,99800
2022-11-04,0.10000000149011612,0.10000000149011612,0.09000000357627869,0.09700000286102295,0.09700000286102295,189600
2022-11-07,0.07999999821186066,0.0949999988079071,0.07800000160932541,0.09099999815225601,0.09099999815225601,398200
2022-11-08,0.09099999815225601,0.09700000286102295,0.0860000029206276,0.09700000286102295,0.09700000286102295,143900
2022-11-09,0.10000000149011612,0.10000000149011612,0.09000000357627869,0.0989999994635582,0.0989999994635582,40100
2022-11-10,0.10400000214576721,0.10400000214576721,0.08699999749660492,0.09000000357627869,0.09000000357627869,182300
2022-11-11,0.09600000083446503,0.0989999994635582,0.0860000029206276,0.09399999678134918,0.09399999678134918,147000
2022-11-14,0.10000000149011612,0.10400000214576721,0.08699999749660492,0.09600000083446503,0.09600000083446503,104400
2022-11-15,0.0949999988079071,0.0989999994635582,0.09000000357627869,0.0949999988079071,0.0949999988079071,52700
2022-11-16,0.09000000357627869,0.0949999988079071,0.08699999749660492,0.09000000357627869,0.09000000357627869,45600
2022-11-17,0.09300000220537186,0.09300000220537186,0.08500000089406967,0.09000000357627869,0.09000000357627869,156600
2022-11-18,0.09099999815225601,0.0949999988079071,0.0860000029206276,0.08699999749660492,0.08699999749660492,81300
2022-11-21,0.08699999749660492,0.08699999749660492,0.08100000023841858,0.08299999684095383,0.08299999684095383,330100
2022-11-22,0.08299999684095383,0.08399999886751175,0.07999999821186066,0.08299999684095383,0.08299999684095383,263700
2022-11-23,0.07999999821186066,0.0820000022649765,0.07999999821186066,0.07999999821186066,0.07999999821186066,270000
2022-11-25,0.07999999821186066,0.08100000023841858,0.07999999821186066,0.08100000023841858,0.08100000023841858,102000
2022-11-28,0.07900000363588333,0.08100000023841858,0.07800000160932541,0.07900000363588333,0.07900000363588333,679400
2022-11-29,0.07599999755620956,0.07999999821186066,0.0689999982714653,0.07000000029802322,0.07000000029802322,282300
2022-11-30,0.07400000095367432,0.07500000298023224,0.06499999761581421,0.06599999964237213,0.06599999964237213,855900
2022-12-01,0.06499999761581421,0.07800000160932541,0.06499999761581421,0.07100000232458115,0.07100000232458115,274500
2022-12-02,0.07100000232458115,0.07199999690055847,0.06800000369548798,0.07000000029802322,0.07000000029802322,107400
2022-12-05,0.03200000151991844,0.06800000369548798,0.03200000151991844,0.06800000369548798,0.06800000369548798,437900
2022-12-06,0.05999999865889549,0.07000000029802322,0.05999999865889549,0.06300000101327896,0.06300000101327896,27200
2022-12-07,0.06800000369548798,0.06800000369548798,0.052000001072883606,0.057999998331069946,0.057999998331069946,282900
2022-12-08,0.05900000035762787,0.061000000685453415,0.05900000035762787,0.05900000035762787,0.05900000035762787,65100
2022-12-09,0.054999999701976776,0.061000000685453415,0.05000000074505806,0.054999999701976776,0.054999999701976776,121100
2022-12-12,0.05299999937415123,0.05299999937415123,0.03799999877810478,0.03999999910593033,0.03999999910593033,802900
2022-12-13,0.04399999976158142,0.04899999871850014,0.035999998450279236,0.035999998450279236,0.035999998450279236,581000
2022-12-14,0.03799999877810478,0.0430000014603138,0.035999998450279236,0.04100000113248825,0.04100000113248825,621800
2022-12-15,0.03799999877810478,0.03999999910593033,0.035999998450279236,0.03799999877810478,0.03799999877810478,82900
2022-12-16,0.03700000047683716,0.039000000804662704,0.03700000047683716,0.039000000804662704,0.039000000804662704,52600
2022-12-19,0.03999999910593033,0.04399999976158142,0.03799999877810478,0.03799999877810478,0.03799999877810478,264400
2022-12-20,0.03999999910593033,0.04399999976158142,0.03500000014901161,0.0430000014603138,0.0430000014603138,235300
2022-12-21,0.05000000074505806,0.05400000140070915,0.04699999839067459,0.05400000140070915,0.05400000140070915,245200
2022-12-22,0.05299999937415123,0.05299999937415123,0.027000000700354576,0.03500000014901161,0.03500000014901161,595700
2022-12-23,0.03500000014901161,0.050999999046325684,0.03500000014901161,0.05000000074505806,0.05000000074505806,493000
2022-12-27,0.05000000074505806,0.05999999865889549,0.04500000178813934,0.05000000074505806,0.05000000074505806,287600
2022-12-28,0.05000000074505806,0.05000000074505806,0.04500000178813934,0.04699999839067459,0.04699999839067459,142200
2022-12-29,0.05000000074505806,0.05900000035762787,0.04100000113248825,0.04100000113248825,0.04100000113248825,510500
2022-12-30,0.04100000113248825,0.04800000041723251,0.03099999949336052,0.04800000041723251,0.04800000041723251,534300
2023-01-03,0.04800000041723251,0.04800000041723251,0.039000000804662704,0.039000000804662704,0.039000000804662704,130300
2023-01-04,0.04800000041723251,0.04800000041723251,0.039000000804662704,0.039000000804662704,0.039000000804662704,161200
2023-01-05,0.03999999910593033,0.04800000041723251,0.035999998450279236,0.04800000041723251,0.04800000041723251,219100
2023-01-06,0.04800000041723251,0.04800000041723251,0.03799999877810478,0.04699999839067459,0.04699999839067459,6900
2023-01-09,0.03999999910593033,0.05299999937415123,0.03999999910593033,0.0430000014603138,0.0430000014603138,197800
2023-01-10,0.03999999910593033,0.04399999976158142,0.03799999877810478,0.041999999433755875,0.041999999433755875,44900
2023-01-11,0.03999999910593033,0.05299999937415123,0.03999999910593033,0.0430000014603138,0.0430000014603138,180200
2023-01-12,0.04100000113248825,0.04800000041723251,0.04100000113248825,0.04800000041723251,0.04800000041723251,203800
2023-01-13,0.04800000041723251,0.04800000041723251,0.04100000113248825,0.04500000178813934,0.04500000178813934,117000
2023-01-17,0.035999998450279236,0.04699999839067459,0.035999998450279236,0.041999999433755875,0.041999999433755875,139900
2023-01-18,0.039000000804662704,0.04100000113248825,0.035999998450279236,0.03799999877810478,0.03799999877810478,374600
2023-01-19,0.039000000804662704,0.041999999433755875,0.03700000047683716,0.039000000804662704,0.039000000804662704,378500
2023-01-20,0.03999999910593033,0.0430000014603138,0.039000000804662704,0.0430000014603138,0.0430000014603138,105000
2023-01-23,0.04399999976158142,0.04500000178813934,0.041999999433755875,0.04399999976158142,0.04399999976158142,630400
2023-01-24,0.04399999976158142,0.04399999976158142,0.03799999877810478,0.04399999976158142,0.04399999976158142,237500
2023-01-25,0.041999999433755875,0.041999999433755875,0.03999999910593033,0.03999999910593033,0.03999999910593033,103800
2023-01-26,0.03999999910593033,0.04399999976158142,0.03799999877810478,0.04100000113248825,0.04100000113248825,366100
2023-01-27,0.04399999976158142,0.04600000008940697,0.039000000804662704,0.039000000804662704,0.039000000804662704,269500
2023-01-30,0.039000000804662704,0.04500000178813934,0.039000000804662704,0.039000000804662704,0.039000000804662704,257300
2023-01-31,0.04500000178813934,0.04500000178813934,0.035999998450279236,0.03999999910593033,0.03999999910593033,366400
2023-02-01,0.03700000047683716,0.04100000113248825,0.03700000047683716,0.04100000113248825,0.04100000113248825,119800
2023-02-02,0.03799999877810478,0.04699999839067459,0.03799999877810478,0.04699999839067459,0.04699999839067459,141500
2023-02-03,0.04600000008940697,0.05000000074505806,0.04399999976158142,0.04399999976158142,0.04399999976158142,164300
2023-02-06,0.04399999976158142,0.05000000074505806,0.04100000113248825,0.04100000113248825,0.04100000113248825,223400
2023-02-07,0.04699999839067459,0.04800000041723251,0.04100000113248825,0.04100000113248825,0.04100000113248825,23600
2023-02-08,0.041999999433755875,0.04500000178813934,0.04100000113248825,0.04500000178813934,0.04500000178813934,37800
2023-02-09,0.05000000074505806,0.05000000074505806,0.04100000113248825,0.041999999433755875,0.041999999433755875,415900
2023-02-10,0.04600000008940697,0.04899999871850014,0.041999999433755875,0.04500000178813934,0.04500000178813934,116700
2023-02-13,0.0430000014603138,0.0430000014603138,0.041999999433755875,0.041999999433755875,0.041999999433755875,7300
2023-02-14,0.0430000014603138,0.04399999976158142,0.0430000014603138,0.0430000014603138,0.0430000014603138,84700
2023-02-15,0.041999999433755875,0.04699999839067459,0.041999999433755875,0.04500000178813934,0.04500000178813934,70500
2023-02-16,0.04399999976158142,0.04399999976158142,0.04100000113248825,0.04100000113248825,0.04100000113248825,125800
2023-02-17,0.04600000008940697,0.04600000008940697,0.0430000014603138,0.0430000014603138,0.0430000014603138,2400
2023-02-21,0.04600000008940697,0.04600000008940697,0.041999999433755875,0.041999999433755875,0.041999999433755875,26600
2023-02-22,0.03999999910593033,0.04600000008940697,0.03999999910593033,0.04600000008940697,0.04600000008940697,92000
2023-02-23,0.041999999433755875,0.04500000178813934,0.041999999433755875,0.04500000178813934,0.04500000178813934,2000
2023-02-24,0.041999999433755875,0.04500000178813934,0.041999999433755875,0.0430000014603138,0.0430000014603138,50900
2023-02-27,0.04399999976158142,0.04699999839067459,0.04100000113248825,0.041999999433755875,0.041999999433755875,54000
2023-02-28,0.041999999433755875,0.04899999871850014,0.039000000804662704,0.04899999871850014,0.04899999871850014,157500
2023-03-01,0.04600000008940697,0.04800000041723251,0.04399999976158142,0.04800000041723251,0.04800000041723251,17400
2023-03-02,0.04399999976158142,0.04800000041723251,0.04399999976158142,0.04399999976158142,0.04399999976158142,31200
2023-03-03,0.04600000008940697,0.04800000041723251,0.041999999433755875,0.041999999433755875,0.041999999433755875,73300
2023-03-06,0.041999999433755875,0.041999999433755875,0.035999998450279236,0.04100000113248825,0.04100000113248825,240400
2023-03-07,0.03500000014901161,0.039000000804662704,0.03400000184774399,0.03700000047683716,0.03700000047683716,381500
2023-03-08,0.03700000047683716,0.03999999910593033,0.03700000047683716,0.03999999910593033,0.03999999910593033,20000
2023-03-09,0.03999999910593033,0.03999999910593033,0.03200000151991844,0.03799999877810478,0.03799999877810478,59300
2023-03-10,0.03200000151991844,0.039000000804662704,0.03200000151991844,0.03799999877810478,0.03799999877810478,47300
2023-03-13,0.03799999877810478,0.041999999433755875,0.03799999877810478,0.03999999910593033,0.03999999910593033,232600
2023-03-14,0.03799999877810478,0.03799999877810478,0.03799999877810478,0.03799999877810478,0.03799999877810478,3000
2023-03-15,0.039000000804662704,0.03999999910593033,0.035999998450279236,0.03799999877810478,0.03799999877810478,140600
2023-03-16,0.03799999877810478,0.03999999910593033,0.03799999877810478,0.039000000804662704,0.039000000804662704,15100
2023-03-17,0.035999998450279236,0.03999999910593033,0.035999998450279236,0.039000000804662704,0.039000000804662704,12000
2023-03-20,0.03700000047683716,0.03999999910593033,0.03500000014901161,0.03500000014901161,0.03500000014901161,112000
2023-03-21,0.03999999910593033,0.03999999910593033,0.03400000184774399,0.03799999877810478,0.03799999877810478,31400
2023-03-22,0.029999999329447746,0.03999999910593033,0.029999999329447746,0.03999999910593033,0.03999999910593033,1400
2023-03-23,0.03799999877810478,0.03999999910593033,0.03799999877810478,0.03999999910593033,0.03999999910593033,3100
2023-03-24,0.039000000804662704,0.039000000804662704,0.03799999877810478,0.03799999877810478,0.03799999877810478,48500
2023-03-27,0.03500000014901161,0.04500000178813934,0.03500000014901161,0.03999999910593033,0.03999999910593033,297900
2023-03-28,0.03500000014901161,0.04500000178813934,0.03500000014901161,0.0430000014603138,0.0430000014603138,154500
2023-03-29,0.0430000014603138,0.04800000041723251,0.0430000014603138,0.0430000014603138,0.0430000014603138,131100
2023-03-30,0.0430000014603138,0.04699999839067459,0.0430000014603138,0.04699999839067459,0.04699999839067459,17300
2023-03-31,0.0430000014603138,0.04699999839067459,0.03999999910593033,0.04500000178813934,0.04500000178813934,36200
2023-04-03,0.041999999433755875,0.04500000178813934,0.041999999433755875,0.04500000178813934,0.04500000178813934,3400
2023-04-04,0.03999999910593033,0.04899999871850014,0.03999999910593033,0.04899999871850014,0.04899999871850014,1500
2023-04-05,0.04399999976158142,0.04600000008940697,0.03400000184774399,0.0430000014603138,0.0430000014603138,113600
2023-04-06,0.03999999910593033,0.04899999871850014,0.03999999910593033,0.04500000178813934,0.04500000178813934,123000
2023-04-10,0.035999998450279236,0.0430000014603138,0.035999998450279236,0.0430000014603138,0.0430000014603138,7600
2023-04-11,0.04500000178813934,0.04500000178813934,0.04500000178813934,0.04500000178813934,0.04500000178813934,700
2023-04-12,0.04699999839067459,0.04699999839067459,0.03999999910593033,0.041999999433755875,0.041999999433755875,79600
2023-04-13,0.04500000178813934,0.04699999839067459,0.04100000113248825,0.04399999976158142,0.04399999976158142,25500
2023-04-14,0.04699999839067459,0.04899999871850014,0.04600000008940697,0.04899999871850014,0.04899999871850014,95400
2023-04-17,0.04899999871850014,0.04899999871850014,0.03999999910593033,0.04600000008940697,0.04600000008940697,184000
2023-04-18,0.04899999871850014,0.05000000074505806,0.04500000178813934,0.04500000178813934,0.04500000178813934,389300
2023-04-19,0.04800000041723251,0.04800000041723251,0.04500000178813934,0.04500000178813934,0.04500000178813934,113100
2023-04-20,0.04500000178813934,0.04699999839067459,0.04500000178813934,0.04699999839067459,0.04699999839067459,1000
2023-04-21,0.04600000008940697,0.04699999839067459,0.03999999910593033,0.04699999839067459,0.04699999839067459,62600
2023-04-24,0.03999999910593033,0.03999999910593033,0.03999999910593033,0.03999999910593033,0.03999999910593033,3500
2023-04-25,0.04399999976158142,0.05000000074505806,0.03999999910593033,0.04399999976158142,0.04399999976158142,423800
2023-04-26,0.0430000014603138,0.0430000014603138,0.0430000014603138,0.0430000014603138,0.0430000014603138,3500
2023-04-27,0.05000000074505806,0.05999999865889549,0.04800000041723251,0.057999998331069946,0.057999998331069946,1872900
2023-04-28,0.05999999865889549,0.05999999865889549,0.050999999046325684,0.05299999937415123,0.05299999937415123,861200
2023-05-01,0.052000001072883606,0.0560000017285347,0.03799999877810478,0.0430000014603138,0.0430000014603138,992300
2023-05-02,0.039000000804662704,0.04500000178813934,0.027000000700354576,0.028999999165534973,0.028999999165534973,1478600
2023-05-03,0.027000000700354576,0.035999998450279236,0.02199999988079071,0.029999999329447746,0.029999999329447746,957200
2023-05-04,0.03400000184774399,0.035999998450279236,0.02800000086426735,0.02800000086426735,0.02800000086426735,249200
2023-05-05,0.03200000151991844,0.035999998450279236,0.028999999165534973,0.029999999329447746,0.029999999329447746,266800
2023-05-08,0.029999999329447746,0.035999998450279236,0.029999999329447746,0.035999998450279236,0.035999998450279236,465200
2023-05-09,0.035999998450279236,0.03700000047683716,0.03500000014901161,0.03700000047683716,0.03700000047683716,87800
2023-05-10,0.03799999877810478,0.03999999910593033,0.035999998450279236,0.03799999877810478,0.03799999877810478,355700
2023-05-11,0.03799999877810478,0.03799999877810478,0.03400000184774399,0.03400000184774399,0.03400000184774399,152300
2023-05-12,0.03799999877810478,0.03799999877810478,0.032999999821186066,0.032999999821186066,0.032999999821186066,4500
2023-05-15,0.03799999877810478,0.03799999877810478,0.03700000047683716,0.03700000047683716,0.03700000047683716,12400
2023-05-16,0.03700000047683716,0.03700000047683716,0.03700000047683716,0.03700000047683716,0.03700000047683716,0
2023-05-17,0.03700000047683716,0.04399999976158142,0.03700000047683716,0.0430000014603138,0.0430000014603138,212300
2023-05-18,0.03700000047683716,0.04600000008940697,0.03700000047683716,0.03799999877810478,0.03799999877810478,506600
2023-05-19,0.039000000804662704,0.04600000008940697,0.03700000047683716,0.039000000804662704,0.039000000804662704,127500
2023-05-22,0.03999999910593033,0.03999999910593033,0.029999999329447746,0.03500000014901161,0.03500000014901161,384800
2023-05-23,0.03500000014901161,0.035999998450279236,0.029999999329447746,0.029999999329447746,0.029999999329447746,192200
2023-05-24,0.029999999329447746,0.03799999877810478,0.029999999329447746,0.03799999877810478,0.03799999877810478,113800
2023-05-25,0.03799999877810478,0.03799999877810478,0.03099999949336052,0.03200000151991844,0.03200000151991844,62300
2023-05-26,0.03200000151991844,0.03799999877810478,0.03200000151991844,0.03400000184774399,0.03400000184774399,86000
2023-05-30,0.032999999821186066,0.03500000014901161,0.032999999821186066,0.03500000014901161,0.03500000014901161,21800
2023-05-31,0.03500000014901161,0.03799999877810478,0.03099999949336052,0.03799999877810478,0.03799999877810478,263100
2023-06-01,0.035999998450279236,0.03799999877810478,0.032999999821186066,0.03400000184774399,0.03400000184774399,97600
2023-06-02,0.03500000014901161,0.039000000804662704,0.03500000014901161,0.03799999877810478,0.03799999877810478,117300
2023-06-05,0.03700000047683716,0.03700000047683716,0.035999998450279236,0.035999998450279236,0.035999998450279236,2100
2023-06-06,0.03700000047683716,0.03999999910593033,0.035999998450279236,0.035999998450279236,0.035999998450279236,195900
2023-06-07,0.035999998450279236,0.03799999877810478,0.035999998450279236,0.03700000047683716,0.03700000047683716,48700
2023-06-08,0.029999999329447746,0.03500000014901161,0.029999999329447746,0.03500000014901161,0.03500000014901161,92900
2023-06-09,0.035999998450279236,0.035999998450279236,0.03200000151991844,0.035999998450279236,0.035999998450279236,95600
2023-06-12,0.03500000014901161,0.03500000014901161,0.03400000184774399,0.03400000184774399,0.03400000184774399,7300
2023-06-13,0.03400000184774399,0.03500000014901161,0.03400000184774399,0.03500000014901161,0.03500000014901161,16000
2023-06-14,0.03500000014901161,0.035999998450279236,0.03500000014901161,0.035999998450279236,0.035999998450279236,27400
2023-06-15,0.035999998450279236,0.035999998450279236,0.03400000184774399,0.03500000014901161,0.03500000014901161,53800
2023-06-16,0.035999998450279236,0.03999999910593033,0.03200000151991844,0.035999998450279236,0.035999998450279236,78900
2023-06-20,0.03999999910593033,0.052000001072883606,0.03999999910593033,0.052000001072883606,0.052000001072883606,999400
2023-06-21,0.052000001072883606,0.07999999821186066,0.05000000074505806,0.06800000369548798,0.06800000369548798,676500
2023-06-22,0.06800000369548798,0.07000000029802322,0.0430000014603138,0.05000000074505806,0.05000000074505806,434700
2023-06-23,0.04399999976158142,0.05000000074505806,0.04399999976158142,0.04699999839067459,0.04699999839067459,85200
2023-06-26,0.05000000074505806,0.05900000035762787,0.04500000178813934,0.04500000178813934,0.04500000178813934,111100
2023-06-27,0.04800000041723251,0.05000000074505806,0.04399999976158142,0.04399999976158142,0.04399999976158142,127000
2023-06-28,0.04399999976158142,0.05000000074505806,0.04399999976158142,0.04399999976158142,0.04399999976158142,112800
2023-06-29,0.05000000074505806,0.05900000035762787,0.0430000014603138,0.04800000041723251,0.04800000041723251,174900
2023-06-30,0.050999999046325684,0.05400000140070915,0.04699999839067459,0.04899999871850014,0.04899999871850014,46500
2023-07-03,0.050999999046325684,0.050999999046325684,0.04500000178813934,0.050999999046325684,0.050999999046325684,12900
2023-07-05,0.050999999046325684,0.05400000140070915,0.050999999046325684,0.05400000140070915,0.05400000140070915,12300
2023-07-06,0.05400000140070915,0.05400000140070915,0.05000000074505806,0.05400000140070915,0.05400000140070915,85400
2023-07-07,0.05299999937415123,0.05400000140070915,0.052000001072883606,0.05299999937415123,0.05299999937415123,38100
2023-07-10,0.05400000140070915,0.054999999701976776,0.052000001072883606,0.05299999937415123,0.05299999937415123,48100
2023-07-11,0.05999999865889549,0.05999999865889549,0.05000000074505806,0.05299999937415123,0.05299999937415123,39700
2023-07-12,0.05400000140070915,0.05400000140070915,0.05400000140070915,0.05400000140070915,0.05400000140070915,77600
2023-07-13,0.052000001072883606,0.05299999937415123,0.052000001072883606,0.052000001072883606,0.052000001072883606,3700
2023-07-14,0.050999999046325684,0.052000001072883606,0.05000000074505806,0.05000000074505806,0.05000000074505806,25800
2023-07-17,0.05000000074505806,0.05000000074505806,0.05000000074505806,0.05000000074505806,0.05000000074505806,30100
2023-07-18,0.05400000140070915,0.05400000140070915,0.05000000074505806,0.05400000140070915,0.05400000140070915,25400
2023-07-19,0.04800000041723251,0.05400000140070915,0.04800000041723251,0.05000000074505806,0.05000000074505806,59600
2023-07-20,0.04800000041723251,0.050999999046325684,0.04800000041723251,0.04800000041723251,0.04800000041723251,21700
2023-07-21,0.04899999871850014,0.05400000140070915,0.04899999871850014,0.05400000140070915,0.05400000140070915,39400
2023-07-24,0.04800000041723251,0.05400000140070915,0.04800000041723251,0.04800000041723251,0.04800000041723251,7000
2023-07-25,0.04800000041723251,0.050999999046325684,0.04800000041723251,0.050999999046325684,0.050999999046325684,10200
2023-07-26,0.04800000041723251,0.05299999937415123,0.04800000041723251,0.052000001072883606,0.052000001072883606,22400
2023-07-27,0.050999999046325684,0.050999999046325684,0.04800000041723251,0.05000000074505806,0.05000000074505806,113500
2023-07-28,0.04800000041723251,0.04899999871850014,0.04800000041723251,0.04800000041723251,0.04800000041723251,47600
2023-07-31,0.0430000014603138,0.04699999839067459,0.0430000014603138,0.04399999976158142,0.04399999976158142,116800
2023-08-01,0.04500000178813934,0.04800000041723251,0.04500000178813934,0.04699999839067459,0.04699999839067459,37200
2023-08-02,0.04699999839067459,0.05000000074505806,0.04699999839067459,0.05000000074505806,0.05000000074505806,7300
2023-08-03,0.05000000074505806,0.05000000074505806,0.04800000041723251,0.05000000074505806,0.05000000074505806,1600
2023-08-04,0.04399999976158142,0.04699999839067459,0.0430000014603138,0.0430000014603138,0.0430000014603138,168900
2023-08-07,0.0430000014603138,0.05000000074505806,0.0430000014603138,0.04800000041723251,0.04800000041723251,140500
2023-08-08,0.04699999839067459,0.04699999839067459,0.04399999976158142,0.04699999839067459,0.04699999839067459,2400
2023-08-09,0.04500000178813934,0.04500000178813934,0.04399999976158142,0.04399999976158142,0.04399999976158142,121400
2023-08-10,0.04500000178813934,0.04500000178813934,0.03500000014901161,0.04100000113248825,0.04100000113248825,226800
2023-08-11,0.03999999910593033,0.04399999976158142,0.03999999910593033,0.0430000014603138,0.0430000014603138,74900
2023-08-14,0.0430000014603138,0.04399999976158142,0.041999999433755875,0.041999999433755875,0.041999999433755875,15600
2023-08-15,0.041999999433755875,0.041999999433755875,0.03400000184774399,0.03999999910593033,0.03999999910593033,180300
2023-08-16,0.035999998450279236,0.039000000804662704,0.035999998450279236,0.039000000804662704,0.039000000804662704,53400
2023-08-17,0.039000000804662704,0.039000000804662704,0.039000000804662704,0.039000000804662704,0.039000000804662704,0
2023-08-18,0.03700000047683716,0.04399999976158142,0.03700000047683716,0.04399999976158142,0.04399999976158142,90500
2023-08-21,0.04399999976158142,0.04399999976158142,0.039000000804662704,0.04100000113248825,0.04100000113248825,21300
2023-08-22,0.03700000047683716,0.04399999976158142,0.03700000047683716,0.04399999976158142,0.04399999976158142,18000
2023-08-23,0.04500000178813934,0.04800000041723251,0.04399999976158142,0.04800000041723251,0.04800000041723251,2400
2023-08-24,0.04800000041723251,0.04800000041723251,0.04800000041723251,0.04800000041723251,0.04800000041723251,0
2023-08-25,0.04399999976158142,0.04600000008940697,0.03999999910593033,0.04500000178813934,0.04500000178813934,143300
2023-08-28,0.04500000178813934,0.04500000178813934,0.04500000178813934,0.04500000178813934,0.04500000178813934,0
2023-08-29,0.04399999976158142,0.04500000178813934,0.04399999976158142,0.04399999976158142,0.04399999976158142,27100
2023-08-30,0.041999999433755875,0.04899999871850014,0.03500000014901161,0.04699999839067459,0.04699999839067459,142300
2023-08-31,0.05000000074505806,0.05000000074505806,0.04100000113248825,0.04699999839067459,0.04699999839067459,32400
2023-09-01,0.04699999839067459,0.05000000074505806,0.03799999877810478,0.05000000074505806,0.05000000074505806,34900
2023-09-05,0.041999999433755875,0.04500000178813934,0.03999999910593033,0.04500000178813934,0.04500000178813934,3800
2023-09-06,0.041999999433755875,0.04600000008940697,0.041999999433755875,0.04600000008940697,0.04600000008940697,5600
2023-09-07,0.041999999433755875,0.05000000074505806,0.041999999433755875,0.04699999839067459,0.04699999839067459,4300
2023-09-08,0.04500000178813934,0.04500000178813934,0.04100000113248825,0.0430000014603138,0.0430000014603138,65500
2023-09-11,0.04500000178813934,0.04899999871850014,0.03999999910593033,0.041999999433755875,0.041999999433755875,157900
2023-09-12,0.041999999433755875,0.041999999433755875,0.03799999877810478,0.039000000804662704,0.039000000804662704,133300
2023-09-13,0.03999999910593033,0.041999999433755875,0.03999999910593033,0.04100000113248825,0.04100000113248825,95600
2023-09-14,0.03999999910593033,0.0430000014603138,0.03999999910593033,0.03999999910593033,0.03999999910593033,32000
2023-09-15,0.03999999910593033,0.04100000113248825,0.03999999910593033,0.03999999910593033,0.03999999910593033,3400
2023-09-18,0.04500000178813934,0.04600000008940697,0.03999999910593033,0.04600000008940697,0.04600000008940697,39200
2023-09-19,0.0430000014603138,0.04600000008940697,0.03999999910593033,0.04100000113248825,0.04100000113248825,47000
2023-09-20,0.04100000113248825,0.0430000014603138,0.04100000113248825,0.04100000113248825,0.04100000113248825,30400
2023-09-21,0.0430000014603138,0.04600000008940697,0.04100000113248825,0.04100000113248825,0.04100000113248825,106000
2023-09-22,0.041999999433755875,0.04399999976158142,0.041999999433755875,0.04399999976158142,0.04399999976158142,11500
2023-09-25,0.04100000113248825,0.04500000178813934,0.04100000113248825,0.04100000113248825,0.04100000113248825,17000
2023-09-26,0.041999999433755875,0.04500000178813934,0.04100000113248825,0.04500000178813934,0.04500000178813934,16300
2023-09-27,0.04500000178813934,0.04600000008940697,0.04100000113248825,0.04100000113248825,0.04100000113248825,78100
2023-09-28,0.04100000113248825,0.0430000014603138,0.04100000113248825,0.04100000113248825,0.04100000113248825,115900
2023-09-29,0.04100000113248825,0.041999999433755875,0.04100000113248825,0.04100000113248825,0.04100000113248825,9100
2023-10-02,0.04100000113248825,0.04100000113248825,0.04100000113248825,0.04100000113248825,0.04100000113248825,25200
2023-10-03,0.04100000113248825,0.04100000113248825,0.03999999910593033,0.03999999910593033,0.03999999910593033,900
2023-10-04,0.04100000113248825,0.041999999433755875,0.03999999910593033,0.04100000113248825,0.04100000113248825,60300
2023-10-05,0.03999999910593033,0.041999999433755875,0.03200000151991844,0.032999999821186066,0.032999999821186066,440000
2023-10-06,0.03400000184774399,0.03500000014901161,0.032999999821186066,0.03500000014901161,0.03500000014901161,473600
2023-10-09,0.03400000184774399,0.03999999910593033,0.03400000184774399,0.03700000047683716,0.03700000047683716,34100
2023-10-10,0.03099999949336052,0.039000000804662704,0.03099999949336052,0.03700000047683716,0.03700000047683716,55700
2023-10-11,0.03999999910593033,0.03999999910593033,0.03500000014901161,0.035999998450279236,0.035999998450279236,12700
2023-10-12,0.03400000184774399,0.035999998450279236,0.03400000184774399,0.035999998450279236,0.035999998450279236,4700
2023-10-13,0.035999998450279236,0.03799999877810478,0.03400000184774399,0.03700000047683716,0.03700000047683716,124800
2023-10-16,0.03700000047683716,0.03799999877810478,0.035999998450279236,0.03700000047683716,0.03700000047683716,144100
2023-10-17,0.03700000047683716,0.03700000047683716,0.03700000047683716,0.03700000047683716,0.03700000047683716,600
2023-10-18,0.03799999877810478,0.03799999877810478,0.03400000184774399,0.03400000184774399,0.03400000184774399,7100
2023-10-19,0.03799999877810478,0.03799999877810478,0.035999998450279236,0.035999998450279236,0.035999998450279236,12000
2023-10-20,0.03700000047683716,0.03700000047683716,0.035999998450279236,0.035999998450279236,0.035999998450279236,1500
2023-10-23,0.03700000047683716,0.03700000047683716,0.03700000047683716,0.03700000047683716,0.03700000047683716,40100
2023-10-24,0.03700000047683716,0.03700000047683716,0.035999998450279236,0.035999998450279236,0.035999998450279236,24300
2023-10-25,0.03700000047683716,0.03700000047683716,0.03500000014901161,0.03500000014901161,0.03500000014901161,85500
2023-10-26,0.035999998450279236,0.035999998450279236,0.03400000184774399,0.03400000184774399,0.03400000184774399,60000
2023-10-27,0.03500000014901161,0.03500000014901161,0.032999999821186066,0.03400000184774399,0.03400000184774399,65100
2023-10-30,0.03400000184774399,0.03400000184774399,0.03099999949336052,0.032999999821186066,0.032999999821186066,104400
2023-10-31,0.03099999949336052,0.03200000151991844,0.027000000700354576,0.029999999329447746,0.029999999329447746,31200
2023-11-01,0.02199999988079071,0.032999999821186066,0.02199999988079071,0.032999999821186066,0.032999999821186066,111900
2023-11-02,0.024000000208616257,0.032999999821186066,0.024000000208616257,0.032999999821186066,0.032999999821186066,15000
2023-11-03,0.024000000208616257,0.03099999949336052,0.024000000208616257,0.027000000700354576,0.027000000700354576,79900
2023-11-06,0.024000000208616257,0.028999999165534973,0.024000000208616257,0.02500000037252903,0.02500000037252903,47900
2023-11-07,0.02500000037252903,0.026000000536441803,0.02500000037252903,0.026000000536441803,0.026000000536441803,20300
2023-11-08,0.02500000037252903,0.02800000086426735,0.02500000037252903,0.02500000037252903,0.02500000037252903,61500
2023-11-09,0.027000000700354576,0.03099999949336052,0.027000000700354576,0.029999999329447746,0.029999999329447746,64100
2023-11-10,0.027000000700354576,0.03099999949336052,0.027000000700354576,0.029999999329447746,0.029999999329447746,179200
2023-11-13,0.02199999988079071,0.029999999329447746,0.02199999988079071,0.02800000086426735,0.02800000086426735,62800
2023-11-14,0.02800000086426735,0.029999999329447746,0.02199999988079071,0.029999999329447746,0.029999999329447746,90500
2023-11-15,0.029999999329447746,0.029999999329447746,0.023000000044703484,0.027000000700354576,0.027000000700354576,135700
2023-11-16,0.02500000037252903,0.028999999165534973,0.023000000044703484,0.027000000700354576,0.027000000700354576,226200
2023-11-17,0.023000000044703484,0.027000000700354576,0.023000000044703484,0.02500000037252903,0.02500000037252903,95500
2023-11-20,0.024000000208616257,0.027000000700354576,0.023000000044703484,0.023000000044703484,0.023000000044703484,54800
2023-11-21,0.023000000044703484,0.024000000208616257,0.02199999988079071,0.024000000208616257,0.024000000208616257,43900
2023-11-22,0.023000000044703484,0.024000000208616257,0.017999999225139618,0.019999999552965164,0.019999999552965164,432600
2023-11-24,0.019999999552965164,0.019999999552965164,0.019999999552965164,0.019999999552965164,0.019999999552965164,10000
2023-11-27,0.01899999938905239,0.019999999552965164,0.017000000923871994,0.01899999938905239,0.01899999938905239,82800
2023-11-28,0.017999999225139618,0.017999999225139618,0.017999999225139618,0.017999999225139618,0.017999999225139618,20400
2023-11-29,0.017999999225139618,0.017999999225139618,0.012000000104308128,0.014999999664723873,0.014999999664723873,433100
2023-11-30,0.012000000104308128,0.014000000432133675,0.006000000052154064,0.010999999940395355,0.010999999940395355,1193000
2023-12-01,0.009999999776482582,0.012000000104308128,0.004999999888241291,0.007000000216066837,0.007000000216066837,784700
2023-12-04,0.007000000216066837,0.00800000037997961,0.004999999888241291,0.00800000037997961,0.00800000037997961,2979900
2023-12-05,0.00800000037997961,0.009999999776482582,0.007000000216066837,0.009999999776482582,0.009999999776482582,810400
2023-12-06,0.009999999776482582,0.010999999940395355,0.008999999612569809,0.009999999776482582,0.009999999776482582,238700
2023-12-07,0.008999999612569809,0.013000000268220901,0.008999999612569809,0.012000000104308128,0.012000000104308128,904200
2023-12-08,0.013000000268220901,0.01600000075995922,0.00800000037997961,0.01600000075995922,0.01600000075995922,525300
2023-12-11,0.017000000923871994,0.017000000923871994,0.014999999664723873,0.014999999664723873,0.014999999664723873,106500
2023-12-12,0.01600000075995922,0.017000000923871994,0.01600000075995922,0.017000000923871994,0.017000000923871994,35100
2023-12-13,0.01600000075995922,0.01600000075995922,0.014999999664723873,0.014999999664723873,0.014999999664723873,319500
2023-12-14,0.014999999664723873,0.01600000075995922,0.014999999664723873,0.014999999664723873,0.014999999664723873,81600
2023-12-15,0.014999999664723873,0.01600000075995922,0.014999999664723873,0.014999999664723873,0.014999999664723873,107100
2023-12-18,0.01600000075995922,0.01600000075995922,0.014999999664723873,0.014999999664723873,0.014999999664723873,48700
2023-12-19,0.014999999664723873,0.01600000075995922,0.014999999664723873,0.014999999664723873,0.014999999664723873,138800
2023-12-20,0.014999999664723873,0.01600000075995922,0.014999999664723873,0.01600000075995922,0.01600000075995922,88000
2023-12-21,0.014999999664723873,0.01600000075995922,0.014999999664723873,0.014999999664723873,0.014999999664723873,35800
2023-12-22,0.014999999664723873,0.017000000923871994,0.014999999664723873,0.017000000923871994,0.017000000923871994,140300
2023-12-26,0.017000000923871994,0.017000000923871994,0.01600000075995922,0.01600000075995922,0.01600000075995922,37000
2023-12-27,0.01600000075995922,0.01600000075995922,0.00800000037997961,0.014000000432133675,0.014000000432133675,497300
2023-12-28,0.013000000268220901,0.01600000075995922,0.010999999940395355,0.014000000432133675,0.014000000432133675,325400
2023-12-29,0.01600000075995922,0.01600000075995922,0.009999999776482582,0.014000000432133675,0.014000000432133675,170100
2024-01-02,0.013000000268220901,0.014000000432133675,0.013000000268220901,0.014000000432133675,0.014000000432133675,25600
2024-01-03,0.014000000432133675,0.014000000432133675,0.013000000268220901,0.013000000268220901,0.013000000268220901,5000
2024-01-04,0.013000000268220901,0.013000000268220901,0.013000000268220901,0.013000000268220901,0.013000000268220901,70500
2024-01-05,0.014000000432133675,0.014000000432133675,0.013000000268220901,0.013000000268220901,0.013000000268220901,78700
2024-01-08,0.013000000268220901,0.01600000075995922,0.013000000268220901,0.014000000432133675,0.014000000432133675,153600
2024-01-09,0.014999999664723873,0.01600000075995922,0.013000000268220901,0.014999999664723873,0.014999999664723873,92400
2024-01-10,0.014999999664723873,0.01600000075995922,0.014999999664723873,0.01600000075995922,0.01600000075995922,151800
2024-01-11,0.01600000075995922,0.01600000075995922,0.014999999664723873,0.01600000075995922,0.01600000075995922,789800
2024-01-12,0.014999999664723873,0.014999999664723873,0.014999999664723873,0.014999999664723873,0.014999999664723873,200
2024-01-16,0.014000000432133675,0.014999999664723873,0.013000000268220901,0.014999999664723873,0.014999999664723873,606600
2024-01-17,0.014999999664723873,0.014999999664723873,0.014999999664723873,0.014999999664723873,0.014999999664723873,52700
2024-01-18,0.014999999664723873,0.01600000075995922,0.014999999664723873,0.01600000075995922,0.01600000075995922,54300
2024-01-19,0.01600000075995922,0.01600000075995922,0.013000000268220901,0.01600000075995922,0.01600000075995922,432500
2024-01-22,0.010999999940395355,0.014999999664723873,0.010999999940395355,0.014000000432133675,0.014000000432133675,289200
2024-01-23,0.014999999664723873,0.014999999664723873,0.013000000268220901,0.014000000432133675,0.014000000432133675,63300
2024-01-24,0.014000000432133675,0.014999999664723873,0.014000000432133675,0.014999999664723873,0.014999999664723873,86600
2024-01-25,0.014000000432133675,0.014999999664723873,0.014000000432133675,0.014000000432133675,0.014000000432133675,41700
2024-01-26,0.014000000432133675,0.01899999938905239,0.013000000268220901,0.013000000268220901,0.013000000268220901,122000
2024-01-29,0.014999999664723873,0.017000000923871994,0.014000000432133675,0.014999999664723873,0.014999999664723873,223600
2024-01-30,0.014000000432133675,0.014000000432133675,0.014000000432133675,0.014000000432133675,0.014000000432133675,11000
2024-01-31,0.012000000104308128,0.013000000268220901,0.010999999940395355,0.012000000104308128,0.012000000104308128,293800
2024-02-01,0.012000000104308128,0.01899999938905239,0.012000000104308128,0.012000000104308128,0.012000000104308128,495000
2024-02-02,0.014999999664723873,0.014999999664723873,0.010999999940395355,0.014999999664723873,0.014999999664723873,355600
2024-02-05,0.013000000268220901,0.014999999664723873,0.013000000268220901,0.013000000268220901,0.013000000268220901,254300
2024-02-06,0.013000000268220901,0.013000000268220901,0.013000000268220901,0.013000000268220901,0.013000000268220901,0
2024-02-07,0.014000000432133675,0.014000000432133675,0.012000000104308128,0.012000000104308128,0.012000000104308128,23900
2024-02-08,0.014000000432133675,0.017000000923871994,0.012000000104308128,0.013000000268220901,0.013000000268220901,168000
2024-02-09,0.01600000075995922,0.017000000923871994,0.014999999664723873,0.01600000075995922,0.01600000075995922,46400
2024-02-12,0.014999999664723873,0.014999999664723873,0.014999999664723873,0.014999999664723873,0.014999999664723873,50000
2024-02-13,0.014999999664723873,0.01600000075995922,0.014999999664723873,0.014999999664723873,0.014999999664723873,99100
2024-02-14,0.01600000075995922,0.01600000075995922,0.014999999664723873,0.01600000075995922,0.01600000075995922,29500
2024-02-15,0.014999999664723873,0.01600000075995922,0.014000000432133675,0.014999999664723873,0.014999999664723873,13700
2024-02-16,0.014000000432133675,0.014999999664723873,0.013000000268220901,0.014000000432133675,0.014000000432133675,83700
2024-02-20,0.014000000432133675,0.014000000432133675,0.014000000432133675,0.014000000432133675,0.014000000432133675,200
2024-02-21,0.014999999664723873,0.014999999664723873,0.014000000432133675,0.014000000432133675,0.014000000432133675,12200
2024-02-22,0.014999999664723873,0.014999999664723873,0.014999999664723873,0.014999999664723873,0.014999999664723873,40000
2024-02-23,0.014000000432133675,0.014000000432133675,0.014000000432133675,0.014000000432133675,0.014000000432133675,5500
2024-02-26,0.014999999664723873,0.014999999664723873,0.014000000432133675,0.014000000432133675,0.014000000432133675,5100
2024-02-27,0.014000000432133675,0.014000000432133675,0.014000000432133675,0.014000000432133675,0.014000000432133675,33300
2024-02-28,0.014000000432133675,0.014000000432133675,0.010999999940395355,0.013000000268220901,0.013000000268220901,249000
2024-02-29,0.012000000104308128,0.014000000432133675,0.012000000104308128,0.014000000432133675,0.014000000432133675,78100
2024-03-01,0.012000000104308128,0.014000000432133675,0.012000000104308128,0.013000000268220901,0.013000000268220901,110900
2024-03-04,0.012000000104308128,0.013000000268220901,0.010999999940395355,0.010999999940395355,0.010999999940395355,247800
2024-03-05,0.012000000104308128,0.012000000104308128,0.010999999940395355,0.012000000104308128,0.012000000104308128,37000
2024-03-06,0.012000000104308128,0.012000000104308128,0.012000000104308128,0.012000000104308128,0.012000000104308128,37900
2024-03-07,0.013000000268220901,0.013000000268220901,0.010999999940395355,0.010999999940395355,0.010999999940395355,152400
2024-03-08,0.012000000104308128,0.012000000104308128,0.012000000104308128,0.012000000104308128,0.012000000104308128,600
2024-03-11,0.012000000104308128,0.012000000104308128,0.012000000104308128,0.012000000104308128,0.012000000104308128,148100
2024-03-12,0.010999999940395355,0.010999999940395355,0.010999999940395355,0.010999999940395355,0.010999999940395355,143600
2024-03-13,0.010999999940395355,0.012000000104308128,0.010999999940395355,0.010999999940395355,0.010999999940395355,113900
2024-03-14,0.010999999940395355,0.012000000104308128,0.009999999776482582,0.009999999776482582,0.009999999776482582,225500
2024-03-15,0.009999999776482582,0.010999999940395355,0.009999999776482582,0.010999999940395355,0.010999999940395355,101100
2024-03-18,0.009999999776482582,0.010999999940395355,0.009999999776482582,0.010999999940395355,0.010999999940395355,28800
2024-03-19,0.009999999776482582,0.010999999940395355,0.009999999776482582,0.010999999940395355,0.010999999940395355,36000
2024-03-20,0.010999999940395355,0.012000000104308128,0.010999999940395355,0.012000000104308128,0.012000000104308128,245100
2024-03-21,0.010999999940395355,0.012000000104308128,0.010999999940395355,0.010999999940395355,0.010999999940395355,22800
2024-03-22,0.012000000104308128,0.012000000104308128,0.012000000104308128,0.012000000104308128,0.012000000104308128,22000
2024-03-25,0.012000000104308128,0.012000000104308128,0.010999999940395355,0.010999999940395355,0.010999999940395355,185400
2024-03-26,0.010999999940395355,0.012000000104308128,0.010999999940395355,0.012000000104308128,0.012000000104308128,79100
2024-03-27,0.012000000104308128,0.012000000104308128,0.012000000104308128,0.012000000104308128,0.012000000104308128,0
2024-03-28,0.012000000104308128,0.012000000104308128,0.012000000104308128,0.012000000104308128,0.012000000104308128,78000
2024-04-01,0.012000000104308128,0.012000000104308128,0.009999999776482582,0.009999999776482582,0.009999999776482582,146400
2024-04-02,0.010999999940395355,0.010999999940395355,0.009999999776482582,0.010999999940395355,0.010999999940395355,273200
2024-04-03,0.010999999940395355,0.010999999940395355,0.009999999776482582,0.010999999940395355,0.010999999940395355,61500
2024-04-04,0.010999999940395355,0.010999999940395355,0.010999999940395355,0.010999999940395355,0.010999999940395355,0
2024-04-05,0.010999999940395355,0.010999999940395355,0.010999999940395355,0.010999999940395355,0.010999999940395355,10000
2024-04-08,0.010999999940395355,0.010999999940395355,0.010999999940395355,0.010999999940395355,0.010999999940395355,12300
2024-04-09,0.010999999940395355,0.010999999940395355,0.010999999940395355,0.010999999940395355,0.010999999940395355,127900
2024-04-10,0.010999999940395355,0.010999999940395355,0.009999999776482582,0.009999999776482582,0.009999999776482582,124000
2024-04-11,0.013000000268220901,0.014000000432133675,0.013000000268220901,0.013000000268220901,0.013000000268220901,91100
2024-04-12,0.012000000104308128,0.013000000268220901,0.010999999940395355,0.012000000104308128,0.012000000104308128,156100
2024-04-15,0.013000000268220901,0.013000000268220901,0.013000000268220901,0.013000000268220901,0.013000000268220901,900
2024-04-16,0.013000000268220901,0.013000000268220901,0.013000000268220901,0.013000000268220901,0.013000000268220901,24900
2024-04-17,0.012000000104308128,0.013000000268220901,0.012000000104308128,0.012000000104308128,0.012000000104308128,89100
2024-04-18,0.012000000104308128,0.012000000104308128,0.012000000104308128,0.012000000104308128,0.012000000104308128,98200
2024-04-19,0.012000000104308128,0.012000000104308128,0.012000000104308128,0.012000000104308128,0.012000000104308128,23000
2024-04-22,0.012000000104308128,0.012000000104308128,0.012000000104308128,0.012000000104308128,0.012000000104308128,34500
2024-04-23,0.013000000268220901,0.013000000268220901,0.013000000268220901,0.013000000268220901,0.013000000268220901,20000
2024-04-24,0.013000000268220901,0.013000000268220901,0.008999999612569809,0.010999999940395355,0.010999999940395355,84800
2024-04-25,0.012000000104308128,0.012000000104308128,0.008999999612569809,0.008999999612569809,0.008999999612569809,114000
2024-04-26,0.012000000104308128,0.012000000104308128,0.009999999776482582,0.009999999776482582,0.009999999776482582,30900
2024-04-29,0.010999999940395355,0.012000000104308128,0.010999999940395355,0.012000000104308128,0.012000000104308128,18800
2024-04-30,0.012000000104308128,0.012000000104308128,0.012000000104308128,0.012000000104308128,0.012000000104308128,44600
2024-05-01,0.012000000104308128,0.013000000268220901,0.012000000104308128,0.013000000268220901,0.013000000268220901,145200
2024-05-02,0.013000000268220901,0.013000000268220901,0.008999999612569809,0.009999999776482582,0.009999999776482582,82500
2024-05-03,0.012000000104308128,0.012000000104308128,0.010999999940395355,0.010999999940395355,0.010999999940395355,67100
2024-05-06,0.012000000104308128,0.012000000104308128,0.009999999776482582,0.012000000104308128,0.012000000104308128,31300
2024-05-07,0.012000000104308128,0.012000000104308128,0.012000000104308128,0.012000000104308128,0.012000000104308128,60500
2024-05-08,0.012000000104308128,0.012000000104308128,0.012000000104308128,0.012000000104308128,0.012000000104308128,30000
2024-05-09,0.012000000104308128,0.012000000104308128,0.012000000104308128,0.012000000104308128,0.012000000104308128,10000
2024-05-10,0.012000000104308128,0.012000000104308128,0.012000000104308128,0.012000000104308128,0.012000000104308128,100
2024-05-13,0.010999999940395355,0.012000000104308128,0.008999999612569809,0.010999999940395355,0.010999999940395355,138600
2024-05-14,0.008999999612569809,0.012000000104308128,0.008999999612569809,0.008999999612569809,0.008999999612569809,111000
2024-05-15,0.012000000104308128,0.012000000104308128,0.008999999612569809,0.008999999612569809,0.008999999612569809,473200
2024-05-16,0.008999999612569809,0.008999999612569809,0.008999999612569809,0.008999999612569809,0.008999999612569809,84700
2024-05-17,0.009999999776482582,0.012000000104308128,0.008999999612569809,0.010999999940395355,0.010999999940395355,141300
2024-05-20,0.012000000104308128,0.012000000104308128,0.010999999940395355,0.010999999940395355,0.010999999940395355,50800
2024-05-21,0.010999999940395355,0.012000000104308128,0.009999999776482582,0.012000000104308128,0.012000000104308128,221100
2024-05-22,0.010999999940395355,0.012000000104308128,0.010999999940395355,0.010999999940395355,0.010999999940395355,117700
2024-05-23,0.010999999940395355,0.010999999940395355,0.010999999940395355,0.010999999940395355,0.010999999940395355,110000
2024-05-24,0.014000000432133675,0.014000000432133675,0.012000000104308128,0.012000000104308128,0.012000000104308128,28700
2024-05-28,0.014000000432133675,0.014000000432133675,0.010999999940395355,0.012000000104308128,0.012000000104308128,123700
2024-05-29,0.010999999940395355,0.010999999940395355,0.010999999940395355,0.010999999940395355,0.010999999940395355,11000
2024-05-30,0.012000000104308128,0.012000000104308128,0.012000000104308128,0.012000000104308128,0.012000000104308128,15000
2024-05-31,0.012000000104308128,0.012000000104308128,0.012000000104308128,0.012000000104308128,0.012000000104308128,12200
2024-06-03,0.012000000104308128,0.012000000104308128,0.012000000104308128,0.012000000104308128,0.012000000104308128,16900
2024-06-04,0.012000000104308128,0.014000000432133675,0.012000000104308128,0.013000000268220901,0.013000000268220901,51200
2024-06-05,0.013000000268220901,0.013000000268220901,0.009999999776482582,0.010999999940395355,0.010999999940395355,316900
2024-06-06,0.010999999940395355,0.010999999940395355,0.010999999940395355,0.010999999940395355,0.010999999940395355,3000
2024-06-07,0.010999999940395355,0.010999999940395355,0.010999999940395355,0.010999999940395355,0.010999999940395355,25200
2024-06-10,0.010999999940395355,0.010999999940395355,0.010999999940395355,0.010999999940395355,0.010999999940395355,20000
2024-06-11,0.009999999776482582,0.010999999940395355,0.009999999776482582,0.010999999940395355,0.010999999940395355,92000
2024-06-12,0.010999999940395355,0.010999999940395355,0.009999999776482582,0.010999999940395355,0.010999999940395355,3500
2024-06-13,0.009999999776482582,0.009999999776482582,0.009999999776482582,0.009999999776482582,0.009999999776482582,5500
2024-06-14,0.009999999776482582,0.010999999940395355,0.009999999776482582,0.009999999776482582,0.009999999776482582,226900
2024-06-17,0.009999999776482582,0.010999999940395355,0.009999999776482582,0.009999999776482582,0.009999999776482582,302300
2024-06-18,0.009999999776482582,0.009999999776482582,0.009999999776482582,0.009999999776482582,0.009999999776482582,10400
2024-06-20,0.008999999612569809,0.009999999776482582,0.008999999612569809,0.009999999776482582,0.009999999776482582,85700
2024-06-21,0.008999999612569809,0.010999999940395355,0.00800000037997961,0.00800000037997961,0.00800000037997961,178000
2024-06-24,0.00800000037997961,0.008999999612569809,0.00800000037997961,0.008999999612569809,0.008999999612569809,45200
2024-06-25,0.008999999612569809,0.009999999776482582,0.008999999612569809,0.009999999776482582,0.009999999776482582,137800
2024-06-26,0.00800000037997961,0.012000000104308128,0.00800000037997961,0.010999999940395355,0.010999999940395355,235200
2024-06-27,0.009999999776482582,0.010999999940395355,0.009999999776482582,0.010999999940395355,0.010999999940395355,101400
2024-06-28,0.010999999940395355,0.010999999940395355,0.010999999940395355,0.010999999940395355,0.010999999940395355,16800
2024-07-01,0.010999999940395355,0.012000000104308128,0.009999999776482582,0.009999999776482582,0.009999999776482582,1800
2024-07-02,0.009999999776482582,0.009999999776482582,0.009999999776482582,0.009999999776482582,0.009999999776482582,400
2024-07-03,0.009999999776482582,0.012000000104308128,0.008999999612569809,0.008999999612569809,0.008999999612569809,115200
2024-07-05,0.008999999612569809,0.009999999776482582,0.008999999612569809,0.009999999776482582,0.009999999776482582,32700
2024-07-08,0.009999999776482582,0.009999999776482582,0.009999999776482582,0.009999999776482582,0.009999999776482582,10500
2024-07-09,0.009999999776482582,0.009999999776482582,0.009999999776482582,0.009999999776482582,0.009999999776482582,111500
2024-07-10,0.009999999776482582,0.009999999776482582,0.009999999776482582,0.009999999776482582,0.009999999776482582,20100
2024-07-11,0.009999999776482582,0.009999999776482582,0.009999999776482582,0.009999999776482582,0.009999999776482582,155600
2024-07-12,0.009999999776482582,0.009999999776482582,0.008999999612569809,0.008999999612569809,0.008999999612569809,110500
2024-07-15,0.008999999612569809,0.008999999612569809,0.008999999612569809,0.008999999612569809,0.008999999612569809,48900
2024-07-16,0.009999999776482582,0.009999999776482582,0.008999999612569809,0.009999999776482582,0.009999999776482582,185000
2024-07-17,0.009999999776482582,0.009999999776482582,0.009999999776482582,0.009999999776482582,0.009999999776482582,1900
2024-07-18,0.008999999612569809,0.008999999612569809,0.00800000037997961,0.00800000037997961,0.00800000037997961,585800
2024-07-19,0.00800000037997961,0.008999999612569809,0.00800000037997961,0.00800000037997961,0.00800000037997961,202400
2024-07-22,0.00800000037997961,0.008999999612569809,0.00800000037997961,0.008999999612569809,0.008999999612569809,124400
2024-07-23,0.00800000037997961,0.00800000037997961,0.00800000037997961,0.00800000037997961,0.00800000037997961,4700
2024-07-24,0.00800000037997961,0.008999999612569809,0.007000000216066837,0.00800000037997961,0.00800000037997961,198300
2024-07-25,0.00800000037997961,0.00800000037997961,0.00800000037997961,0.00800000037997961,0.00800000037997961,15300
2024-07-26,0.008999999612569809,0.008999999612569809,0.00800000037997961,0.008999999612569809,0.008999999612569809,18400
2024-07-29,0.008999999612569809,0.008999999612569809,0.008999999612569809,0.008999999612569809,0.008999999612569809,2200
2024-07-30,0.009999999776482582,0.009999999776482582,0.00800000037997961,0.008999999612569809,0.008999999612569809,41200
2024-07-31,0.00800000037997961,0.008999999612569809,0.00800000037997961,0.008999999612569809,0.008999999612569809,10400
2024-08-01,0.008999999612569809,0.008999999612569809,0.008999999612569809,0.008999999612569809,0.008999999612569809,4700
2024-08-02,0.00800000037997961,0.008999999612569809,0.00800000037997961,0.008999999612569809,0.008999999612569809,42400
2024-08-05,0.008999999612569809,0.009999999776482582,0.006000000052154064,0.00800000037997961,0.00800000037997961,448500
2024-08-06,0.009999999776482582,0.009999999776482582,0.007000000216066837,0.00800000037997961,0.00800000037997961,7000
2024-08-07,0.007000000216066837,0.007000000216066837,0.007000000216066837,0.007000000216066837,0.007000000216066837,20000
2024-08-08,0.007000000216066837,0.007000000216066837,0.004999999888241291,0.006000000052154064,0.006000000052154064,192200
2024-08-09,0.006000000052154064,0.007000000216066837,0.006000000052154064,0.007000000216066837,0.007000000216066837,171700
2024-08-12,0.007000000216066837,0.007000000216066837,0.006000000052154064,0.006000000052154064,0.006000000052154064,20500
2024-08-13,0.006000000052154064,0.006000000052154064,0.006000000052154064,0.006000000052154064,0.006000000052154064,20400
2024-08-14,0.006000000052154064,0.007000000216066837,0.006000000052154064,0.006000000052154064,0.006000000052154064,58500
2024-08-15,0.006000000052154064,0.007000000216066837,0.006000000052154064,0.007000000216066837,0.007000000216066837,79800
2024-08-16,0.007000000216066837,0.007000000216066837,0.004999999888241291,0.006000000052154064,0.006000000052154064,691600
2024-08-19,0.004999999888241291,0.007000000216066837,0.004999999888241291,0.006000000052154064,0.006000000052154064,215900
2024-08-20,0.007000000216066837,0.007000000216066837,0.007000000216066837,0.007000000216066837,0.007000000216066837,5600
2024-08-21,0.006000000052154064,0.007000000216066837,0.004999999888241291,0.004999999888241291,0.004999999888241291,65500
2024-08-22,0.006000000052154064,0.007000000216066837,0.006000000052154064,0.007000000216066837,0.007000000216066837,4100
2024-08-23,0.006000000052154064,0.007000000216066837,0.006000000052154064,0.007000000216066837,0.007000000216066837,76500
2024-08-26,0.007000000216066837,0.00800000037997961,0.007000000216066837,0.00800000037997961,0.00800000037997961,91800
2024-08-27,0.008999999612569809,0.009999999776482582,0.00800000037997961,0.009999999776482582,0.009999999776482582,321100
2024-08-28,0.008999999612569809,0.008999999612569809,0.008999999612569809,0.008999999612569809,0.008999999612569809,27800
2024-08-29,0.008999999612569809,0.008999999612569809,0.008999999612569809,0.008999999612569809,0.008999999612569809,2000
2024-08-30,0.008999999612569809,0.008999999612569809,0.008999999612569809,0.008999999612569809,0.008999999612569809,1500
2024-09-03,0.008999999612569809,0.008999999612569809,0.008999999612569809,0.008999999612569809,0.008999999612569809,1600
2024-09-04,0.008999999612569809,0.008999999612569809,0.008999999612569809,0.008999999612569809,0.008999999612569809,29200
2024-09-05,0.008999999612569809,0.008999999612569809,0.008999999612569809,0.008999999612569809,0.008999999612569809,56300
2024-09-06,0.00800000037997961,0.008999999612569809,0.00800000037997961,0.008999999612569809,0.008999999612569809,5000
2024-09-09,0.00800000037997961,0.008999999612569809,0.00800000037997961,0.008999999612569809,0.008999999612569809,13200
2024-09-10,0.008999999612569809,0.008999999612569809,0.007000000216066837,0.007000000216066837,0.007000000216066837,85400
2024-09-11,0.004000000189989805,0.007000000216066837,0.004000000189989805,0.006000000052154064,0.006000000052154064,98700
2024-09-12,0.007000000216066837,0.007000000216066837,0.004999999888241291,0.007000000216066837,0.007000000216066837,31800
2024-09-13,0.007000000216066837,0.007000000216066837,0.006000000052154064,0.006000000052154064,0.006000000052154064,511700
2024-09-16,0.006000000052154064,0.008999999612569809,0.006000000052154064,0.008999999612569809,0.008999999612569809,365400
2024-09-17,0.00800000037997961,0.00800000037997961,0.004999999888241291,0.00800000037997961,0.00800000037997961,213100
2024-09-18,0.00800000037997961,0.023000000044703484,0.00800000037997961,0.017000000923871994,0.017000000923871994,1787300
2024-09-19,0.01899999938905239,0.02199999988079071,0.014999999664723873,0.019999999552965164,0.019999999552965164,1990200
2024-09-20,0.017999999225139618,0.024000000208616257,0.01600000075995922,0.023000000044703484,0.023000000044703484,882200
2024-09-23,0.02500000037252903,0.026000000536441803,0.020999999716877937,0.023000000044703484,0.023000000044703484,551200
2024-09-24,0.019999999552965164,0.020999999716877937,0.017000000923871994,0.017000000923871994,0.017000000923871994,212200
2024-09-25,0.01600000075995922,0.028999999165534973,0.014000000432133675,0.028999999165534973,0.028999999165534973,1899600
2024-09-26,0.028999999165534973,0.03999999910593033,0.024000000208616257,0.02500000037252903,0.02500000037252903,375100
2024-09-27,0.032999999821186066,0.032999999821186066,0.02500000037252903,0.029999999329447746,0.029999999329447746,388100
2024-09-30,0.02800000086426735,0.03200000151991844,0.026000000536441803,0.029999999329447746,0.029999999329447746,40700
2024-10-01,0.02800000086426735,0.03099999949336052,0.026000000536441803,0.03099999949336052,0.03099999949336052,260800
2024-10-02,0.027000000700354576,0.028999999165534973,0.024000000208616257,0.02800000086426735,0.02800000086426735,589300
2024-10-03,0.029999999329447746,0.07000000029802322,0.028999999165534973,0.04899999871850014,0.04899999871850014,5156100
2024-10-04,0.057999998331069946,0.07999999821186066,0.05400000140070915,0.06599999964237213,0.06599999964237213,3729000
2024-10-07,0.06300000101327896,0.07500000298023224,0.041999999433755875,0.061000000685453415,0.061000000685453415,1112900
2024-10-08,0.06400000303983688,0.0689999982714653,0.05700000002980232,0.06199999898672104,0.06199999898672104,1759700
2024-10-09,0.06199999898672104,0.07500000298023224,0.05999999865889549,0.07000000029802322,0.07000000029802322,1537200
2024-10-10,0.07000000029802322,0.07100000232458115,0.05700000002980232,0.057999998331069946,0.057999998331069946,1197800
2024-10-11,0.061000000685453415,0.06300000101327896,0.0430000014603138,0.04600000008940697,0.04600000008940697,606000
2024-10-14,0.05000000074505806,0.050999999046325684,0.04699999839067459,0.04800000041723251,0.04800000041723251,489900
2024-10-15,0.04800000041723251,0.04800000041723251,0.041999999433755875,0.04500000178813934,0.04500000178813934,51300
2024-10-16,0.04500000178813934,0.04500000178813934,0.04100000113248825,0.04500000178813934,0.04500000178813934,468600
2024-10-17,0.05000000074505806,0.050999999046325684,0.04800000041723251,0.05000000074505806,0.05000000074505806,327700
2024-10-18,0.05000000074505806,0.05000000074505806,0.04399999976158142,0.04699999839067459,0.04699999839067459,109400
2024-10-21,0.04500000178813934,0.04500000178813934,0.03700000047683716,0.039000000804662704,0.039000000804662704,98300
2024-10-22,0.03700000047683716,0.04500000178813934,0.03700000047683716,0.04500000178813934,0.04500000178813934,53000
2024-10-23,0.04500000178813934,0.04500000178813934,0.03999999910593033,0.0430000014603138,0.0430000014603138,218300
2024-10-24,0.04500000178813934,0.06800000369548798,0.041999999433755875,0.05900000035762787,0.05900000035762787,670900
2024-10-25,0.06300000101327896,0.06300000101327896,0.05400000140070915,0.061000000685453415,0.061000000685453415,305100
2024-10-28,0.05900000035762787,0.05999999865889549,0.04399999976158142,0.054999999701976776,0.054999999701976776,604600
2024-10-29,0.05900000035762787,0.06300000101327896,0.054999999701976776,0.061000000685453415,0.061000000685453415,626400
2024-10-30,0.06300000101327896,0.06300000101327896,0.05900000035762787,0.05900000035762787,0.05900000035762787,377600
2024-10-31,0.06300000101327896,0.06300000101327896,0.061000000685453415,0.06300000101327896,0.06300000101327896,95100
2024-11-01,0.06300000101327896,0.06300000101327896,0.05999999865889549,0.05999999865889549,0.05999999865889549,95800
2024-11-04,0.07000000029802322,0.07000000029802322,0.05900000035762787,0.06700000166893005,0.06700000166893005,418100
2024-11-05,0.06499999761581421,0.06499999761581421,0.04699999839067459,0.04800000041723251,0.04800000041723251,623200
2024-11-06,0.04800000041723251,0.054999999701976776,0.0430000014603138,0.04899999871850014,0.04899999871850014,742100
2024-11-07,0.052000001072883606,0.052000001072883606,0.04100000113248825,0.04100000113248825,0.04100000113248825,169900
2024-11-08,0.05000000074505806,0.05000000074505806,0.041999999433755875,0.041999999433755875,0.041999999433755875,312200
2024-11-11,0.041999999433755875,0.05000000074505806,0.03799999877810478,0.03999999910593033,0.03999999910593033,434100
2024-11-12,0.03799999877810478,0.04899999871850014,0.03799999877810478,0.041999999433755875,0.041999999433755875,165800
2024-11-13,0.03700000047683716,0.04399999976158142,0.03200000151991844,0.03700000047683716,0.03700000047683716,576600
2024-11-14,0.03700000047683716,0.03700000047683716,0.029999999329447746,0.029999999329447746,0.029999999329447746,511000
2024-11-15,0.029999999329447746,0.03500000014901161,0.029999999329447746,0.03500000014901161,0.03500000014901161,13300
2024-11-18,0.03500000014901161,0.03500000014901161,0.028999999165534973,0.029999999329447746,0.029999999329447746,1238700
2024-11-19,0.03099999949336052,0.03400000184774399,0.02500000037252903,0.028999999165534973,0.028999999165534973,405000
2024-11-20,0.028999999165534973,0.035999998450279236,0.028999999165534973,0.03400000184774399,0.03400000184774399,486800
2024-11-21,0.03099999949336052,0.03099999949336052,0.02800000086426735,0.028999999165534973,0.028999999165534973,94200
2024-11-22,0.02800000086426735,0.04100000113248825,0.02800000086426735,0.03999999910593033,0.03999999910593033,1587200
2024-11-25,0.03999999910593033,0.04800000041723251,0.039000000804662704,0.04600000008940697,0.04600000008940697,941600
2024-11-26,0.04399999976158142,0.054999999701976776,0.0430000014603138,0.05400000140070915,0.05400000140070915,1472400
2024-11-27,0.054999999701976776,0.054999999701976776,0.04699999839067459,0.05000000074505806,0.05000000074505806,510300
2024-11-29,0.054999999701976776,0.054999999701976776,0.050999999046325684,0.050999999046325684,0.050999999046325684,92100
2024-12-02,0.04100000113248825,0.04899999871850014,0.04100000113248825,0.04899999871850014,0.04899999871850014,14400
2024-12-03,0.04800000041723251,0.054999999701976776,0.04100000113248825,0.04500000178813934,0.04500000178813934,88600
2024-12-04,0.04100000113248825,0.05299999937415123,0.035999998450279236,0.05299999937415123,0.05299999937415123,488300
2024-12-05,0.04100000113248825,0.05000000074505806,0.04100000113248825,0.04800000041723251,0.04800000041723251,63200
2024-12-06,0.04600000008940697,0.04899999871850014,0.03999999910593033,0.04699999839067459,0.04699999839067459,55600
2024-12-09,0.04500000178813934,0.05000000074505806,0.04399999976158142,0.04600000008940697,0.04600000008940697,184500
2024-12-10,0.04699999839067459,0.054999999701976776,0.04699999839067459,0.05000000074505806,0.05000000074505806,536900
2024-12-11,0.05000000074505806,0.06199999898672104,0.05000000074505806,0.05999999865889549,0.05999999865889549,694400
2024-12-12,0.05999999865889549,0.05999999865889549,0.05299999937415123,0.057999998331069946,0.057999998331069946,105000
2024-12-13,0.05999999865889549,0.06499999761581421,0.05999999865889549,0.06499999761581421,0.06499999761581421,431200
2024-12-16,0.06499999761581421,0.06800000369548798,0.057999998331069946,0.05900000035762787,0.05900000035762787,194600
2024-12-17,0.05900000035762787,0.05900000035762787,0.057999998331069946,0.057999998331069946,0.057999998331069946,67800
2024-12-18,0.05999999865889549,0.05999999865889549,0.052000001072883606,0.05400000140070915,0.05400000140070915,97200
2024-12-19,0.052000001072883606,0.08699999749660492,0.04899999871850014,0.07100000232458115,0.07100000232458115,904200
2024-12-20,0.07699999958276749,0.07699999958276749,0.061000000685453415,0.06400000303983688,0.06400000303983688,199000
2024-12-23,0.06599999964237213,0.0689999982714653,0.050999999046325684,0.052000001072883606,0.052000001072883606,220600
2024-12-24,0.05700000002980232,0.061000000685453415,0.05700000002980232,0.05999999865889549,0.05999999865889549,67000
2024-12-26,0.05299999937415123,0.05999999865889549,0.05299999937415123,0.054999999701976776,0.054999999701976776,13400
2024-12-27,0.05400000140070915,0.05999999865889549,0.05400000140070915,0.05700000002980232,0.05700000002980232,23000
2024-12-30,0.054999999701976776,0.054999999701976776,0.04699999839067459,0.05000000074505806,0.05000000074505806,156100
2024-12-31,0.04100000113248825,0.05999999865889549,0.04100000113248825,0.05999999865889549,0.05999999865889549,297300
2025-01-02,0.04500000178813934,0.05000000074505806,0.03999999910593033,0.05000000074505806,0.05000000074505806,219900
2025-01-03,0.05000000074505806,0.05999999865889549,0.04500000178813934,0.05999999865889549,0.05999999865889549,148200
2025-01-06,0.052000001072883606,0.06499999761581421,0.052000001072883606,0.06499999761581421,0.06499999761581421,50800
2025-01-07,0.0689999982714653,0.0689999982714653,0.06499999761581421,0.06499999761581421,0.06499999761581421,102000
2025-01-08,0.06499999761581421,0.08900000154972076,0.06499999761581421,0.07900000363588333,0.07900000363588333,931500
2025-01-10,0.07500000298023224,0.08299999684095383,0.07100000232458115,0.07100000232458115,0.07100000232458115,154600
2025-01-13,0.07100000232458115,0.08500000089406967,0.07100000232458115,0.08299999684095383,0.08299999684095383,278900
2025-01-14,0.08399999886751175,0.08399999886751175,0.0729999989271164,0.07500000298023224,0.07500000298023224,83700
2025-01-15,0.07199999690055847,0.07900000363588333,0.07000000029802322,0.07000000029802322,0.07000000029802322,114400
2025-01-16,0.07100000232458115,0.07800000160932541,0.0689999982714653,0.0729999989271164,0.0729999989271164,56200
2025-01-17,0.06800000369548798,0.0689999982714653,0.05400000140070915,0.054999999701976776,0.054999999701976776,381900
2025-01-21,0.05400000140070915,0.057999998331069946,0.05400000140070915,0.0560000017285347,0.0560000017285347,69600
2025-01-22,0.05299999937415123,0.06400000303983688,0.050999999046325684,0.050999999046325684,0.050999999046325684,33800
2025-01-23,0.05000000074505806,0.050999999046325684,0.04899999871850014,0.04899999871850014,0.04899999871850014,118600
2025-01-24,0.04899999871850014,0.05400000140070915,0.04699999839067459,0.04899999871850014,0.04899999871850014,244800
2025-01-27,0.03999999910593033,0.05299999937415123,0.03999999910593033,0.04899999871850014,0.04899999871850014,47200
2025-01-28,0.050999999046325684,0.050999999046325684,0.04800000041723251,0.04800000041723251,0.04800000041723251,85200
2025-01-29,0.04100000113248825,0.04800000041723251,0.04100000113248825,0.04600000008940697,0.04600000008940697,68900
2025-01-30,0.04500000178813934,0.04699999839067459,0.04500000178813934,0.04699999839067459,0.04699999839067459,158000
2025-01-31,0.05299999937415123,0.05299999937415123,0.04500000178813934,0.04800000041723251,0.04800000041723251,15100
2025-02-03,0.0430000014603138,0.04800000041723251,0.0430000014603138,0.04800000041723251,0.04800000041723251,197000
2025-02-04,0.04600000008940697,0.04600000008940697,0.04600000008940697,0.04600000008940697,0.04600000008940697,11500
2025-02-05,0.0430000014603138,0.04699999839067459,0.0430000014603138,0.04600000008940697,0.04600000008940697,5100
2025-02-06,0.0430000014603138,0.04500000178813934,0.0430000014603138,0.0430000014603138,0.0430000014603138,42500
2025-02-07,0.04800000041723251,0.04800000041723251,0.04399999976158142,0.04399999976158142,0.04399999976158142,69600
2025-02-10,0.04600000008940697,0.05000000074505806,0.04600000008940697,0.05000000074505806,0.05000000074505806,70000
2025-02-11,0.050999999046325684,0.050999999046325684,0.05000000074505806,0.05000000074505806,0.05000000074505806,17800
2025-02-12,0.05000000074505806,0.05000000074505806,0.04600000008940697,0.04600000008940697,0.04600000008940697,97100
2025-02-13,0.04600000008940697,0.04600000008940697,0.0430000014603138,0.0430000014603138,0.0430000014603138,269800
2025-02-14,0.04399999976158142,0.04399999976158142,0.0430000014603138,0.04399999976158142,0.04399999976158142,46600
2025-02-18,0.041999999433755875,0.04399999976158142,0.035999998450279236,0.039000000804662704,0.039000000804662704,450400
2025-02-19,0.03799999877810478,0.041999999433755875,0.03799999877810478,0.041999999433755875,0.041999999433755875,80200
2025-02-20,0.041999999433755875,0.041999999433755875,0.03799999877810478,0.03999999910593033,0.03999999910593033,170100
2025-02-21,0.03799999877810478,0.04399999976158142,0.03500000014901161,0.03999999910593033,0.03999999910593033,492800
2025-02-24,0.03500000014901161,0.03799999877810478,0.03500000014901161,0.03700000047683716,0.03700000047683716,67800
2025-02-25,0.03500000014901161,0.03799999877810478,0.03500000014901161,0.03500000014901161,0.03500000014901161,110100
2025-02-26,0.03500000014901161,0.03500000014901161,0.03400000184774399,0.03400000184774399,0.03400000184774399,30900
2025-02-27,0.03500000014901161,0.03500000014901161,0.03200000151991844,0.03400000184774399,0.03400000184774399,40000
2025-02-28,0.03500000014901161,0.035999998450279236,0.03400000184774399,0.03500000014901161,0.03500000014901161,4000
2025-03-03,0.032999999821186066,0.032999999821186066,0.03099999949336052,0.03099999949336052,0.03099999949336052,302100
2025-03-04,0.03099999949336052,0.03200000151991844,0.028999999165534973,0.028999999165534973,0.028999999165534973,270300
2025-03-05,0.027000000700354576,0.029999999329447746,0.027000000700354576,0.028999999165534973,0.028999999165534973,125200
2025-03-06,0.029999999329447746,0.032999999821186066,0.028999999165534973,0.028999999165534973,0.028999999165534973,329100
2025-03-07,0.03200000151991844,0.03200000151991844,0.029999999329447746,0.03200000151991844,0.03200000151991844,34900
2025-03-10,0.029999999329447746,0.029999999329447746,0.027000000700354576,0.027000000700354576,0.027000000700354576,180800
2025-03-11,0.027000000700354576,0.028999999165534973,0.024000000208616257,0.02500000037252903,0.02500000037252903,232100
2025-03-12,0.029999999329447746,0.029999999329447746,0.02800000086426735,0.02800000086426735,0.02800000086426735,51100
2025-03-13,0.02800000086426735,0.041999999433755875,0.02800000086426735,0.041999999433755875,0.041999999433755875,462000
2025-03-14,0.03999999910593033,0.03999999910593033,0.032999999821186066,0.03999999910593033,0.03999999910593033,37400
2025-03-17,0.03500000014901161,0.035999998450279236,0.03500000014901161,0.03500000014901161,0.03500000014901161,38800
2025-03-18,0.03999999910593033,0.03999999910593033,0.03700000047683716,0.039000000804662704,0.039000000804662704,16700
2025-03-19,0.03999999910593033,0.03999999910593033,0.03700000047683716,0.03700000047683716,0.03700000047683716,79200
2025-03-20,0.03999999910593033,0.03999999910593033,0.03700000047683716,0.039000000804662704,0.039000000804662704,14100
2025-03-21,0.03999999910593033,0.0430000014603138,0.039000000804662704,0.04100000113248825,0.04100000113248825,242300
2025-03-24,0.03999999910593033,0.04399999976158142,0.03999999910593033,0.04399999976158142,0.04399999976158142,40200
2025-03-25,0.04699999839067459,0.06400000303983688,0.04699999839067459,0.05000000074505806,0.05000000074505806,383800
2025-03-26,0.05000000074505806,0.05000000074505806,0.03999999910593033,0.04899999871850014,0.04899999871850014,245700
2025-03-27,0.0430000014603138,0.04699999839067459,0.0430000014603138,0.04600000008940697,0.04600000008940697,23200
2025-03-28,0.04899999871850014,0.04899999871850014,0.0430000014603138,0.04500000178813934,0.04500000178813934,106700
2025-03-31,0.04699999839067459,0.050999999046325684,0.04500000178813934,0.04500000178813934,0.04500000178813934,56800
2025-04-01,0.04399999976158142,0.050999999046325684,0.04399999976158142,0.05000000074505806,0.05000000074505806,91500
2025-04-02,0.04399999976158142,0.052000001072883606,0.04399999976158142,0.04699999839067459,0.04699999839067459,512200
2025-04-03,0.04699999839067459,0.05000000074505806,0.04699999839067459,0.04800000041723251,0.04800000041723251,49500
2025-04-04,0.04600000008940697,0.04800000041723251,0.03200000151991844,0.039000000804662704,0.039000000804662704,519900
2025-04-07,0.03099999949336052,0.039000000804662704,0.03099999949336052,0.03200000151991844,0.03200000151991844,51600
2025-04-08,0.028999999165534973,0.04500000178813934,0.028999999165534973,0.03500000014901161,0.03500000014901161,41000
2025-04-09,0.039000000804662704,0.04699999839067459,0.03700000047683716,0.03999999910593033,0.03999999910593033,130200
2025-04-10,0.03400000184774399,0.04100000113248825,0.03099999949336052,0.03999999910593033,0.03999999910593033,161100
2025-04-11,0.03200000151991844,0.032999999821186066,0.028999999165534973,0.032999999821186066,0.032999999821186066,88400
2025-04-14,0.035999998450279236,0.039000000804662704,0.03400000184774399,0.039000000804662704,0.039000000804662704,14400
2025-04-15,0.039000000804662704,0.039000000804662704,0.03400000184774399,0.039000000804662704,0.039000000804662704,5800
2025-04-16,0.039000000804662704,0.041999999433755875,0.03099999949336052,0.03799999877810478,0.03799999877810478,48900
2025-04-17,0.03999999910593033,0.04399999976158142,0.03400000184774399,0.039000000804662704,0.039000000804662704,4100
2025-04-21,0.028999999165534973,0.04399999976158142,0.028999999165534973,0.03700000047683716,0.03700000047683716,25700
2025-04-22,0.03999999910593033,0.03999999910593033,0.03200000151991844,0.03999999910593033,0.03999999910593033,14200
2025-04-23,0.03999999910593033,0.04399999976158142,0.035999998450279236,0.0430000014603138,0.0430000014603138,95300
2025-04-24,0.039000000804662704,0.03999999910593033,0.035999998450279236,0.03700000047683716,0.03700000047683716,57900
2025-04-25,0.0430000014603138,0.0430000014603138,0.03700000047683716,0.041999999433755875,0.041999999433755875,7200
2025-04-28,0.03999999910593033,0.03999999910593033,0.029999999329447746,0.03200000151991844,0.03200000151991844,277900
2025-04-29,0.032999999821186066,0.032999999821186066,0.03200000151991844,0.032999999821186066,0.032999999821186066,77100
2025-04-30,0.035999998450279236,0.03700000047683716,0.035999998450279236,0.035999998450279236,0.035999998450279236,37100
2025-05-01,0.03700000047683716,0.03700000047683716,0.032999999821186066,0.032999999821186066,0.032999999821186066,30500
2025-05-02,0.03500000014901161,0.035999998450279236,0.032999999821186066,0.035999998450279236,0.035999998450279236,5400
2025-05-05,0.03200000151991844,0.035999998450279236,0.03200000151991844,0.03500000014901161,0.03500000014901161,7400
2025-05-06,0.03500000014901161,0.03500000014901161,0.03200000151991844,0.03500000014901161,0.03500000014901161,2200
2025-05-07,0.03400000184774399,0.03500000014901161,0.03400000184774399,0.03400000184774399,0.03400000184774399,55000
2025-05-08,0.03400000184774399,0.03799999877810478,0.03099999949336052,0.03799999877810478,0.03799999877810478,35100
2025-05-09,0.03099999949336052,0.03099999949336052,0.029999999329447746,0.03099999949336052,0.03099999949336052,149700
2025-05-12,0.03099999949336052,0.03500000014901161,0.03099999949336052,0.032999999821186066,0.032999999821186066,108200
2025-05-13,0.03700000047683716,0.03700000047683716,0.03099999949336052,0.03099999949336052,0.03099999949336052,53300
2025-05-14,0.03099999949336052,0.03500000014901161,0.029999999329447746,0.03500000014901161,0.03500000014901161,399800
2025-05-15,0.03099999949336052,0.03099999949336052,0.03099999949336052,0.03099999949336052,0.03099999949336052,100
2025-05-16,0.03400000184774399,0.03400000184774399,0.03400000184774399,0.03400000184774399,0.03400000184774399,200
2025-05-19,0.03400000184774399,0.03400000184774399,0.029999999329447746,0.029999999329447746,0.029999999329447746,34700
2025-05-20,0.032999999821186066,0.032999999821186066,0.029999999329447746,0.029999999329447746,0.029999999329447746,12500
2025-05-21,0.03200000151991844,0.032999999821186066,0.03200000151991844,0.032999999821186066,0.032999999821186066,2500
2025-05-22,0.029999999329447746,0.032999999821186066,0.029999999329447746,0.029999999329447746,0.029999999329447746,167800
2025-05-23,0.03200000151991844,0.032999999821186066,0.029999999329447746,0.029999999329447746,0.029999999329447746,16600
2025-05-27,0.029999999329447746,0.029999999329447746,0.027000000700354576,0.029999999329447746,0.029999999329447746,138500
2025-05-28,0.029999999329447746,0.029999999329447746,0.028999999165534973,0.029999999329447746,0.029999999329447746,14100
2025-05-29,0.029999999329447746,0.032999999821186066,0.029999999329447746,0.032999999821186066,0.032999999821186066,59400
2025-05-30,0.029999999329447746,0.029999999329447746,0.029999999329447746,0.029999999329447746,0.029999999329447746,45100
2025-06-02,0.032999999821186066,0.032999999821186066,0.032999999821186066,0.032999999821186066,0.032999999821186066,51400
2025-06-03,0.029999999329447746,0.03200000151991844,0.028999999165534973,0.028999999165534973,0.028999999165534973,61000
2025-06-04,0.03200000151991844,0.03200000151991844,0.029999999329447746,0.029999999329447746,0.029999999329447746,26700
2025-06-05,0.029999999329447746,0.029999999329447746,0.029999999329447746,0.029999999329447746,0.029999999329447746,38500
2025-06-06,0.03099999949336052,0.03200000151991844,0.03099999949336052,0.03200000151991844,0.03200000151991844,26400
2025-06-09,0.03200000151991844,0.032999999821186066,0.029999999329447746,0.029999999329447746,0.029999999329447746,106200
2025-06-10,0.03400000184774399,0.03400000184774399,0.029999999329447746,0.03400000184774399,0.03400000184774399,63900
2025-06-11,0.03400000184774399,0.03500000014901161,0.028999999165534973,0.029999999329447746,0.029999999329447746,209200
2025-06-12,0.03200000151991844,0.03400000184774399,0.03200000151991844,0.032999999821186066,0.032999999821186066,6400
2025-06-13,0.032999999821186066,0.03500000014901161,0.032999999821186066,0.03500000014901161,0.03500000014901161,31300
2025-06-16,0.032999999821186066,0.03400000184774399,0.032999999821186066,0.03400000184774399,0.03400000184774399,44500
2025-06-17,0.032999999821186066,0.032999999821186066,0.032999999821186066,0.032999999821186066,0.032999999821186066,32200
2025-06-18,0.032999999821186066,0.03400000184774399,0.032999999821186066,0.032999999821186066,0.032999999821186066,18500
2025-06-20,0.032999999821186066,0.04600000008940697,0.032999999821186066,0.03999999910593033,0.03999999910593033,303600
2025-06-23,0.039000000804662704,0.03999999910593033,0.03500000014901161,0.03500000014901161,0.03500000014901161,122200
2025-06-24,0.035999998450279236,0.035999998450279236,0.03500000014901161,0.035999998450279236,0.035999998450279236,69400
2025-06-25,0.03500000014901161,0.04500000178813934,0.032999999821186066,0.04399999976158142,0.04399999976158142,75300
2025-06-26,0.03799999877810478,0.04600000008940697,0.03799999877810478,0.04600000008940697,0.04600000008940697,213100
2025-06-27,0.04800000041723251,0.05000000074505806,0.03999999910593033,0.04600000008940697,0.04600000008940697,304400
2025-06-30,0.04500000178813934,0.04500000178813934,0.03799999877810478,0.04100000113248825,0.04100000113248825,41500
2025-07-01,0.04800000041723251,0.04800000041723251,0.03799999877810478,0.03799999877810478,0.03799999877810478,36100
2025-07-02,0.03799999877810478,0.03999999910593033,0.03799999877810478,0.039000000804662704,0.039000000804662704,31100
2025-07-03,0.03799999877810478,0.03799999877810478,0.03799999877810478,0.03799999877810478,0.03799999877810478,9500
2025-07-07,0.03799999877810478,0.03799999877810478,0.035999998450279236,0.035999998450279236,0.035999998450279236,96600
2025-07-08,0.03500000014901161,0.03500000014901161,0.032999999821186066,0.032999999821186066,0.032999999821186066,88200
2025-07-09,0.03200000151991844,0.03500000014901161,0.03200000151991844,0.03500000014901161,0.03500000014901161,291900
2025-07-10,0.03500000014901161,0.03500000014901161,0.03400000184774399,0.03400000184774399,0.03400000184774399,2000
2025-07-11,0.03500000014901161,0.03999999910593033,0.03400000184774399,0.03500000014901161,0.03500000014901161,65000
2025-07-14,0.03999999910593033,0.03999999910593033,0.03700000047683716,0.03700000047683716,0.03700000047683716,31000
2025-07-15,0.03400000184774399,0.03700000047683716,0.03400000184774399,0.03700000047683716,0.03700000047683716,50000
2025-07-16,0.03400000184774399,0.035999998450279236,0.03400000184774399,0.03500000014901161,0.03500000014901161,15800
2025-07-17,0.03400000184774399,0.03400000184774399,0.03400000184774399,0.03400000184774399,0.03400000184774399,30000
2025-07-18,0.03500000014901161,0.03999999910593033,0.02800000086426735,0.028999999165534973,0.028999999165534973,403000
2025-07-21,0.03099999949336052,0.03200000151991844,0.029999999329447746,0.03099999949336052,0.03099999949336052,310900
2025-07-22,0.03099999949336052,0.03099999949336052,0.029999999329447746,0.03099999949336052,0.03099999949336052,234900
2025-07-23,0.029999999329447746,0.029999999329447746,0.029999999329447746,0.029999999329447746,0.029999999329447746,500
2025-07-24,0.029999999329447746,0.03099999949336052,0.029999999329447746,0.03099999949336052,0.03099999949336052,34700
2025-07-25,0.03099999949336052,0.03099999949336052,0.029999999329447746,0.029999999329447746,0.029999999329447746,43000
2025-07-28,0.029999999329447746,0.03099999949336052,0.029999999329447746,0.03099999949336052,0.03099999949336052,26600
2025-07-29,0.028999999165534973,0.029999999329447746,0.028999999165534973,0.028999999165534973,0.028999999165534973,26300
2025-07-30,0.029999999329447746,0.029999999329447746,0.028999999165534973,0.028999999165534973,0.028999999165534973,28600
2025-07-31,0.028999999165534973,0.029999999329447746,0.028999999165534973,0.028999999165534973,0.028999999165534973,55600
2025-08-01,0.03099999949336052,0.03099999949336052,0.02800000086426735,0.029999999329447746,0.029999999329447746,92500
2025-08-04,0.029999999329447746,0.029999999329447746,0.02800000086426735,0.02800000086426735,0.02800000086426735,57800
2025-08-05,0.02800000086426735,0.03099999949336052,0.02800000086426735,0.029999999329447746,0.029999999329447746,325000
2025-08-06,0.029999999329447746,0.029999999329447746,0.02800000086426735,0.029999999329447746,0.029999999329447746,22900
2025-08-07,0.02800000086426735,0.03099999949336052,0.02800000086426735,0.03099999949336052,0.03099999949336052,34700
2025-08-08,0.02800000086426735,0.03500000014901161,0.02800000086426735,0.03500000014901161,0.03500000014901161,351200
2025-08-11,0.03500000014901161,0.03500000014901161,0.03200000151991844,0.03200000151991844,0.03200000151991844,140200
2025-08-12,0.03400000184774399,0.03500000014901161,0.03200000151991844,0.03400000184774399,0.03400000184774399,329600
2025-08-13,0.03799999877810478,0.04100000113248825,0.032999999821186066,0.04100000113248825,0.04100000113248825,416500
2025-08-14,0.04100000113248825,0.04399999976158142,0.04100000113248825,0.04100000113248825,0.04100000113248825,459200
2025-08-15,0.04100000113248825,0.04399999976158142,0.009999999776482582,0.013000000268220901,0.013000000268220901,4458700
2025-08-18,0.014000000432133675,0.02199999988079071,0.014000000432133675,0.01899999938905239,0.01899999938905239,3266200
2025-08-19,0.019999999552965164,0.024000000208616257,0.01899999938905239,0.024000000208616257,0.024000000208616257,120000
2025-08-20,0.024000000208616257,0.029999999329447746,0.01899999938905239,0.028999999165534973,0.028999999165534973,449900
2025-08-21,0.029999999329447746,0.03400000184774399,0.029999999329447746,0.032999999821186066,0.032999999821186066,1391100
2025-08-22,0.03099999949336052,0.03799999877810478,0.03099999949336052,0.03799999877810478,0.03799999877810478,950800
2025-08-25,0.03200000151991844,0.03700000047683716,0.03200000151991844,0.03400000184774399,0.03400000184774399,139900
2025-08-26,0.03400000184774399,0.04399999976158142,0.03400000184774399,0.04399999976158142,0.04399999976158142,898500
2025-08-27,0.03999999910593033,0.04100000113248825,0.03999999910593033,0.03999999910593033,0.03999999910593033,33000
2025-08-28,0.039000000804662704,0.06300000101327896,0.035999998450279236,0.061000000685453415,0.061000000685453415,2868300
2025-08-29,0.06300000101327896,0.06700000166893005,0.0430000014603138,0.04800000041723251,0.04800000041723251,2042000
2025-09-02,0.04800000041723251,0.0560000017285347,0.04800000041723251,0.0560000017285347,0.0560000017285347,569200
2025-09-03,0.04800000041723251,0.06700000166893005,0.04800000041723251,0.06700000166893005,0.06700000166893005,1424100
2025-09-04,0.06700000166893005,0.06700000166893005,0.04899999871850014,0.061000000685453415,0.061000000685453415,2113200
2025-09-05,0.06199999898672104,0.06199999898672104,0.057999998331069946,0.057999998331069946,0.057999998331069946,78800
2025-09-08,0.05900000035762787,0.05900000035762787,0.050999999046325684,0.05400000140070915,0.05400000140070915,205400
2025-09-09,0.04600000008940697,0.05700000002980232,0.04100000113248825,0.041999999433755875,0.041999999433755875,664200
2025-09-10,0.04500000178813934,0.05000000074505806,0.0430000014603138,0.05000000074505806,0.05000000074505806,218000
2025-09-11,0.04899999871850014,0.050999999046325684,0.041999999433755875,0.041999999433755875,0.041999999433755875,225500
2025-09-12,0.04100000113248825,0.04399999976158142,0.04100000113248825,0.04399999976158142,0.04399999976158142,14500
2025-09-15,0.04600000008940697,0.04600000008940697,0.041999999433755875,0.0430000014603138,0.0430000014603138,3600
2025-09-16,0.04600000008940697,0.04600000008940697,0.041999999433755875,0.041999999433755875,0.041999999433755875,83900
2025-09-17,0.04600000008940697,0.04600000008940697,0.04100000113248825,0.0430000014603138,0.0430000014603138,67500
2025-09-18,0.0430000014603138,0.04399999976158142,0.03999999910593033,0.04399999976158142,0.04399999976158142,117600
2025-09-19,0.041999999433755875,0.041999999433755875,0.03799999877810478,0.03999999910593033,0.03999999910593033,160800
2025-09-22,0.041999999433755875,0.0430000014603138,0.03999999910593033,0.03999999910593033,0.03999999910593033,227300
2025-09-23,0.03999999910593033,0.0430000014603138,0.03999999910593033,0.041999999433755875,0.041999999433755875,110000
2025-09-24,0.03999999910593033,0.0430000014603138,0.03999999910593033,0.0430000014603138,0.0430000014603138,368400
2025-09-25,0.03999999910593033,0.04100000113248825,0.039000000804662704,0.03999999910593033,0.03999999910593033,20000
2025-09-26,0.03999999910593033,0.0430000014603138,0.03799999877810478,0.0430000014603138,0.0430000014603138,128100
2025-09-29,0.039000000804662704,0.039000000804662704,0.03799999877810478,0.039000000804662704,0.039000000804662704,27100
2025-09-30,0.03799999877810478,0.03799999877810478,0.03400000184774399,0.03400000184774399,0.03400000184774399,217100
2025-10-01,0.03400000184774399,0.03500000014901161,0.03400000184774399,0.03400000184774399,0.03400000184774399,187600
2025-10-02,0.03500000014901161,0.03500000014901161,0.03400000184774399,0.03400000184774399,0.03400000184774399,57300
2025-10-03,0.03400000184774399,0.03500000014901161,0.03400000184774399,0.03400000184774399,0.03400000184774399,80400
2025-10-06,0.03500000014901161,0.03500000014901161,0.03099999949336052,0.03200000151991844,0.03200000151991844,159400
2025-10-07,0.03200000151991844,0.03400000184774399,0.03200000151991844,0.032999999821186066,0.032999999821186066,75100
2025-10-08,0.032999999821186066,0.032999999821186066,0.03099999949336052,0.03099999949336052,0.03099999949336052,100100
2025-10-09,0.03400000184774399,0.03400000184774399,0.028999999165534973,0.029999999329447746,0.029999999329447746,118000
2025-10-10,0.028999999165534973,0.03200000151991844,0.02800000086426735,0.03200000151991844,0.03200000151991844,172400
2025-10-13,0.03500000014901161,0.03500000014901161,0.02800000086426735,0.028999999165534973,0.028999999165534973,204900
2025-10-14,0.02800000086426735,0.028999999165534973,0.02800000086426735,0.02800000086426735,0.02800000086426735,111800
2025-10-15,0.02800000086426735,0.02800000086426735,0.02800000086426735,0.02800000086426735,0.02800000086426735,117300
2025-10-16,0.028999999165534973,0.03099999949336052,0.028999999165534973,0.03099999949336052,0.03099999949336052,12400
2025-10-17,0.03099999949336052,0.03400000184774399,0.03099999949336052,0.03099999949336052,0.03099999949336052,43500
2025-10-20,0.028999999165534973,0.03099999949336052,0.028999999165534973,0.029999999329447746,0.029999999329447746,70500
2025-10-21,0.029999999329447746,0.03099999949336052,0.029999999329447746,0.029999999329447746,0.029999999329447746,37400
2025-10-22,0.028999999165534973,0.03400000184774399,0.028999999165534973,0.03200000151991844,0.03200000151991844,33800
2025-10-23,0.029999999329447746,0.03400000184774399,0.027000000700354576,0.03200000151991844,0.03200000151991844,187200
2025-10-24,0.03200000151991844,0.03200000151991844,0.03099999949336052,0.03099999949336052,0.03099999949336052,21400
2025-10-27,0.028999999165534973,0.03099999949336052,0.028999999165534973,0.03099999949336052,0.03099999949336052,73400
2025-10-28,0.028999999165534973,0.03099999949336052,0.02800000086426735,0.03099999949336052,0.03099999949336052,115000
2025-10-29,0.028999999165534973,0.032999999821186066,0.027000000700354576,0.032999999821186066,0.032999999821186066,130400
2025-10-30,0.032999999821186066,0.032999999821186066,0.027000000700354576,0.028999999165534973,0.028999999165534973,265600
2025-10-31,0.026000000536441803,0.029999999329447746,0.026000000536441803,0.029999999329447746,0.029999999329447746,71500
2025-11-03,0.029999999329447746,0.03099999949336052,0.028999999165534973,0.029999999329447746,0.029999999329447746,91100
2025-11-04,0.02800000086426735,0.03200000151991844,0.02800000086426735,0.02800000086426735,0.02800000086426735,192200
2025-11-05,0.02800000086426735,0.02800000086426735,0.026000000536441803,0.02800000086426735,0.02800000086426735,78700
2025-11-06,0.029999999329447746,0.029999999329447746,0.024000000208616257,0.024000000208616257,0.024000000208616257,411000
2025-11-07,0.02500000037252903,0.02500000037252903,0.024000000208616257,0.02500000037252903,0.02500000037252903,11000
2025-11-10,0.02500000037252903,0.02500000037252903,0.024000000208616257,0.02500000037252903,0.02500000037252903,121100
2025-11-11,0.026000000536441803,0.026000000536441803,0.02500000037252903,0.026000000536441803,0.026000000536441803,12900
2025-11-12,0.02800000086426735,0.02800000086426735,0.02500000037252903,0.02800000086426735,0.02800000086426735,2400
2025-11-13,0.023000000044703484,0.027000000700354576,0.023000000044703484,0.02500000037252903,0.02500000037252903,13800
2025-11-14,0.02500000037252903,0.02500000037252903,0.02500000037252903,0.02500000037252903,0.02500000037252903,5000
2025-11-17,0.027000000700354576,0.027000000700354576,0.027000000700354576,0.027000000700354576,0.027000000700354576,3000
2025-11-18,0.023000000044703484,0.027000000700354576,0.02199999988079071,0.02500000037252903,0.02500000037252903,90500
2025-11-19,0.02500000037252903,0.03200000151991844,0.02500000037252903,0.03200000151991844,0.03200000151991844,410600
2025-11-20,0.03200000151991844,0.03200000151991844,0.028999999165534973,0.028999999165534973,0.028999999165534973,65000
2025-11-21,0.028999999165534973,0.03200000151991844,0.026000000536441803,0.026000000536441803,0.026000000536441803,382600
2025-11-24,0.024000000208616257,0.028999999165534973,0.024000000208616257,0.02800000086426735,0.02800000086426735,88200
2025-11-25,0.02800000086426735,0.032999999821186066,0.02800000086426735,0.032999999821186066,0.032999999821186066,217500
2025-11-26,0.03200000151991844,0.03200000151991844,0.028999999165534973,0.028999999165534973,0.028999999165534973,180400
2025-11-28,0.029999999329447746,0.029999999329447746,0.029999999329447746,0.029999999329447746,0.029999999329447746,10000
2025-12-01,0.028999999165534973,0.03099999949336052,0.028999999165534973,0.03099999949336052,0.03099999949336052,9800
2025-12-02,0.03099999949336052,0.03200000151991844,0.029999999329447746,0.029999999329447746,0.029999999329447746,8200
2025-12-03,0.029999999329447746,0.029999999329447746,0.028999999165534973,0.028999999165534973,0.028999999165534973,77100
2025-12-04,0.028999999165534973,0.032999999821186066,0.023000000044703484,0.032999999821186066,0.032999999821186066,648900
2025-12-05,0.032999999821186066,0.06800000369548798,0.03200000151991844,0.06700000166893005,0.06700000166893005,3686300
2025-12-08,0.05900000035762787,0.06700000166893005,0.052000001072883606,0.0560000017285347,0.0560000017285347,869100
2025-12-09,0.057999998331069946,0.057999998331069946,0.04100000113248825,0.04500000178813934,0.04500000178813934,467800
2025-12-10,0.041999999433755875,0.0430000014603138,0.03700000047683716,0.03999999910593033,0.03999999910593033,165100
2025-12-11,0.039000000804662704,0.04100000113248825,0.03700000047683716,0.03999999910593033,0.03999999910593033,249400
2025-12-12,0.039000000804662704,0.05999999865889549,0.039000000804662704,0.05299999937415123,0.05299999937415123,1157000
2025-12-15,0.050999999046325684,0.054999999701976776,0.04100000113248825,0.04500000178813934,0.04500000178813934,278600
2025-12-16,0.04600000008940697,0.050999999046325684,0.0430000014603138,0.05000000074505806,0.05000000074505806,420400
2025-12-17,0.04899999871850014,0.05000000074505806,0.04500000178813934,0.04500000178813934,0.04500000178813934,215600
2025-12-18,0.04500000178813934,0.05000000074505806,0.04399999976158142,0.04600000008940697,0.04600000008940697,114300
2025-12-19,0.05000000074505806,0.05000000074505806,0.039000000804662704,0.04100000113248825,0.04100000113248825,171900
2025-12-22,0.041999999433755875,0.04399999976158142,0.03999999910593033,0.04100000113248825,0.04100000113248825,12600
2025-12-23,0.03999999910593033,0.04399999976158142,0.03500000014901161,0.04399999976158142,0.04399999976158142,48200
2025-12-24,0.0430000014603138,0.0430000014603138,0.0430000014603138,0.0430000014603138,0.0430000014603138,200
2025-12-26,0.03700000047683716,0.04100000113248825,0.03500000014901161,0.03999999910593033,0.03999999910593033,60500
2025-12-29,0.03500000014901161,0.03500000014901161,0.03200000151991844,0.032999999821186066,0.032999999821186066,131000
2025-12-30,0.03200000151991844,0.03500000014901161,0.028999999165534973,0.032999999821186066,0.032999999821186066,218400
