date,open,high,low,close,adj_close,volume
,BCRD,BCRD,BCRD,BCRD,BCRD,BCRD
2020-01-02,51.0,51.0,51.0,51.0,51.0,0
2020-01-03,51.0,51.0,51.0,51.0,51.0,4
2020-01-06,51.0,51.0,51.0,51.0,51.0,7
2020-01-07,51.0,51.0,51.0,51.0,51.0,5
2020-01-08,51.0,65.0,51.0,65.0,65.0,4
2020-01-09,54.0,54.0,54.0,54.0,54.0,2
2020-01-10,54.0,54.0,54.0,54.0,54.0,0
2020-01-13,55.0,90.98999786376953,45.5,90.98999786376953,90.98999786376953,138
2020-01-14,90.98999786376953,90.98999786376953,90.98999786376953,90.98999786376953,90.98999786376953,0
2020-01-15,90.98999786376953,90.98999786376953,90.98999786376953,90.98999786376953,90.98999786376953,0
2020-01-16,90.98999786376953,90.98999786376953,90.98999786376953,90.98999786376953,90.98999786376953,0
2020-01-17,90.98999786376953,90.98999786376953,90.98999786376953,90.98999786376953,90.98999786376953,0
2020-01-21,60.0,60.0,60.0,60.0,60.0,19
2020-01-22,78.0,78.0,60.0,60.0,60.0,17
2020-01-23,70.0,70.0,70.0,70.0,70.0,1
2020-01-24,70.0,70.0,70.0,70.0,70.0,0
2020-01-27,70.0,70.0,70.0,70.0,70.0,0
2020-01-28,70.0,70.0,70.0,70.0,70.0,0
2020-01-29,70.0,70.0,70.0,70.0,70.0,0
2020-01-30,70.0,70.0,70.0,70.0,70.0,0
2020-01-31,70.0,70.0,70.0,70.0,70.0,0
2020-02-03,70.0,70.0,70.0,70.0,70.0,0
2020-02-04,70.0,70.0,70.0,70.0,70.0,0
2020-02-05,36.29999923706055,74.0,36.29999923706055,74.0,74.0,2
2020-02-06,74.0,74.0,74.0,74.0,74.0,0
2020-02-07,74.0,74.0,37.900001525878906,37.900001525878906,37.900001525878906,64
2020-02-10,37.900001525878906,37.900001525878906,37.900001525878906,37.900001525878906,37.900001525878906,0
2020-02-11,37.0,37.0,26.0,27.200000762939453,27.200000762939453,86
2020-02-12,25.0,25.0,25.0,25.0,25.0,29
2020-02-13,25.0,25.0,25.0,25.0,25.0,0
2020-02-14,25.0,51.0,25.0,51.0,51.0,3
2020-02-18,51.0,51.0,51.0,51.0,51.0,0
2020-02-19,51.0,51.0,51.0,51.0,51.0,0
2020-02-20,51.0,51.0,25.0,26.200000762939453,26.200000762939453,8
2020-02-21,45.0,45.0,45.0,45.0,45.0,22
2020-02-24,45.0,45.0,45.0,45.0,45.0,86
2020-02-25,50.0,50.0,50.0,50.0,50.0,40
2020-02-26,30.0,50.0,30.0,50.0,50.0,81
2020-02-27,50.0,50.0,50.0,50.0,50.0,0
2020-02-28,50.0,50.0,50.0,50.0,50.0,0
2020-03-02,50.0,50.0,50.0,50.0,50.0,1
2020-03-03,50.0,51.0,50.0,51.0,51.0,12
2020-03-04,51.0,51.0,51.0,51.0,51.0,0
2020-03-05,51.0,51.0,51.0,51.0,51.0,0
2020-03-06,30.0,30.0,30.0,30.0,30.0,12
2020-03-09,30.0,30.0,30.0,30.0,30.0,0
2020-03-10,30.0,30.0,30.0,30.0,30.0,0
2020-03-11,30.0,35.0,25.0,25.0,25.0,33
2020-03-12,25.0,25.0,25.0,25.0,25.0,0
2020-03-13,25.0,25.0,25.0,25.0,25.0,0
2020-03-16,25.0,25.0,25.0,25.0,25.0,1
2020-03-17,25.0,25.0,25.0,25.0,25.0,0
2020-03-18,25.0,25.0,25.0,25.0,25.0,0
2020-03-19,25.0,25.0,25.0,25.0,25.0,0
2020-03-20,25.0,25.0,25.0,25.0,25.0,0
2020-03-23,25.0,25.0,25.0,25.0,25.0,0
2020-03-24,25.0,25.0,25.0,25.0,25.0,0
2020-03-25,25.0,25.0,25.0,25.0,25.0,0
2020-03-26,35.0,35.0,35.0,35.0,35.0,11
2020-03-27,35.0,35.0,35.0,35.0,35.0,0
2020-03-30,35.0,35.0,35.0,35.0,35.0,0
2020-03-31,25.0,25.0,20.0,20.0,20.0,10
2020-04-01,20.0,20.0,20.0,20.0,20.0,0
2020-04-02,20.0,20.0,20.0,20.0,20.0,0
2020-04-03,20.0,20.0,20.0,20.0,20.0,0
2020-04-06,20.0,20.0,20.0,20.0,20.0,0
2020-04-07,20.0,20.0,20.0,20.0,20.0,0
2020-04-08,20.0,20.0,20.0,20.0,20.0,0
2020-04-09,20.0,20.0,20.0,20.0,20.0,0
2020-04-13,20.0,20.0,20.0,20.0,20.0,0
2020-04-14,20.0,20.0,20.0,20.0,20.0,0
2020-04-15,20.0,20.0,20.0,20.0,20.0,0
2020-04-16,20.0,20.0,20.0,20.0,20.0,0
2020-04-17,20.0,20.0,20.0,20.0,20.0,0
2020-04-20,20.0,20.0,20.0,20.0,20.0,0
2020-04-21,20.0,20.0,20.0,20.0,20.0,0
2020-04-22,20.0,20.0,20.0,20.0,20.0,0
2020-04-23,20.0,20.0,20.0,20.0,20.0,0
2020-04-24,20.0,20.0,20.0,20.0,20.0,0
2020-04-27,20.0,20.0,20.0,20.0,20.0,0
2020-04-28,20.0,20.0,20.0,20.0,20.0,0
2020-04-29,20.0,20.0,20.0,20.0,20.0,0
2020-04-30,20.0,20.0,20.0,20.0,20.0,10
2020-05-01,20.0,20.0,20.0,20.0,20.0,0
2020-05-04,20.0,20.0,20.0,20.0,20.0,0
2020-05-05,20.0,20.0,20.0,20.0,20.0,0
2020-05-06,20.0,20.0,20.0,20.0,20.0,0
2020-05-07,15.99899959564209,15.99899959564209,15.0,15.0,15.0,2
2020-05-08,15.0,15.0,15.0,15.0,15.0,0
2020-05-11,15.0,15.0,15.0,15.0,15.0,0
2020-05-12,15.0,15.0,15.0,15.0,15.0,0
2020-05-13,15.0,15.0,15.0,15.0,15.0,0
2020-05-14,15.0,15.0,15.0,15.0,15.0,0
2020-05-15,13.5,13.5,12.550000190734863,12.550000190734863,12.550000190734863,10
2020-05-18,12.550000190734863,12.550000190734863,12.550000190734863,12.550000190734863,12.550000190734863,0
2020-05-19,12.550000190734863,12.550000190734863,12.550000190734863,12.550000190734863,12.550000190734863,0
2020-05-20,12.550000190734863,12.550000190734863,12.550000190734863,12.550000190734863,12.550000190734863,0
2020-05-21,12.550000190734863,12.550000190734863,12.550000190734863,12.550000190734863,12.550000190734863,0
2020-05-22,12.550000190734863,12.550000190734863,12.550000190734863,12.550000190734863,12.550000190734863,0
2020-05-26,12.550000190734863,12.550000190734863,12.550000190734863,12.550000190734863,12.550000190734863,0
2020-05-27,12.550000190734863,12.550000190734863,12.550000190734863,12.550000190734863,12.550000190734863,0
2020-05-28,12.550000190734863,12.550000190734863,12.550000190734863,12.550000190734863,12.550000190734863,0
2020-05-29,12.550000190734863,12.550000190734863,12.550000190734863,12.550000190734863,12.550000190734863,0
2020-06-01,12.550000190734863,12.550000190734863,12.550000190734863,12.550000190734863,12.550000190734863,0
2020-06-02,20.0,20.0,20.0,20.0,20.0,35
2020-06-03,20.0,20.0,20.0,20.0,20.0,0
2020-06-04,20.0,20.0,20.0,20.0,20.0,0
2020-06-05,24.0,51.0,24.0,51.0,51.0,79
2020-06-08,51.0,51.0,51.0,51.0,51.0,0
2020-06-09,51.0,51.0,51.0,51.0,51.0,19
2020-06-10,51.0,51.0,51.0,51.0,51.0,0
2020-06-11,51.0,51.0,51.0,51.0,51.0,0
2020-06-12,51.0,51.0,51.0,51.0,51.0,0
2020-06-15,51.0,51.0,51.0,51.0,51.0,0
2020-06-16,51.0,55.0,51.0,55.0,55.0,119
2020-06-17,52.0,60.0,52.0,60.0,60.0,40
2020-06-18,65.0,85.0,65.0,85.0,85.0,25
2020-06-19,70.0,85.0,70.0,85.0,85.0,56
2020-06-22,85.0,85.0,85.0,85.0,85.0,0
2020-06-23,75.0,95.0,75.0,95.0,95.0,6
2020-06-24,65.0,65.0,40.0,40.0,40.0,75
2020-06-25,40.0,40.0,40.0,40.0,40.0,0
2020-06-26,40.0,40.0,40.0,40.0,40.0,0
2020-06-29,40.0,40.0,40.0,40.0,40.0,0
2020-06-30,40.0,40.0,40.0,40.0,40.0,0
2020-07-01,40.0,40.0,40.0,40.0,40.0,0
2020-07-02,40.0,40.0,40.0,40.0,40.0,0
2020-07-06,40.0,40.0,40.0,40.0,40.0,0
2020-07-07,40.0,40.0,40.0,40.0,40.0,0
2020-07-08,17.5,17.5,10.010000228881836,10.010000228881836,10.010000228881836,4
2020-07-09,10.010000228881836,10.010000228881836,10.010000228881836,10.010000228881836,10.010000228881836,0
2020-07-10,10.010000228881836,10.010000228881836,10.010000228881836,10.010000228881836,10.010000228881836,0
2020-07-13,10.010000228881836,10.010000228881836,10.010000228881836,10.010000228881836,10.010000228881836,0
2020-07-14,10.010000228881836,10.010000228881836,10.010000228881836,10.010000228881836,10.010000228881836,0
2020-07-15,10.010000228881836,10.010000228881836,10.010000228881836,10.010000228881836,10.010000228881836,0
2020-07-16,10.010000228881836,10.010000228881836,10.010000228881836,10.010000228881836,10.010000228881836,0
2020-07-17,10.010000228881836,10.010000228881836,10.010000228881836,10.010000228881836,10.010000228881836,0
2020-07-20,10.010000228881836,10.010000228881836,10.010000228881836,10.010000228881836,10.010000228881836,0
2020-07-21,10.010000228881836,10.010000228881836,10.010000228881836,10.010000228881836,10.010000228881836,0
2020-07-22,10.010000228881836,10.010000228881836,10.010000228881836,10.010000228881836,10.010000228881836,0
2020-07-23,10.020000457763672,50.79999923706055,10.020000457763672,50.79999923706055,50.79999923706055,4
2020-07-24,50.79999923706055,50.79999923706055,50.79999923706055,50.79999923706055,50.79999923706055,0
2020-07-27,50.79999923706055,50.79999923706055,50.79999923706055,50.79999923706055,50.79999923706055,0
2020-07-28,50.79999923706055,50.79999923706055,50.79999923706055,50.79999923706055,50.79999923706055,0
2020-07-29,50.79999923706055,50.79999923706055,50.79999923706055,50.79999923706055,50.79999923706055,0
2020-07-30,50.79999923706055,50.79999923706055,50.79999923706055,50.79999923706055,50.79999923706055,0
2020-07-31,50.79999923706055,50.79999923706055,50.79999923706055,50.79999923706055,50.79999923706055,0
2020-08-03,50.79999923706055,50.79999923706055,50.79999923706055,50.79999923706055,50.79999923706055,0
2020-08-04,50.79999923706055,50.79999923706055,50.79999923706055,50.79999923706055,50.79999923706055,0
2020-08-05,50.79999923706055,50.79999923706055,50.79999923706055,50.79999923706055,50.79999923706055,0
2020-08-06,50.79999923706055,50.79999923706055,50.79999923706055,50.79999923706055,50.79999923706055,0
2020-08-07,50.79999923706055,50.79999923706055,50.79999923706055,50.79999923706055,50.79999923706055,0
2020-08-10,50.79999923706055,50.79999923706055,50.79999923706055,50.79999923706055,50.79999923706055,0
2020-08-11,50.79999923706055,50.79999923706055,50.79999923706055,50.79999923706055,50.79999923706055,0
2020-08-12,50.79999923706055,50.79999923706055,50.79999923706055,50.79999923706055,50.79999923706055,0
2020-08-13,50.79999923706055,50.79999923706055,50.79999923706055,50.79999923706055,50.79999923706055,0
2020-08-14,50.79999923706055,50.79999923706055,50.79999923706055,50.79999923706055,50.79999923706055,0
2020-08-17,50.79999923706055,50.79999923706055,50.79999923706055,50.79999923706055,50.79999923706055,0
2020-08-18,50.79999923706055,50.79999923706055,50.79999923706055,50.79999923706055,50.79999923706055,0
2020-08-19,50.79999923706055,50.79999923706055,50.79999923706055,50.79999923706055,50.79999923706055,0
2020-08-20,50.79999923706055,50.79999923706055,50.79999923706055,50.79999923706055,50.79999923706055,0
2020-08-21,50.79999923706055,50.79999923706055,50.79999923706055,50.79999923706055,50.79999923706055,0
2020-08-24,50.79999923706055,50.79999923706055,50.79999923706055,50.79999923706055,50.79999923706055,0
2020-08-25,50.79999923706055,50.79999923706055,50.79999923706055,50.79999923706055,50.79999923706055,0
2020-08-26,50.79999923706055,50.79999923706055,50.79999923706055,50.79999923706055,50.79999923706055,0
2020-08-27,50.79999923706055,50.79999923706055,50.79999923706055,50.79999923706055,50.79999923706055,0
2020-08-28,50.79999923706055,50.79999923706055,50.79999923706055,50.79999923706055,50.79999923706055,0
2020-08-31,50.79999923706055,50.79999923706055,50.79999923706055,50.79999923706055,50.79999923706055,0
2020-09-01,50.79999923706055,50.79999923706055,50.79999923706055,50.79999923706055,50.79999923706055,0
2020-09-02,50.79999923706055,50.79999923706055,50.79999923706055,50.79999923706055,50.79999923706055,0
2020-09-03,50.79999923706055,50.79999923706055,50.79999923706055,50.79999923706055,50.79999923706055,0
2020-09-04,50.79999923706055,50.79999923706055,50.79999923706055,50.79999923706055,50.79999923706055,0
2020-09-08,50.79999923706055,50.79999923706055,50.79999923706055,50.79999923706055,50.79999923706055,0
2020-09-09,50.79999923706055,50.79999923706055,50.79999923706055,50.79999923706055,50.79999923706055,0
2020-09-10,50.79999923706055,50.79999923706055,50.79999923706055,50.79999923706055,50.79999923706055,0
2020-09-11,50.79999923706055,50.79999923706055,50.79999923706055,50.79999923706055,50.79999923706055,0
2020-09-14,50.79999923706055,50.79999923706055,50.79999923706055,50.79999923706055,50.79999923706055,0
2020-09-15,50.79999923706055,50.79999923706055,50.79999923706055,50.79999923706055,50.79999923706055,0
2020-09-16,50.79999923706055,50.79999923706055,50.79999923706055,50.79999923706055,50.79999923706055,0
2020-09-17,50.79999923706055,50.79999923706055,50.79999923706055,50.79999923706055,50.79999923706055,0
2020-09-18,50.79999923706055,50.79999923706055,50.79999923706055,50.79999923706055,50.79999923706055,0
2020-09-21,50.79999923706055,50.79999923706055,50.79999923706055,50.79999923706055,50.79999923706055,0
2020-09-22,50.79999923706055,50.79999923706055,50.79999923706055,50.79999923706055,50.79999923706055,0
2020-09-23,50.79999923706055,50.79999923706055,50.79999923706055,50.79999923706055,50.79999923706055,0
2020-09-24,50.79999923706055,50.79999923706055,50.79999923706055,50.79999923706055,50.79999923706055,0
2020-09-25,50.79999923706055,50.79999923706055,50.79999923706055,50.79999923706055,50.79999923706055,0
2020-09-28,50.79999923706055,50.79999923706055,50.79999923706055,50.79999923706055,50.79999923706055,0
2020-09-29,50.79999923706055,50.79999923706055,50.79999923706055,50.79999923706055,50.79999923706055,0
2020-09-30,50.79999923706055,50.79999923706055,50.79999923706055,50.79999923706055,50.79999923706055,0
2020-10-01,50.79999923706055,50.79999923706055,50.79999923706055,50.79999923706055,50.79999923706055,0
2020-10-02,50.79999923706055,50.79999923706055,50.79999923706055,50.79999923706055,50.79999923706055,0
2020-10-05,50.79999923706055,50.79999923706055,50.79999923706055,50.79999923706055,50.79999923706055,0
2020-10-06,50.79999923706055,50.79999923706055,50.79999923706055,50.79999923706055,50.79999923706055,0
2020-10-07,50.79999923706055,50.79999923706055,50.79999923706055,50.79999923706055,50.79999923706055,0
2020-10-08,50.79999923706055,50.79999923706055,50.79999923706055,50.79999923706055,50.79999923706055,0
2020-10-09,50.79999923706055,50.79999923706055,50.79999923706055,50.79999923706055,50.79999923706055,0
2020-10-12,50.79999923706055,50.79999923706055,50.79999923706055,50.79999923706055,50.79999923706055,0
2020-10-13,50.79999923706055,50.79999923706055,50.79999923706055,50.79999923706055,50.79999923706055,0
2020-10-14,50.79999923706055,50.79999923706055,50.79999923706055,50.79999923706055,50.79999923706055,0
2020-10-15,50.79999923706055,50.79999923706055,50.79999923706055,50.79999923706055,50.79999923706055,0
2020-10-16,50.79999923706055,50.79999923706055,50.79999923706055,50.79999923706055,50.79999923706055,0
2020-10-19,50.79999923706055,50.79999923706055,50.79999923706055,50.79999923706055,50.79999923706055,0
2020-10-20,50.79999923706055,50.79999923706055,50.79999923706055,50.79999923706055,50.79999923706055,0
2020-10-21,50.79999923706055,50.79999923706055,50.79999923706055,50.79999923706055,50.79999923706055,0
2020-10-22,50.79999923706055,50.79999923706055,50.79999923706055,50.79999923706055,50.79999923706055,0
2020-10-23,50.79999923706055,50.79999923706055,50.79999923706055,50.79999923706055,50.79999923706055,0
2020-10-26,50.79999923706055,50.79999923706055,50.79999923706055,50.79999923706055,50.79999923706055,0
2020-10-27,50.79999923706055,50.79999923706055,50.79999923706055,50.79999923706055,50.79999923706055,0
2020-10-28,50.79999923706055,50.79999923706055,50.79999923706055,50.79999923706055,50.79999923706055,0
2020-10-29,50.79999923706055,50.79999923706055,50.79999923706055,50.79999923706055,50.79999923706055,0
2020-10-30,50.79999923706055,50.79999923706055,50.79999923706055,50.79999923706055,50.79999923706055,0
2020-11-02,50.79999923706055,50.79999923706055,50.79999923706055,50.79999923706055,50.79999923706055,0
2020-11-03,50.79999923706055,50.79999923706055,50.79999923706055,50.79999923706055,50.79999923706055,0
2020-11-04,50.79999923706055,50.79999923706055,50.79999923706055,50.79999923706055,50.79999923706055,0
2020-11-05,50.79999923706055,50.79999923706055,50.79999923706055,50.79999923706055,50.79999923706055,0
2020-11-06,50.79999923706055,50.79999923706055,50.79999923706055,50.79999923706055,50.79999923706055,0
2020-11-09,50.79999923706055,50.79999923706055,50.79999923706055,50.79999923706055,50.79999923706055,0
2020-11-10,50.79999923706055,50.79999923706055,50.79999923706055,50.79999923706055,50.79999923706055,0
2020-11-11,50.79999923706055,50.79999923706055,50.79999923706055,50.79999923706055,50.79999923706055,0
2020-11-12,50.79999923706055,50.79999923706055,50.79999923706055,50.79999923706055,50.79999923706055,0
2020-11-13,50.79999923706055,50.79999923706055,50.79999923706055,50.79999923706055,50.79999923706055,0
2020-11-16,50.79999923706055,50.79999923706055,50.79999923706055,50.79999923706055,50.79999923706055,0
2020-11-17,50.79999923706055,50.79999923706055,50.79999923706055,50.79999923706055,50.79999923706055,0
2020-11-18,50.79999923706055,50.79999923706055,50.79999923706055,50.79999923706055,50.79999923706055,0
2020-11-19,50.79999923706055,50.79999923706055,50.79999923706055,50.79999923706055,50.79999923706055,0
2020-11-20,50.79999923706055,50.79999923706055,50.79999923706055,50.79999923706055,50.79999923706055,0
2020-11-23,50.79999923706055,50.79999923706055,50.79999923706055,50.79999923706055,50.79999923706055,0
2020-11-24,50.79999923706055,50.79999923706055,50.79999923706055,50.79999923706055,50.79999923706055,0
2020-11-25,50.79999923706055,50.79999923706055,50.79999923706055,50.79999923706055,50.79999923706055,0
2020-11-27,50.79999923706055,50.79999923706055,50.79999923706055,50.79999923706055,50.79999923706055,0
2020-11-30,50.79999923706055,50.79999923706055,50.79999923706055,50.79999923706055,50.79999923706055,0
2020-12-01,50.79999923706055,50.79999923706055,50.79999923706055,50.79999923706055,50.79999923706055,0
2020-12-02,50.79999923706055,50.79999923706055,50.79999923706055,50.79999923706055,50.79999923706055,0
2020-12-03,50.79999923706055,50.79999923706055,50.79999923706055,50.79999923706055,50.79999923706055,0
2020-12-04,50.79999923706055,50.79999923706055,50.79999923706055,50.79999923706055,50.79999923706055,0
2020-12-07,50.79999923706055,50.79999923706055,50.79999923706055,50.79999923706055,50.79999923706055,0
2020-12-08,50.79999923706055,50.79999923706055,50.79999923706055,50.79999923706055,50.79999923706055,0
2020-12-09,50.79999923706055,50.79999923706055,50.79999923706055,50.79999923706055,50.79999923706055,0
2020-12-10,50.79999923706055,50.79999923706055,50.79999923706055,50.79999923706055,50.79999923706055,0
2020-12-11,50.79999923706055,50.79999923706055,50.79999923706055,50.79999923706055,50.79999923706055,0
2020-12-14,50.79999923706055,50.79999923706055,50.79999923706055,50.79999923706055,50.79999923706055,0
2020-12-15,50.79999923706055,50.79999923706055,50.79999923706055,50.79999923706055,50.79999923706055,0
2020-12-16,50.79999923706055,50.79999923706055,50.79999923706055,50.79999923706055,50.79999923706055,0
2020-12-17,50.79999923706055,50.79999923706055,50.79999923706055,50.79999923706055,50.79999923706055,0
2020-12-18,50.79999923706055,50.79999923706055,50.79999923706055,50.79999923706055,50.79999923706055,0
2020-12-21,50.79999923706055,50.79999923706055,50.79999923706055,50.79999923706055,50.79999923706055,0
2020-12-22,50.79999923706055,50.79999923706055,50.79999923706055,50.79999923706055,50.79999923706055,0
2020-12-23,50.79999923706055,50.79999923706055,50.79999923706055,50.79999923706055,50.79999923706055,0
2020-12-24,50.79999923706055,50.79999923706055,50.79999923706055,50.79999923706055,50.79999923706055,0
2020-12-28,50.79999923706055,50.79999923706055,50.79999923706055,50.79999923706055,50.79999923706055,0
2020-12-29,50.79999923706055,50.79999923706055,50.79999923706055,50.79999923706055,50.79999923706055,0
2020-12-30,50.79999923706055,50.79999923706055,50.79999923706055,50.79999923706055,50.79999923706055,0
2020-12-31,50.79999923706055,50.79999923706055,50.79999923706055,50.79999923706055,50.79999923706055,0
2021-01-04,50.79999923706055,50.79999923706055,50.79999923706055,50.79999923706055,50.79999923706055,0
2021-01-05,50.79999923706055,50.79999923706055,50.79999923706055,50.79999923706055,50.79999923706055,0
2021-01-06,50.79999923706055,50.79999923706055,50.79999923706055,50.79999923706055,50.79999923706055,0
2021-01-07,50.79999923706055,50.79999923706055,50.79999923706055,50.79999923706055,50.79999923706055,0
2021-01-08,50.79999923706055,50.79999923706055,50.79999923706055,50.79999923706055,50.79999923706055,0
2021-01-11,50.79999923706055,50.79999923706055,50.79999923706055,50.79999923706055,50.79999923706055,0
2021-01-12,50.79999923706055,50.79999923706055,50.79999923706055,50.79999923706055,50.79999923706055,0
2021-01-13,50.79999923706055,50.79999923706055,50.79999923706055,50.79999923706055,50.79999923706055,0
2021-01-14,50.79999923706055,50.79999923706055,50.79999923706055,50.79999923706055,50.79999923706055,0
2021-01-15,50.79999923706055,50.79999923706055,50.79999923706055,50.79999923706055,50.79999923706055,0
2021-01-19,50.79999923706055,50.79999923706055,50.79999923706055,50.79999923706055,50.79999923706055,0
2021-01-20,50.79999923706055,50.79999923706055,50.79999923706055,50.79999923706055,50.79999923706055,0
2021-01-21,50.79999923706055,50.79999923706055,50.79999923706055,50.79999923706055,50.79999923706055,0
2021-01-22,50.79999923706055,50.79999923706055,50.79999923706055,50.79999923706055,50.79999923706055,0
2021-01-25,50.79999923706055,50.79999923706055,50.79999923706055,50.79999923706055,50.79999923706055,0
2021-01-26,50.79999923706055,50.79999923706055,50.79999923706055,50.79999923706055,50.79999923706055,0
2021-01-27,50.79999923706055,50.79999923706055,50.79999923706055,50.79999923706055,50.79999923706055,0
2021-01-28,50.79999923706055,50.79999923706055,50.79999923706055,50.79999923706055,50.79999923706055,0
2021-01-29,50.79999923706055,50.79999923706055,50.79999923706055,50.79999923706055,50.79999923706055,0
2021-02-01,50.79999923706055,50.79999923706055,50.79999923706055,50.79999923706055,50.79999923706055,0
2021-02-02,50.79999923706055,50.79999923706055,50.79999923706055,50.79999923706055,50.79999923706055,0
2021-02-03,50.79999923706055,50.79999923706055,50.79999923706055,50.79999923706055,50.79999923706055,0
2021-02-04,50.79999923706055,50.79999923706055,50.79999923706055,50.79999923706055,50.79999923706055,0
2021-02-05,50.79999923706055,50.79999923706055,50.79999923706055,50.79999923706055,50.79999923706055,0
2021-02-08,50.79999923706055,50.79999923706055,50.79999923706055,50.79999923706055,50.79999923706055,0
2021-02-09,50.79999923706055,50.79999923706055,50.79999923706055,50.79999923706055,50.79999923706055,0
2021-02-10,50.79999923706055,50.79999923706055,50.79999923706055,50.79999923706055,50.79999923706055,0
2021-02-11,50.79999923706055,50.79999923706055,50.79999923706055,50.79999923706055,50.79999923706055,0
2021-02-12,50.79999923706055,50.79999923706055,50.79999923706055,50.79999923706055,50.79999923706055,0
2021-02-16,50.79999923706055,50.79999923706055,50.79999923706055,50.79999923706055,50.79999923706055,0
2021-02-17,50.79999923706055,50.79999923706055,50.79999923706055,50.79999923706055,50.79999923706055,0
2021-02-18,50.79999923706055,50.79999923706055,50.79999923706055,50.79999923706055,50.79999923706055,0
2021-02-19,50.79999923706055,50.79999923706055,50.79999923706055,50.79999923706055,50.79999923706055,0
2021-02-22,50.79999923706055,50.79999923706055,50.79999923706055,50.79999923706055,50.79999923706055,0
2021-02-23,50.79999923706055,50.79999923706055,50.79999923706055,50.79999923706055,50.79999923706055,0
2021-02-24,50.79999923706055,50.79999923706055,50.79999923706055,50.79999923706055,50.79999923706055,0
2021-02-25,50.79999923706055,50.79999923706055,50.79999923706055,50.79999923706055,50.79999923706055,0
2021-02-26,50.79999923706055,50.79999923706055,50.79999923706055,50.79999923706055,50.79999923706055,0
2021-03-01,50.79999923706055,50.79999923706055,50.79999923706055,50.79999923706055,50.79999923706055,0
2021-03-02,50.79999923706055,50.79999923706055,50.79999923706055,50.79999923706055,50.79999923706055,0
2021-03-03,50.79999923706055,50.79999923706055,50.79999923706055,50.79999923706055,50.79999923706055,0
2021-03-04,50.79999923706055,50.79999923706055,50.79999923706055,50.79999923706055,50.79999923706055,0
2021-03-05,50.79999923706055,50.79999923706055,50.79999923706055,50.79999923706055,50.79999923706055,0
2021-03-08,50.79999923706055,50.79999923706055,50.79999923706055,50.79999923706055,50.79999923706055,0
2021-03-09,50.79999923706055,50.79999923706055,50.79999923706055,50.79999923706055,50.79999923706055,0
2021-03-10,50.79999923706055,50.79999923706055,50.79999923706055,50.79999923706055,50.79999923706055,0
2021-03-11,50.79999923706055,50.79999923706055,50.79999923706055,50.79999923706055,50.79999923706055,0
2021-03-12,50.79999923706055,50.79999923706055,50.79999923706055,50.79999923706055,50.79999923706055,0
2021-03-15,50.79999923706055,50.79999923706055,50.79999923706055,50.79999923706055,50.79999923706055,0
2021-03-16,50.79999923706055,50.79999923706055,50.79999923706055,50.79999923706055,50.79999923706055,0
2021-03-17,50.79999923706055,50.79999923706055,50.79999923706055,50.79999923706055,50.79999923706055,0
2021-03-18,50.79999923706055,50.79999923706055,50.79999923706055,50.79999923706055,50.79999923706055,0
2021-03-19,50.79999923706055,50.79999923706055,50.79999923706055,50.79999923706055,50.79999923706055,0
2021-03-22,50.79999923706055,50.79999923706055,50.79999923706055,50.79999923706055,50.79999923706055,0
2021-03-23,50.79999923706055,50.79999923706055,50.79999923706055,50.79999923706055,50.79999923706055,0
2021-03-24,50.79999923706055,50.79999923706055,50.79999923706055,50.79999923706055,50.79999923706055,0
2021-03-25,50.79999923706055,50.79999923706055,50.79999923706055,50.79999923706055,50.79999923706055,0
2021-03-26,50.79999923706055,50.79999923706055,50.79999923706055,50.79999923706055,50.79999923706055,0
2021-03-29,50.79999923706055,50.79999923706055,50.79999923706055,50.79999923706055,50.79999923706055,0
2021-03-30,50.79999923706055,50.79999923706055,50.79999923706055,50.79999923706055,50.79999923706055,0
2021-03-31,50.79999923706055,50.79999923706055,50.79999923706055,50.79999923706055,50.79999923706055,0
2021-04-01,50.79999923706055,50.79999923706055,50.79999923706055,50.79999923706055,50.79999923706055,0
2021-04-05,50.79999923706055,50.79999923706055,50.79999923706055,50.79999923706055,50.79999923706055,0
2021-04-06,50.79999923706055,50.79999923706055,50.79999923706055,50.79999923706055,50.79999923706055,0
2021-04-07,50.79999923706055,50.79999923706055,50.79999923706055,50.79999923706055,50.79999923706055,0
2021-04-08,50.79999923706055,50.79999923706055,50.79999923706055,50.79999923706055,50.79999923706055,0
2021-04-09,50.79999923706055,50.79999923706055,50.79999923706055,50.79999923706055,50.79999923706055,0
2021-04-12,50.79999923706055,50.79999923706055,50.79999923706055,50.79999923706055,50.79999923706055,0
2021-04-13,50.79999923706055,50.79999923706055,50.79999923706055,50.79999923706055,50.79999923706055,0
2021-04-14,50.79999923706055,50.79999923706055,50.79999923706055,50.79999923706055,50.79999923706055,0
2021-04-15,50.79999923706055,50.79999923706055,50.79999923706055,50.79999923706055,50.79999923706055,0
2021-04-16,50.79999923706055,50.79999923706055,50.79999923706055,50.79999923706055,50.79999923706055,0
2021-04-19,50.79999923706055,50.79999923706055,50.79999923706055,50.79999923706055,50.79999923706055,0
2021-04-20,50.79999923706055,50.79999923706055,50.79999923706055,50.79999923706055,50.79999923706055,0
2021-04-21,50.79999923706055,50.79999923706055,50.79999923706055,50.79999923706055,50.79999923706055,0
2021-04-22,50.79999923706055,50.79999923706055,50.79999923706055,50.79999923706055,50.79999923706055,0
2021-04-23,50.79999923706055,50.79999923706055,50.79999923706055,50.79999923706055,50.79999923706055,0
2021-04-26,50.79999923706055,50.79999923706055,50.79999923706055,50.79999923706055,50.79999923706055,0
2021-04-27,50.79999923706055,50.79999923706055,50.79999923706055,50.79999923706055,50.79999923706055,0
2021-04-28,50.79999923706055,50.79999923706055,50.79999923706055,50.79999923706055,50.79999923706055,0
2021-04-29,50.79999923706055,50.79999923706055,50.79999923706055,50.79999923706055,50.79999923706055,0
2021-04-30,50.79999923706055,50.79999923706055,50.79999923706055,50.79999923706055,50.79999923706055,0
2021-05-03,50.79999923706055,50.79999923706055,50.79999923706055,50.79999923706055,50.79999923706055,0
2021-05-04,50.79999923706055,50.79999923706055,50.79999923706055,50.79999923706055,50.79999923706055,0
2021-05-05,50.79999923706055,50.79999923706055,50.79999923706055,50.79999923706055,50.79999923706055,0
2021-05-06,50.79999923706055,50.79999923706055,50.79999923706055,50.79999923706055,50.79999923706055,0
2021-05-07,50.79999923706055,50.79999923706055,50.79999923706055,50.79999923706055,50.79999923706055,0
2021-05-10,50.79999923706055,50.79999923706055,50.79999923706055,50.79999923706055,50.79999923706055,0
2021-05-11,50.79999923706055,50.79999923706055,50.79999923706055,50.79999923706055,50.79999923706055,0
2021-05-12,50.79999923706055,50.79999923706055,50.79999923706055,50.79999923706055,50.79999923706055,0
2021-05-13,50.79999923706055,50.79999923706055,50.79999923706055,50.79999923706055,50.79999923706055,0
2021-05-14,50.79999923706055,50.79999923706055,50.79999923706055,50.79999923706055,50.79999923706055,0
2021-05-17,50.79999923706055,50.79999923706055,50.79999923706055,50.79999923706055,50.79999923706055,0
2021-05-18,50.79999923706055,50.79999923706055,50.79999923706055,50.79999923706055,50.79999923706055,0
2021-05-19,50.79999923706055,50.79999923706055,50.79999923706055,50.79999923706055,50.79999923706055,0
2021-05-20,50.79999923706055,50.79999923706055,50.79999923706055,50.79999923706055,50.79999923706055,0
2021-05-21,50.79999923706055,50.79999923706055,50.79999923706055,50.79999923706055,50.79999923706055,0
2021-05-24,50.79999923706055,50.79999923706055,50.79999923706055,50.79999923706055,50.79999923706055,0
2021-05-25,50.79999923706055,50.79999923706055,50.79999923706055,50.79999923706055,50.79999923706055,0
2021-05-26,50.79999923706055,50.79999923706055,50.79999923706055,50.79999923706055,50.79999923706055,0
2021-05-27,50.79999923706055,50.79999923706055,50.79999923706055,50.79999923706055,50.79999923706055,0
2021-05-28,50.79999923706055,50.79999923706055,50.79999923706055,50.79999923706055,50.79999923706055,0
2021-06-01,50.79999923706055,50.79999923706055,50.79999923706055,50.79999923706055,50.79999923706055,0
2021-06-02,50.79999923706055,50.79999923706055,50.79999923706055,50.79999923706055,50.79999923706055,0
2021-06-03,50.79999923706055,50.79999923706055,50.79999923706055,50.79999923706055,50.79999923706055,0
2021-06-04,50.79999923706055,50.79999923706055,50.79999923706055,50.79999923706055,50.79999923706055,0
2021-06-07,50.79999923706055,50.79999923706055,50.79999923706055,50.79999923706055,50.79999923706055,0
2021-06-08,50.79999923706055,50.79999923706055,50.79999923706055,50.79999923706055,50.79999923706055,0
2021-06-09,50.79999923706055,50.79999923706055,50.79999923706055,50.79999923706055,50.79999923706055,0
2021-06-10,50.79999923706055,50.79999923706055,50.79999923706055,50.79999923706055,50.79999923706055,0
2021-06-11,50.79999923706055,50.79999923706055,50.79999923706055,50.79999923706055,50.79999923706055,0
2021-06-14,50.79999923706055,50.79999923706055,50.79999923706055,50.79999923706055,50.79999923706055,0
2021-06-15,50.79999923706055,50.79999923706055,50.79999923706055,50.79999923706055,50.79999923706055,0
2021-06-16,50.79999923706055,50.79999923706055,50.79999923706055,50.79999923706055,50.79999923706055,0
2021-06-17,50.79999923706055,50.79999923706055,50.79999923706055,50.79999923706055,50.79999923706055,0
2021-06-18,50.79999923706055,50.79999923706055,50.79999923706055,50.79999923706055,50.79999923706055,0
2021-06-21,50.79999923706055,50.79999923706055,50.79999923706055,50.79999923706055,50.79999923706055,0
2021-06-22,50.79999923706055,50.79999923706055,50.79999923706055,50.79999923706055,50.79999923706055,0
2021-06-23,50.79999923706055,50.79999923706055,50.79999923706055,50.79999923706055,50.79999923706055,0
2021-06-24,50.79999923706055,50.79999923706055,50.79999923706055,50.79999923706055,50.79999923706055,0
2021-06-25,50.79999923706055,50.79999923706055,50.79999923706055,50.79999923706055,50.79999923706055,0
2021-06-28,50.79999923706055,50.79999923706055,50.79999923706055,50.79999923706055,50.79999923706055,0
2021-06-29,50.79999923706055,50.79999923706055,50.79999923706055,50.79999923706055,50.79999923706055,0
2021-06-30,50.79999923706055,50.79999923706055,50.79999923706055,50.79999923706055,50.79999923706055,0
2021-07-01,50.79999923706055,50.79999923706055,50.79999923706055,50.79999923706055,50.79999923706055,0
2021-07-02,50.79999923706055,50.79999923706055,50.79999923706055,50.79999923706055,50.79999923706055,0
2021-07-06,50.79999923706055,50.79999923706055,50.79999923706055,50.79999923706055,50.79999923706055,0
2021-07-07,50.79999923706055,50.79999923706055,50.79999923706055,50.79999923706055,50.79999923706055,0
2021-07-08,50.79999923706055,50.79999923706055,50.79999923706055,50.79999923706055,50.79999923706055,0
2021-07-09,50.79999923706055,50.79999923706055,50.79999923706055,50.79999923706055,50.79999923706055,0
2021-07-12,50.79999923706055,50.79999923706055,50.79999923706055,50.79999923706055,50.79999923706055,0
2021-07-13,50.79999923706055,50.79999923706055,50.79999923706055,50.79999923706055,50.79999923706055,0
2021-07-14,50.79999923706055,50.79999923706055,50.79999923706055,50.79999923706055,50.79999923706055,0
2021-07-15,50.79999923706055,50.79999923706055,50.79999923706055,50.79999923706055,50.79999923706055,0
2021-07-16,50.79999923706055,50.79999923706055,50.79999923706055,50.79999923706055,50.79999923706055,0
2021-07-19,50.79999923706055,50.79999923706055,50.79999923706055,50.79999923706055,50.79999923706055,0
2021-07-20,50.79999923706055,50.79999923706055,50.79999923706055,50.79999923706055,50.79999923706055,0
2021-07-21,50.79999923706055,50.79999923706055,50.79999923706055,50.79999923706055,50.79999923706055,0
2021-07-22,50.79999923706055,50.79999923706055,50.79999923706055,50.79999923706055,50.79999923706055,0
2021-07-23,50.79999923706055,50.79999923706055,50.79999923706055,50.79999923706055,50.79999923706055,0
2021-07-26,50.79999923706055,50.79999923706055,50.79999923706055,50.79999923706055,50.79999923706055,0
2021-07-27,50.79999923706055,50.79999923706055,50.79999923706055,50.79999923706055,50.79999923706055,0
2021-07-28,50.79999923706055,50.79999923706055,50.79999923706055,50.79999923706055,50.79999923706055,0
2021-07-29,50.79999923706055,50.79999923706055,50.79999923706055,50.79999923706055,50.79999923706055,0
2021-07-30,50.79999923706055,50.79999923706055,50.79999923706055,50.79999923706055,50.79999923706055,0
2021-08-02,50.79999923706055,50.79999923706055,50.79999923706055,50.79999923706055,50.79999923706055,0
2021-08-03,50.79999923706055,50.79999923706055,50.79999923706055,50.79999923706055,50.79999923706055,0
2021-08-04,50.79999923706055,50.79999923706055,50.79999923706055,50.79999923706055,50.79999923706055,0
2021-08-05,50.79999923706055,50.79999923706055,50.79999923706055,50.79999923706055,50.79999923706055,0
2021-08-06,50.79999923706055,50.79999923706055,50.79999923706055,50.79999923706055,50.79999923706055,0
2021-08-09,50.79999923706055,50.79999923706055,50.79999923706055,50.79999923706055,50.79999923706055,0
2021-08-10,50.79999923706055,50.79999923706055,50.79999923706055,50.79999923706055,50.79999923706055,0
2021-08-11,50.79999923706055,50.79999923706055,50.79999923706055,50.79999923706055,50.79999923706055,0
2021-08-12,50.79999923706055,50.79999923706055,50.79999923706055,50.79999923706055,50.79999923706055,0
2021-08-13,50.79999923706055,50.79999923706055,50.79999923706055,50.79999923706055,50.79999923706055,0
2021-08-16,50.79999923706055,50.79999923706055,50.79999923706055,50.79999923706055,50.79999923706055,0
2021-08-17,50.79999923706055,50.79999923706055,50.79999923706055,50.79999923706055,50.79999923706055,0
2021-08-18,50.79999923706055,50.79999923706055,50.79999923706055,50.79999923706055,50.79999923706055,0
2021-08-19,50.79999923706055,50.79999923706055,50.79999923706055,50.79999923706055,50.79999923706055,0
2021-08-20,50.79999923706055,50.79999923706055,50.79999923706055,50.79999923706055,50.79999923706055,0
2021-08-23,50.79999923706055,50.79999923706055,50.79999923706055,50.79999923706055,50.79999923706055,0
2021-08-24,50.79999923706055,50.79999923706055,50.79999923706055,50.79999923706055,50.79999923706055,0
2021-08-25,50.79999923706055,50.79999923706055,50.79999923706055,50.79999923706055,50.79999923706055,0
2021-08-26,50.79999923706055,50.79999923706055,50.79999923706055,50.79999923706055,50.79999923706055,0
2021-08-27,50.79999923706055,50.79999923706055,50.79999923706055,50.79999923706055,50.79999923706055,0
2021-08-30,50.79999923706055,50.79999923706055,50.79999923706055,50.79999923706055,50.79999923706055,0
2021-08-31,50.79999923706055,50.79999923706055,50.79999923706055,50.79999923706055,50.79999923706055,0
2021-09-01,50.79999923706055,50.79999923706055,50.79999923706055,50.79999923706055,50.79999923706055,0
2021-09-02,50.79999923706055,50.79999923706055,50.79999923706055,50.79999923706055,50.79999923706055,0
2021-09-03,50.79999923706055,50.79999923706055,50.79999923706055,50.79999923706055,50.79999923706055,0
2021-09-07,50.79999923706055,50.79999923706055,50.79999923706055,50.79999923706055,50.79999923706055,0
2021-09-08,50.79999923706055,50.79999923706055,50.79999923706055,50.79999923706055,50.79999923706055,0
2021-09-09,50.79999923706055,50.79999923706055,50.79999923706055,50.79999923706055,50.79999923706055,0
2021-09-10,50.79999923706055,50.79999923706055,50.79999923706055,50.79999923706055,50.79999923706055,0
2021-09-13,50.79999923706055,50.79999923706055,50.79999923706055,50.79999923706055,50.79999923706055,0
2021-09-14,50.79999923706055,50.79999923706055,50.79999923706055,50.79999923706055,50.79999923706055,0
2021-09-15,50.79999923706055,50.79999923706055,50.79999923706055,50.79999923706055,50.79999923706055,0
2021-09-16,50.79999923706055,50.79999923706055,50.79999923706055,50.79999923706055,50.79999923706055,0
2021-09-17,50.79999923706055,50.79999923706055,50.79999923706055,50.79999923706055,50.79999923706055,0
2021-09-20,50.79999923706055,50.79999923706055,50.79999923706055,50.79999923706055,50.79999923706055,0
2021-09-21,50.79999923706055,50.79999923706055,50.79999923706055,50.79999923706055,50.79999923706055,0
2021-09-22,50.79999923706055,50.79999923706055,50.79999923706055,50.79999923706055,50.79999923706055,0
2021-09-23,50.79999923706055,50.79999923706055,50.79999923706055,50.79999923706055,50.79999923706055,0
2021-09-24,50.79999923706055,50.79999923706055,50.79999923706055,50.79999923706055,50.79999923706055,0
2021-09-27,50.79999923706055,50.79999923706055,50.79999923706055,50.79999923706055,50.79999923706055,0
2021-09-28,50.79999923706055,50.79999923706055,50.79999923706055,50.79999923706055,50.79999923706055,0
2021-09-29,50.79999923706055,50.79999923706055,50.79999923706055,50.79999923706055,50.79999923706055,0
2021-09-30,50.79999923706055,50.79999923706055,50.79999923706055,50.79999923706055,50.79999923706055,0
2021-10-01,50.79999923706055,50.79999923706055,50.79999923706055,50.79999923706055,50.79999923706055,0
2021-10-04,50.79999923706055,50.79999923706055,50.79999923706055,50.79999923706055,50.79999923706055,0
2021-10-05,50.79999923706055,50.79999923706055,50.79999923706055,50.79999923706055,50.79999923706055,0
2021-10-06,50.79999923706055,50.79999923706055,50.79999923706055,50.79999923706055,50.79999923706055,0
2021-10-07,50.79999923706055,50.79999923706055,50.79999923706055,50.79999923706055,50.79999923706055,0
2021-10-08,50.79999923706055,50.79999923706055,50.79999923706055,50.79999923706055,50.79999923706055,0
2021-10-11,50.79999923706055,50.79999923706055,50.79999923706055,50.79999923706055,50.79999923706055,0
2021-10-12,50.79999923706055,50.79999923706055,50.79999923706055,50.79999923706055,50.79999923706055,0
2021-10-13,50.79999923706055,50.79999923706055,50.79999923706055,50.79999923706055,50.79999923706055,0
2021-10-14,50.79999923706055,50.79999923706055,50.79999923706055,50.79999923706055,50.79999923706055,0
2021-10-15,50.79999923706055,50.79999923706055,50.79999923706055,50.79999923706055,50.79999923706055,0
2021-10-18,50.79999923706055,50.79999923706055,50.79999923706055,50.79999923706055,50.79999923706055,0
2021-10-19,50.79999923706055,50.79999923706055,50.79999923706055,50.79999923706055,50.79999923706055,0
2021-10-20,50.79999923706055,50.79999923706055,50.79999923706055,50.79999923706055,50.79999923706055,0
2021-10-21,50.79999923706055,50.79999923706055,50.79999923706055,50.79999923706055,50.79999923706055,0
2021-10-22,50.79999923706055,50.79999923706055,50.79999923706055,50.79999923706055,50.79999923706055,0
2021-10-25,50.79999923706055,50.79999923706055,50.79999923706055,50.79999923706055,50.79999923706055,0
2021-10-26,50.79999923706055,50.79999923706055,50.79999923706055,50.79999923706055,50.79999923706055,0
2021-10-27,50.79999923706055,50.79999923706055,50.79999923706055,50.79999923706055,50.79999923706055,0
2021-10-28,50.79999923706055,50.79999923706055,50.79999923706055,50.79999923706055,50.79999923706055,0
2021-10-29,50.79999923706055,50.79999923706055,50.79999923706055,50.79999923706055,50.79999923706055,0
2021-11-01,50.79999923706055,50.79999923706055,50.79999923706055,50.79999923706055,50.79999923706055,0
2021-11-02,50.79999923706055,50.79999923706055,50.79999923706055,50.79999923706055,50.79999923706055,0
2021-11-03,50.79999923706055,50.79999923706055,50.79999923706055,50.79999923706055,50.79999923706055,0
2021-11-04,50.79999923706055,50.79999923706055,50.79999923706055,50.79999923706055,50.79999923706055,0
2021-11-05,50.79999923706055,50.79999923706055,50.79999923706055,50.79999923706055,50.79999923706055,0
2021-11-08,50.79999923706055,50.79999923706055,50.79999923706055,50.79999923706055,50.79999923706055,0
2021-11-09,50.79999923706055,50.79999923706055,50.79999923706055,50.79999923706055,50.79999923706055,0
2021-11-10,50.79999923706055,50.79999923706055,50.79999923706055,50.79999923706055,50.79999923706055,0
2021-11-11,50.79999923706055,50.79999923706055,50.79999923706055,50.79999923706055,50.79999923706055,0
2021-11-12,50.79999923706055,50.79999923706055,50.79999923706055,50.79999923706055,50.79999923706055,0
2021-11-15,50.79999923706055,50.79999923706055,50.79999923706055,50.79999923706055,50.79999923706055,0
2021-11-16,50.79999923706055,50.79999923706055,50.79999923706055,50.79999923706055,50.79999923706055,0
2021-11-17,50.79999923706055,50.79999923706055,50.79999923706055,50.79999923706055,50.79999923706055,0
2021-11-18,50.79999923706055,50.79999923706055,50.79999923706055,50.79999923706055,50.79999923706055,0
2021-11-19,50.79999923706055,50.79999923706055,50.79999923706055,50.79999923706055,50.79999923706055,0
2021-11-22,50.79999923706055,50.79999923706055,50.79999923706055,50.79999923706055,50.79999923706055,0
2021-11-23,50.79999923706055,50.79999923706055,50.79999923706055,50.79999923706055,50.79999923706055,0
2021-11-24,50.79999923706055,50.79999923706055,50.79999923706055,50.79999923706055,50.79999923706055,0
2021-11-26,50.79999923706055,50.79999923706055,50.79999923706055,50.79999923706055,50.79999923706055,0
2021-11-29,50.79999923706055,50.79999923706055,50.79999923706055,50.79999923706055,50.79999923706055,0
2021-11-30,50.79999923706055,50.79999923706055,50.79999923706055,50.79999923706055,50.79999923706055,0
2021-12-01,50.79999923706055,50.79999923706055,50.79999923706055,50.79999923706055,50.79999923706055,0
2021-12-02,50.79999923706055,50.79999923706055,50.79999923706055,50.79999923706055,50.79999923706055,0
2021-12-03,50.79999923706055,50.79999923706055,50.79999923706055,50.79999923706055,50.79999923706055,0
2021-12-06,50.79999923706055,50.79999923706055,50.79999923706055,50.79999923706055,50.79999923706055,0
2021-12-07,50.79999923706055,50.79999923706055,50.79999923706055,50.79999923706055,50.79999923706055,0
2021-12-08,50.79999923706055,50.79999923706055,50.79999923706055,50.79999923706055,50.79999923706055,0
2021-12-09,50.79999923706055,50.79999923706055,50.79999923706055,50.79999923706055,50.79999923706055,0
2021-12-10,50.79999923706055,50.79999923706055,50.79999923706055,50.79999923706055,50.79999923706055,0
2021-12-13,50.79999923706055,50.79999923706055,50.79999923706055,50.79999923706055,50.79999923706055,0
2021-12-14,50.79999923706055,50.79999923706055,50.79999923706055,50.79999923706055,50.79999923706055,0
2021-12-15,50.79999923706055,50.79999923706055,50.79999923706055,50.79999923706055,50.79999923706055,0
2021-12-16,50.79999923706055,50.79999923706055,50.79999923706055,50.79999923706055,50.79999923706055,0
2021-12-17,50.79999923706055,50.79999923706055,50.79999923706055,50.79999923706055,50.79999923706055,0
2021-12-20,50.79999923706055,50.79999923706055,50.79999923706055,50.79999923706055,50.79999923706055,0
2021-12-21,50.79999923706055,50.79999923706055,50.79999923706055,50.79999923706055,50.79999923706055,0
2021-12-22,50.79999923706055,50.79999923706055,50.79999923706055,50.79999923706055,50.79999923706055,0
2021-12-23,1.600000023841858,5.925000190734863,1.600000023841858,1.600000023841858,1.600000023841858,202
2021-12-27,1.600000023841858,1.600000023841858,1.600000023841858,1.600000023841858,1.600000023841858,0
2021-12-28,1.600000023841858,1.600000023841858,1.600000023841858,1.600000023841858,1.600000023841858,0
2021-12-29,1.600000023841858,1.600000023841858,1.600000023841858,1.600000023841858,1.600000023841858,0
2021-12-30,1.600000023841858,1.600000023841858,1.600000023841858,1.600000023841858,1.600000023841858,0
2021-12-31,1.600000023841858,1.600000023841858,1.600000023841858,1.600000023841858,1.600000023841858,0
2022-01-03,1.600000023841858,1.600000023841858,1.600000023841858,1.600000023841858,1.600000023841858,0
2022-01-04,1.600000023841858,1.600000023841858,1.600000023841858,1.600000023841858,1.600000023841858,0
2022-01-05,1.600000023841858,1.600000023841858,1.600000023841858,1.600000023841858,1.600000023841858,0
2022-01-06,1.600000023841858,1.600000023841858,1.600000023841858,1.600000023841858,1.600000023841858,0
2022-01-07,1.600000023841858,1.600000023841858,1.600000023841858,1.600000023841858,1.600000023841858,0
2022-01-10,1.600000023841858,1.600000023841858,1.600000023841858,1.600000023841858,1.600000023841858,0
2022-01-11,1.600000023841858,1.600000023841858,1.600000023841858,1.600000023841858,1.600000023841858,0
2022-01-12,1.600000023841858,1.600000023841858,1.600000023841858,1.600000023841858,1.600000023841858,0
2022-01-13,1.600000023841858,1.600000023841858,1.600000023841858,1.600000023841858,1.600000023841858,0
2022-01-14,1.600000023841858,1.600000023841858,1.600000023841858,1.600000023841858,1.600000023841858,0
2022-01-18,1.600000023841858,1.600000023841858,1.600000023841858,1.600000023841858,1.600000023841858,0
2022-01-19,1.600000023841858,1.600000023841858,1.600000023841858,1.600000023841858,1.600000023841858,0
2022-01-20,1.600000023841858,1.600000023841858,1.600000023841858,1.600000023841858,1.600000023841858,0
2022-01-21,1.600000023841858,1.600000023841858,1.600000023841858,1.600000023841858,1.600000023841858,0
2022-01-24,1.600000023841858,1.600000023841858,1.600000023841858,1.600000023841858,1.600000023841858,0
2022-01-25,1.600000023841858,1.600000023841858,1.600000023841858,1.600000023841858,1.600000023841858,0
2022-01-26,1.600000023841858,1.600000023841858,1.600000023841858,1.600000023841858,1.600000023841858,0
2022-01-27,1.600000023841858,1.600000023841858,1.600000023841858,1.600000023841858,1.600000023841858,0
2022-01-28,1.600000023841858,1.600000023841858,1.600000023841858,1.600000023841858,1.600000023841858,0
2022-01-31,1.600000023841858,1.600000023841858,1.600000023841858,1.600000023841858,1.600000023841858,0
2022-02-01,1.600000023841858,1.600000023841858,1.600000023841858,1.600000023841858,1.600000023841858,0
2022-02-02,1.600000023841858,1.600000023841858,1.600000023841858,1.600000023841858,1.600000023841858,0
2022-02-03,1.600000023841858,1.600000023841858,1.600000023841858,1.600000023841858,1.600000023841858,0
2022-02-04,1.600000023841858,1.600000023841858,1.600000023841858,1.600000023841858,1.600000023841858,0
2022-02-07,1.600000023841858,1.600000023841858,1.600000023841858,1.600000023841858,1.600000023841858,0
2022-02-08,1.600000023841858,1.600000023841858,1.600000023841858,1.600000023841858,1.600000023841858,0
2022-02-09,1.600000023841858,1.600000023841858,1.600000023841858,1.600000023841858,1.600000023841858,0
2022-02-10,1.600000023841858,1.600000023841858,1.600000023841858,1.600000023841858,1.600000023841858,0
2022-02-11,1.600000023841858,1.600000023841858,1.600000023841858,1.600000023841858,1.600000023841858,0
2022-02-14,1.600000023841858,1.600000023841858,1.600000023841858,1.600000023841858,1.600000023841858,0
2022-02-15,1.600000023841858,1.600000023841858,1.600000023841858,1.600000023841858,1.600000023841858,0
2022-02-16,8.500100135803223,8.500100135803223,8.500100135803223,8.500100135803223,8.500100135803223,132
2022-02-17,8.500100135803223,8.500100135803223,8.500100135803223,8.500100135803223,8.500100135803223,0
2022-02-18,8.500100135803223,8.500100135803223,8.500100135803223,8.500100135803223,8.500100135803223,0
2022-02-22,8.500100135803223,8.500100135803223,8.500100135803223,8.500100135803223,8.500100135803223,0
2022-02-23,8.500100135803223,8.500100135803223,8.500100135803223,8.500100135803223,8.500100135803223,0
2022-02-24,8.500100135803223,8.500100135803223,8.500100135803223,8.500100135803223,8.500100135803223,0
2022-02-25,8.500100135803223,8.500100135803223,8.500100135803223,8.500100135803223,8.500100135803223,0
2022-02-28,8.500100135803223,8.500100135803223,8.500100135803223,8.500100135803223,8.500100135803223,0
2022-03-01,8.500100135803223,8.500100135803223,8.500100135803223,8.500100135803223,8.500100135803223,0
2022-03-02,8.500100135803223,8.500100135803223,8.500100135803223,8.500100135803223,8.500100135803223,0
2022-03-03,8.500100135803223,8.500100135803223,8.500100135803223,8.500100135803223,8.500100135803223,0
2022-03-04,8.500100135803223,8.500100135803223,8.500100135803223,8.500100135803223,8.500100135803223,0
2022-03-07,8.500100135803223,8.500100135803223,8.500100135803223,8.500100135803223,8.500100135803223,0
2022-03-08,8.500100135803223,8.500100135803223,8.500100135803223,8.500100135803223,8.500100135803223,0
2022-03-09,8.500100135803223,8.500100135803223,8.500100135803223,8.500100135803223,8.500100135803223,0
2022-03-10,8.500100135803223,8.500100135803223,8.500100135803223,8.500100135803223,8.500100135803223,0
2022-03-11,8.500100135803223,8.500100135803223,8.500100135803223,8.500100135803223,8.500100135803223,0
2022-03-14,8.500100135803223,8.500100135803223,8.500100135803223,8.500100135803223,8.500100135803223,0
2022-03-15,8.500100135803223,8.500100135803223,8.500100135803223,8.500100135803223,8.500100135803223,0
2022-03-16,8.500100135803223,8.500100135803223,8.500100135803223,8.500100135803223,8.500100135803223,0
2022-03-17,8.500100135803223,8.500100135803223,8.500100135803223,8.500100135803223,8.500100135803223,0
2022-03-18,8.500100135803223,8.500100135803223,8.500100135803223,8.500100135803223,8.500100135803223,0
2022-03-21,8.500100135803223,8.500100135803223,8.500100135803223,8.500100135803223,8.500100135803223,0
2022-03-22,8.500100135803223,8.500100135803223,8.500100135803223,8.500100135803223,8.500100135803223,0
2022-03-23,8.500100135803223,8.500100135803223,8.500100135803223,8.500100135803223,8.500100135803223,0
2022-03-24,8.500100135803223,8.500100135803223,8.500100135803223,8.500100135803223,8.500100135803223,0
2022-03-25,8.500100135803223,8.500100135803223,8.500100135803223,8.500100135803223,8.500100135803223,0
2022-03-28,8.500100135803223,8.500100135803223,8.500100135803223,8.500100135803223,8.500100135803223,0
2022-03-29,8.500100135803223,8.500100135803223,8.500100135803223,8.500100135803223,8.500100135803223,0
2022-03-30,8.500100135803223,8.500100135803223,8.500100135803223,8.500100135803223,8.500100135803223,0
2022-03-31,8.500100135803223,8.500100135803223,8.500100135803223,8.500100135803223,8.500100135803223,0
2022-04-01,8.500100135803223,8.500100135803223,8.500100135803223,8.500100135803223,8.500100135803223,0
2022-04-04,8.500100135803223,8.500100135803223,8.500100135803223,8.500100135803223,8.500100135803223,0
2022-04-05,8.500100135803223,8.500100135803223,8.500100135803223,8.500100135803223,8.500100135803223,0
2022-04-06,8.500100135803223,8.500100135803223,8.500100135803223,8.500100135803223,8.500100135803223,0
2022-04-07,8.500100135803223,8.500100135803223,8.500100135803223,8.500100135803223,8.500100135803223,0
2022-04-08,8.500100135803223,8.500100135803223,8.500100135803223,8.500100135803223,8.500100135803223,0
2022-04-11,8.500100135803223,8.500100135803223,8.500100135803223,8.500100135803223,8.500100135803223,0
2022-04-12,8.500100135803223,8.500100135803223,8.500100135803223,8.500100135803223,8.500100135803223,0
2022-04-13,8.500100135803223,8.500100135803223,8.500100135803223,8.500100135803223,8.500100135803223,0
2022-04-14,8.500100135803223,8.500100135803223,8.500100135803223,8.500100135803223,8.500100135803223,0
2022-04-18,8.500100135803223,8.500100135803223,8.500100135803223,8.500100135803223,8.500100135803223,0
2022-04-19,8.500100135803223,8.500100135803223,8.500100135803223,8.500100135803223,8.500100135803223,0
2022-04-20,8.500100135803223,8.500100135803223,8.500100135803223,8.500100135803223,8.500100135803223,0
2022-04-21,8.500100135803223,8.500100135803223,8.500100135803223,8.500100135803223,8.500100135803223,0
2022-04-22,8.500100135803223,8.500100135803223,8.500100135803223,8.500100135803223,8.500100135803223,0
2022-04-25,8.500100135803223,8.500100135803223,8.500100135803223,8.500100135803223,8.500100135803223,0
2022-04-26,8.500100135803223,8.500100135803223,8.500100135803223,8.500100135803223,8.500100135803223,0
2022-04-27,8.500100135803223,8.500100135803223,8.500100135803223,8.500100135803223,8.500100135803223,0
2022-04-28,8.500100135803223,8.500100135803223,8.500100135803223,8.500100135803223,8.500100135803223,0
2022-04-29,8.500100135803223,8.500100135803223,8.500100135803223,8.500100135803223,8.500100135803223,0
2022-05-02,8.500100135803223,8.500100135803223,8.500100135803223,8.500100135803223,8.500100135803223,0
2022-05-03,8.500100135803223,8.500100135803223,8.500100135803223,8.500100135803223,8.500100135803223,0
2022-05-04,8.500100135803223,8.500100135803223,8.500100135803223,8.500100135803223,8.500100135803223,0
2022-05-05,8.500100135803223,8.500100135803223,8.500100135803223,8.500100135803223,8.500100135803223,0
2022-05-06,8.500100135803223,8.500100135803223,8.500100135803223,8.500100135803223,8.500100135803223,0
2022-05-09,8.500100135803223,8.500100135803223,8.500100135803223,8.500100135803223,8.500100135803223,0
2022-05-10,8.500100135803223,8.500100135803223,8.500100135803223,8.500100135803223,8.500100135803223,0
2022-05-11,8.500100135803223,8.500100135803223,8.500100135803223,8.500100135803223,8.500100135803223,0
2022-05-12,8.500100135803223,8.500100135803223,8.500100135803223,8.500100135803223,8.500100135803223,0
2022-05-13,8.500100135803223,8.500100135803223,8.500100135803223,8.500100135803223,8.500100135803223,0
2022-05-16,8.500100135803223,8.500100135803223,8.500100135803223,8.500100135803223,8.500100135803223,0
2022-05-17,8.500100135803223,8.500100135803223,8.500100135803223,8.500100135803223,8.500100135803223,0
2022-05-18,8.500100135803223,8.500100135803223,8.500100135803223,8.500100135803223,8.500100135803223,0
2022-05-19,8.500100135803223,8.500100135803223,8.500100135803223,8.500100135803223,8.500100135803223,0
2022-05-20,8.500100135803223,8.500100135803223,8.500100135803223,8.500100135803223,8.500100135803223,0
2022-05-23,8.500100135803223,8.500100135803223,8.500100135803223,8.500100135803223,8.500100135803223,0
2022-05-24,8.500100135803223,8.500100135803223,8.500100135803223,8.500100135803223,8.500100135803223,0
2022-05-25,8.500100135803223,8.500100135803223,8.500100135803223,8.500100135803223,8.500100135803223,0
2022-05-26,8.500100135803223,8.500100135803223,8.500100135803223,8.500100135803223,8.500100135803223,0
2022-05-27,8.500100135803223,8.500100135803223,8.500100135803223,8.500100135803223,8.500100135803223,0
2022-05-31,8.500100135803223,8.500100135803223,8.500100135803223,8.500100135803223,8.500100135803223,0
2022-06-01,8.500100135803223,8.500100135803223,8.500100135803223,8.500100135803223,8.500100135803223,0
2022-06-02,8.500100135803223,8.500100135803223,8.500100135803223,8.500100135803223,8.500100135803223,0
2022-06-03,8.500100135803223,8.500100135803223,8.500100135803223,8.500100135803223,8.500100135803223,0
2022-06-06,8.500100135803223,8.500100135803223,8.500100135803223,8.500100135803223,8.500100135803223,0
2022-06-07,8.500100135803223,8.500100135803223,8.500100135803223,8.500100135803223,8.500100135803223,0
2022-06-08,8.500100135803223,8.500100135803223,8.500100135803223,8.500100135803223,8.500100135803223,0
2022-06-09,8.500100135803223,8.500100135803223,8.500100135803223,8.500100135803223,8.500100135803223,0
2022-06-10,8.500100135803223,8.500100135803223,8.500100135803223,8.500100135803223,8.500100135803223,0
2022-06-13,8.500100135803223,8.500100135803223,8.500100135803223,8.500100135803223,8.500100135803223,0
2022-06-14,8.500100135803223,8.500100135803223,8.500100135803223,8.500100135803223,8.500100135803223,0
2022-06-15,8.500100135803223,8.500100135803223,8.500100135803223,8.500100135803223,8.500100135803223,0
2022-06-16,8.500100135803223,8.500100135803223,8.500100135803223,8.500100135803223,8.500100135803223,0
2022-06-17,8.500100135803223,8.500100135803223,8.500100135803223,8.500100135803223,8.500100135803223,0
2022-06-21,8.500100135803223,8.500100135803223,8.500100135803223,8.500100135803223,8.500100135803223,0
2022-06-22,8.500100135803223,8.500100135803223,8.500100135803223,8.500100135803223,8.500100135803223,0
2022-06-23,8.500100135803223,8.500100135803223,8.500100135803223,8.500100135803223,8.500100135803223,0
2022-06-24,8.500100135803223,8.500100135803223,8.500100135803223,8.500100135803223,8.500100135803223,0
2022-06-27,8.500100135803223,8.500100135803223,8.500100135803223,8.500100135803223,8.500100135803223,0
2022-06-28,8.500100135803223,8.500100135803223,8.500100135803223,8.500100135803223,8.500100135803223,0
2022-06-29,8.500100135803223,8.500100135803223,8.500100135803223,8.500100135803223,8.500100135803223,0
2022-06-30,8.500100135803223,8.500100135803223,8.500100135803223,8.500100135803223,8.500100135803223,0
2022-07-01,8.500100135803223,8.500100135803223,8.500100135803223,8.500100135803223,8.500100135803223,0
2022-07-05,8.500100135803223,8.500100135803223,8.500100135803223,8.500100135803223,8.500100135803223,0
2022-07-06,8.500100135803223,8.500100135803223,8.500100135803223,8.500100135803223,8.500100135803223,0
2022-07-07,8.500100135803223,8.500100135803223,8.500100135803223,8.500100135803223,8.500100135803223,0
2022-07-08,8.500100135803223,8.500100135803223,8.500100135803223,8.500100135803223,8.500100135803223,0
2022-07-11,8.500100135803223,8.500100135803223,8.500100135803223,8.500100135803223,8.500100135803223,0
2022-07-12,8.500100135803223,8.500100135803223,8.500100135803223,8.500100135803223,8.500100135803223,0
2022-07-13,8.500100135803223,8.500100135803223,8.500100135803223,8.500100135803223,8.500100135803223,0
2022-07-14,8.500100135803223,8.500100135803223,8.500100135803223,8.500100135803223,8.500100135803223,0
2022-07-15,8.500100135803223,8.500100135803223,8.500100135803223,8.500100135803223,8.500100135803223,0
2022-07-18,8.500100135803223,8.500100135803223,8.500100135803223,8.500100135803223,8.500100135803223,0
2022-07-19,8.500100135803223,8.500100135803223,8.500100135803223,8.500100135803223,8.500100135803223,0
2022-07-20,8.500100135803223,8.500100135803223,8.500100135803223,8.500100135803223,8.500100135803223,0
2022-07-21,8.500100135803223,8.500100135803223,8.500100135803223,8.500100135803223,8.500100135803223,0
2022-07-22,8.500100135803223,8.500100135803223,8.500100135803223,8.500100135803223,8.500100135803223,0
2022-07-25,8.500100135803223,8.500100135803223,8.500100135803223,8.500100135803223,8.500100135803223,0
2022-07-26,8.500100135803223,8.500100135803223,8.500100135803223,8.500100135803223,8.500100135803223,0
2022-07-27,8.500100135803223,8.500100135803223,8.500100135803223,8.500100135803223,8.500100135803223,0
2022-07-28,8.500100135803223,8.500100135803223,8.500100135803223,8.500100135803223,8.500100135803223,0
2022-07-29,8.500100135803223,8.500100135803223,8.500100135803223,8.500100135803223,8.500100135803223,0
2022-08-01,8.500100135803223,8.500100135803223,8.500100135803223,8.500100135803223,8.500100135803223,0
2022-08-02,8.500100135803223,8.500100135803223,8.500100135803223,8.500100135803223,8.500100135803223,0
2022-08-03,8.500100135803223,8.500100135803223,8.500100135803223,8.500100135803223,8.500100135803223,0
2022-08-04,8.500100135803223,8.500100135803223,8.500100135803223,8.500100135803223,8.500100135803223,0
2022-08-05,8.500100135803223,8.500100135803223,8.500100135803223,8.500100135803223,8.500100135803223,0
2022-08-08,8.500100135803223,8.500100135803223,8.500100135803223,8.500100135803223,8.500100135803223,0
2022-08-09,8.500100135803223,8.500100135803223,8.500100135803223,8.500100135803223,8.500100135803223,0
2022-08-10,8.500100135803223,8.500100135803223,8.500100135803223,8.500100135803223,8.500100135803223,0
2022-08-11,8.500100135803223,8.500100135803223,8.500100135803223,8.500100135803223,8.500100135803223,0
2022-08-12,8.500100135803223,8.500100135803223,8.500100135803223,8.500100135803223,8.500100135803223,0
2022-08-15,8.500100135803223,8.500100135803223,8.500100135803223,8.500100135803223,8.500100135803223,0
2022-08-16,8.500100135803223,8.500100135803223,8.500100135803223,8.500100135803223,8.500100135803223,0
2022-08-17,8.500100135803223,8.500100135803223,8.500100135803223,8.500100135803223,8.500100135803223,0
2022-08-18,8.500100135803223,8.500100135803223,8.500100135803223,8.500100135803223,8.500100135803223,0
2022-08-19,8.500100135803223,8.500100135803223,8.500100135803223,8.500100135803223,8.500100135803223,0
2022-08-22,8.500100135803223,8.500100135803223,8.500100135803223,8.500100135803223,8.500100135803223,0
2022-08-23,8.500100135803223,8.500100135803223,8.500100135803223,8.500100135803223,8.500100135803223,0
2022-08-24,8.500100135803223,8.500100135803223,8.500100135803223,8.500100135803223,8.500100135803223,0
2022-08-25,8.500100135803223,8.500100135803223,8.500100135803223,8.500100135803223,8.500100135803223,0
2022-08-26,8.500100135803223,8.500100135803223,8.500100135803223,8.500100135803223,8.500100135803223,0
2022-08-29,8.500100135803223,8.500100135803223,8.500100135803223,8.500100135803223,8.500100135803223,0
2022-08-30,8.500100135803223,8.500100135803223,8.500100135803223,8.500100135803223,8.500100135803223,0
2022-08-31,8.500100135803223,8.500100135803223,8.500100135803223,8.500100135803223,8.500100135803223,0
2022-09-01,8.500100135803223,8.500100135803223,8.500100135803223,8.500100135803223,8.500100135803223,0
2022-09-02,8.500100135803223,8.500100135803223,8.500100135803223,8.500100135803223,8.500100135803223,0
2022-09-06,8.500100135803223,8.500100135803223,8.500100135803223,8.500100135803223,8.500100135803223,0
2022-09-07,8.500100135803223,8.500100135803223,8.500100135803223,8.500100135803223,8.500100135803223,0
2022-09-08,8.500100135803223,8.500100135803223,8.500100135803223,8.500100135803223,8.500100135803223,0
2022-09-09,8.500100135803223,8.500100135803223,8.500100135803223,8.500100135803223,8.500100135803223,0
2022-09-12,8.500100135803223,8.500100135803223,8.500100135803223,8.500100135803223,8.500100135803223,0
2022-09-13,8.500100135803223,8.500100135803223,8.500100135803223,8.500100135803223,8.500100135803223,0
2022-09-14,8.500100135803223,8.500100135803223,8.500100135803223,8.500100135803223,8.500100135803223,0
2022-09-15,8.500100135803223,8.500100135803223,8.500100135803223,8.500100135803223,8.500100135803223,0
2022-09-16,8.500100135803223,8.500100135803223,8.500100135803223,8.500100135803223,8.500100135803223,0
2022-09-19,8.500100135803223,8.500100135803223,8.500100135803223,8.500100135803223,8.500100135803223,0
2022-09-20,8.500100135803223,8.500100135803223,8.500100135803223,8.500100135803223,8.500100135803223,0
2022-09-21,8.500100135803223,8.500100135803223,8.500100135803223,8.500100135803223,8.500100135803223,0
2022-09-22,8.500100135803223,8.500100135803223,8.500100135803223,8.500100135803223,8.500100135803223,0
2022-09-23,8.500100135803223,8.500100135803223,8.500100135803223,8.500100135803223,8.500100135803223,0
2022-09-26,8.500100135803223,8.500100135803223,8.500100135803223,8.500100135803223,8.500100135803223,0
2022-09-27,8.500100135803223,8.500100135803223,8.500100135803223,8.500100135803223,8.500100135803223,0
2022-09-28,8.500100135803223,8.500100135803223,8.500100135803223,8.500100135803223,8.500100135803223,0
2022-09-29,8.500100135803223,8.500100135803223,8.500100135803223,8.500100135803223,8.500100135803223,0
2022-09-30,8.500100135803223,8.500100135803223,8.500100135803223,8.500100135803223,8.500100135803223,0
2022-10-03,8.500100135803223,8.500100135803223,8.500100135803223,8.500100135803223,8.500100135803223,0
2022-10-04,8.500100135803223,8.500100135803223,8.500100135803223,8.500100135803223,8.500100135803223,0
2022-10-05,8.500100135803223,8.500100135803223,8.500100135803223,8.500100135803223,8.500100135803223,0
2022-10-06,8.500100135803223,8.500100135803223,8.500100135803223,8.500100135803223,8.500100135803223,0
2022-10-07,8.500100135803223,8.500100135803223,8.500100135803223,8.500100135803223,8.500100135803223,0
2022-10-10,8.500100135803223,8.500100135803223,8.500100135803223,8.500100135803223,8.500100135803223,0
2022-10-11,8.500100135803223,8.500100135803223,8.500100135803223,8.500100135803223,8.500100135803223,0
2022-10-12,8.500100135803223,8.500100135803223,8.500100135803223,8.500100135803223,8.500100135803223,0
2022-10-13,8.500100135803223,8.500100135803223,8.500100135803223,8.500100135803223,8.500100135803223,0
2022-10-14,8.500100135803223,8.500100135803223,8.500100135803223,8.500100135803223,8.500100135803223,0
2022-10-17,8.500100135803223,8.500100135803223,8.500100135803223,8.500100135803223,8.500100135803223,0
2022-10-18,8.500100135803223,8.500100135803223,8.500100135803223,8.500100135803223,8.500100135803223,0
2022-10-19,8.500100135803223,8.500100135803223,8.500100135803223,8.500100135803223,8.500100135803223,0
2022-10-20,8.500100135803223,8.500100135803223,8.500100135803223,8.500100135803223,8.500100135803223,0
2022-10-21,8.500100135803223,8.500100135803223,8.500100135803223,8.500100135803223,8.500100135803223,0
2022-10-24,8.500100135803223,8.500100135803223,8.500100135803223,8.500100135803223,8.500100135803223,0
2022-10-25,8.500100135803223,8.500100135803223,8.500100135803223,8.500100135803223,8.500100135803223,0
2022-10-26,8.500100135803223,8.500100135803223,8.500100135803223,8.500100135803223,8.500100135803223,0
2022-10-27,8.500100135803223,8.500100135803223,8.500100135803223,8.500100135803223,8.500100135803223,0
2022-10-28,8.500100135803223,8.500100135803223,8.500100135803223,8.500100135803223,8.500100135803223,0
2022-10-31,8.500100135803223,8.500100135803223,8.500100135803223,8.500100135803223,8.500100135803223,0
2022-11-01,8.500100135803223,8.500100135803223,8.500100135803223,8.500100135803223,8.500100135803223,0
2022-11-02,8.500100135803223,8.500100135803223,8.500100135803223,8.500100135803223,8.500100135803223,0
2022-11-03,8.500100135803223,8.500100135803223,8.500100135803223,8.500100135803223,8.500100135803223,0
2022-11-04,8.500100135803223,8.500100135803223,8.500100135803223,8.500100135803223,8.500100135803223,0
2022-11-07,8.500100135803223,8.500100135803223,8.500100135803223,8.500100135803223,8.500100135803223,0
2022-11-08,8.500100135803223,8.500100135803223,8.500100135803223,8.500100135803223,8.500100135803223,0
2022-11-09,8.500100135803223,8.500100135803223,8.500100135803223,8.500100135803223,8.500100135803223,0
2022-11-10,8.500100135803223,8.500100135803223,8.500100135803223,8.500100135803223,8.500100135803223,0
2022-11-11,8.500100135803223,8.500100135803223,8.500100135803223,8.500100135803223,8.500100135803223,0
2022-11-14,8.500100135803223,8.500100135803223,8.500100135803223,8.500100135803223,8.500100135803223,0
2022-11-15,8.500100135803223,8.500100135803223,8.500100135803223,8.500100135803223,8.500100135803223,0
2022-11-16,8.500100135803223,8.500100135803223,8.500100135803223,8.500100135803223,8.500100135803223,0
2022-11-17,8.500100135803223,8.500100135803223,8.500100135803223,8.500100135803223,8.500100135803223,0
2022-11-18,8.500100135803223,8.500100135803223,8.500100135803223,8.500100135803223,8.500100135803223,0
2022-11-21,8.500100135803223,8.500100135803223,8.500100135803223,8.500100135803223,8.500100135803223,0
2022-11-22,8.500100135803223,8.500100135803223,8.500100135803223,8.500100135803223,8.500100135803223,0
2022-11-23,8.500100135803223,8.500100135803223,8.500100135803223,8.500100135803223,8.500100135803223,0
2022-11-25,8.500100135803223,8.500100135803223,8.500100135803223,8.500100135803223,8.500100135803223,0
2022-11-28,8.500100135803223,8.500100135803223,8.500100135803223,8.500100135803223,8.500100135803223,0
2022-11-29,8.500100135803223,8.500100135803223,8.500100135803223,8.500100135803223,8.500100135803223,0
2022-11-30,8.500100135803223,8.500100135803223,8.500100135803223,8.500100135803223,8.500100135803223,0
2022-12-01,8.500100135803223,8.500100135803223,8.500100135803223,8.500100135803223,8.500100135803223,0
2022-12-02,8.500100135803223,8.500100135803223,8.500100135803223,8.500100135803223,8.500100135803223,0
2022-12-05,8.500100135803223,8.500100135803223,8.500100135803223,8.500100135803223,8.500100135803223,0
2022-12-06,8.500100135803223,8.500100135803223,8.500100135803223,8.500100135803223,8.500100135803223,0
2022-12-07,8.500100135803223,8.500100135803223,8.500100135803223,8.500100135803223,8.500100135803223,0
2022-12-08,8.500100135803223,8.500100135803223,8.500100135803223,8.500100135803223,8.500100135803223,0
2022-12-09,8.500100135803223,8.500100135803223,8.500100135803223,8.500100135803223,8.500100135803223,0
2022-12-12,8.500100135803223,8.500100135803223,8.500100135803223,8.500100135803223,8.500100135803223,0
2022-12-13,8.500100135803223,8.500100135803223,8.500100135803223,8.500100135803223,8.500100135803223,0
2022-12-14,8.500100135803223,8.500100135803223,8.500100135803223,8.500100135803223,8.500100135803223,0
2022-12-15,8.500100135803223,8.500100135803223,8.500100135803223,8.500100135803223,8.500100135803223,0
2022-12-16,8.500100135803223,8.500100135803223,8.500100135803223,8.500100135803223,8.500100135803223,0
2022-12-19,8.500100135803223,8.500100135803223,8.500100135803223,8.500100135803223,8.500100135803223,0
2022-12-20,8.500100135803223,8.500100135803223,8.500100135803223,8.500100135803223,8.500100135803223,0
2022-12-21,8.500100135803223,8.500100135803223,8.500100135803223,8.500100135803223,8.500100135803223,0
2022-12-22,8.500100135803223,8.500100135803223,8.500100135803223,8.500100135803223,8.500100135803223,0
2022-12-23,8.500100135803223,8.500100135803223,8.500100135803223,8.500100135803223,8.500100135803223,0
2022-12-27,8.500100135803223,8.500100135803223,8.500100135803223,8.500100135803223,8.500100135803223,0
2022-12-28,8.500100135803223,8.500100135803223,8.500100135803223,8.500100135803223,8.500100135803223,0
2022-12-29,8.500100135803223,8.500100135803223,8.500100135803223,8.500100135803223,8.500100135803223,0
2022-12-30,8.500100135803223,8.500100135803223,8.500100135803223,8.500100135803223,8.500100135803223,0
2023-01-03,8.500100135803223,8.500100135803223,8.500100135803223,8.500100135803223,8.500100135803223,0
2023-01-04,8.500100135803223,8.500100135803223,8.500100135803223,8.500100135803223,8.500100135803223,0
2023-01-05,8.500100135803223,8.500100135803223,8.500100135803223,8.500100135803223,8.500100135803223,0
2023-01-06,8.500100135803223,8.500100135803223,8.500100135803223,8.500100135803223,8.500100135803223,0
2023-01-09,8.500100135803223,8.500100135803223,8.500100135803223,8.500100135803223,8.500100135803223,0
2023-01-10,8.500100135803223,8.500100135803223,8.500100135803223,8.500100135803223,8.500100135803223,0
2023-01-11,8.500100135803223,8.500100135803223,8.500100135803223,8.500100135803223,8.500100135803223,0
2023-01-12,8.500100135803223,8.500100135803223,8.500100135803223,8.500100135803223,8.500100135803223,0
2023-01-13,8.500100135803223,8.500100135803223,8.500100135803223,8.500100135803223,8.500100135803223,0
2023-01-17,8.500100135803223,8.500100135803223,8.500100135803223,8.500100135803223,8.500100135803223,0
2023-01-18,8.500100135803223,8.500100135803223,8.500100135803223,8.500100135803223,8.500100135803223,0
2023-01-19,8.500100135803223,8.500100135803223,8.500100135803223,8.500100135803223,8.500100135803223,0
2023-01-20,8.500100135803223,8.500100135803223,8.500100135803223,8.500100135803223,8.500100135803223,0
2023-01-23,8.500100135803223,8.500100135803223,8.500100135803223,8.500100135803223,8.500100135803223,0
2023-01-24,8.500100135803223,8.500100135803223,8.500100135803223,8.500100135803223,8.500100135803223,0
2023-01-25,8.500100135803223,8.500100135803223,8.500100135803223,8.500100135803223,8.500100135803223,0
2023-01-26,8.500100135803223,8.500100135803223,8.500100135803223,8.500100135803223,8.500100135803223,0
2023-01-27,8.500100135803223,8.500100135803223,8.500100135803223,8.500100135803223,8.500100135803223,0
2023-01-30,8.500100135803223,8.500100135803223,8.500100135803223,8.500100135803223,8.500100135803223,0
2023-01-31,8.500100135803223,8.500100135803223,8.500100135803223,8.500100135803223,8.500100135803223,0
2023-02-01,8.500100135803223,8.500100135803223,8.500100135803223,8.500100135803223,8.500100135803223,0
2023-02-02,8.500100135803223,8.500100135803223,8.500100135803223,8.500100135803223,8.500100135803223,0
2023-02-03,8.500100135803223,8.500100135803223,8.500100135803223,8.500100135803223,8.500100135803223,0
2023-02-06,8.500100135803223,8.500100135803223,8.500100135803223,8.500100135803223,8.500100135803223,0
2023-02-07,8.500100135803223,8.500100135803223,8.500100135803223,8.500100135803223,8.500100135803223,0
2023-02-08,8.500100135803223,8.500100135803223,8.500100135803223,8.500100135803223,8.500100135803223,0
2023-02-09,8.500100135803223,8.500100135803223,8.500100135803223,8.500100135803223,8.500100135803223,0
2023-02-10,8.500100135803223,8.500100135803223,8.500100135803223,8.500100135803223,8.500100135803223,0
2023-02-13,8.500100135803223,8.500100135803223,8.500100135803223,8.500100135803223,8.500100135803223,0
2023-02-14,8.500100135803223,8.500100135803223,8.500100135803223,8.500100135803223,8.500100135803223,0
2023-02-15,8.500100135803223,8.500100135803223,8.500100135803223,8.500100135803223,8.500100135803223,0
2023-02-16,8.500100135803223,8.500100135803223,8.500100135803223,8.500100135803223,8.500100135803223,0
2023-02-17,8.500100135803223,8.500100135803223,8.500100135803223,8.500100135803223,8.500100135803223,0
2023-02-21,8.500100135803223,8.500100135803223,8.500100135803223,8.500100135803223,8.500100135803223,0
2023-02-22,8.500100135803223,8.500100135803223,8.500100135803223,8.500100135803223,8.500100135803223,0
2023-02-23,8.500100135803223,8.500100135803223,8.500100135803223,8.500100135803223,8.500100135803223,0
2023-02-24,8.500100135803223,8.500100135803223,8.500100135803223,8.500100135803223,8.500100135803223,0
2023-02-27,8.500100135803223,8.500100135803223,8.500100135803223,8.500100135803223,8.500100135803223,0
2023-02-28,8.500100135803223,8.500100135803223,8.500100135803223,8.500100135803223,8.500100135803223,0
2023-03-01,8.500100135803223,8.500100135803223,8.500100135803223,8.500100135803223,8.500100135803223,0
2023-03-02,8.500100135803223,8.500100135803223,8.500100135803223,8.500100135803223,8.500100135803223,0
2023-03-03,8.500100135803223,8.500100135803223,8.500100135803223,8.500100135803223,8.500100135803223,0
2023-03-06,8.500100135803223,8.500100135803223,8.500100135803223,8.500100135803223,8.500100135803223,0
2023-03-07,8.500100135803223,8.500100135803223,8.500100135803223,8.500100135803223,8.500100135803223,0
2023-03-08,8.500100135803223,8.500100135803223,8.500100135803223,8.500100135803223,8.500100135803223,0
2023-03-09,8.500100135803223,8.500100135803223,8.500100135803223,8.500100135803223,8.500100135803223,0
2023-03-10,8.500100135803223,8.500100135803223,8.500100135803223,8.500100135803223,8.500100135803223,0
2023-03-13,8.500100135803223,8.500100135803223,8.500100135803223,8.500100135803223,8.500100135803223,0
2023-03-14,8.500100135803223,8.500100135803223,8.500100135803223,8.500100135803223,8.500100135803223,0
2023-03-15,8.500100135803223,8.500100135803223,8.500100135803223,8.500100135803223,8.500100135803223,0
2023-03-16,8.500100135803223,8.500100135803223,8.500100135803223,8.500100135803223,8.500100135803223,0
2023-03-17,8.500100135803223,8.500100135803223,8.500100135803223,8.500100135803223,8.500100135803223,0
2023-03-20,8.500100135803223,8.500100135803223,8.500100135803223,8.500100135803223,8.500100135803223,0
2023-03-21,8.75,8.75,8.75,8.75,8.75,100
2023-03-22,8.75,8.75,8.75,8.75,8.75,0
2023-03-23,8.75,8.75,8.75,8.75,8.75,0
2023-03-24,8.75,8.75,8.75,8.75,8.75,0
2023-03-27,8.75,8.75,8.75,8.75,8.75,0
2023-03-28,8.75,8.75,8.75,8.75,8.75,0
2023-03-29,8.75,8.75,8.75,8.75,8.75,0
2023-03-30,8.75,8.75,8.75,8.75,8.75,0
2023-03-31,8.75,8.75,8.75,8.75,8.75,0
2023-04-03,8.75,8.75,8.75,8.75,8.75,0
2023-04-04,8.75,8.75,8.75,8.75,8.75,0
2023-04-05,8.75,8.75,8.75,8.75,8.75,0
2023-04-06,8.75,8.75,8.75,8.75,8.75,0
2023-04-10,8.75,8.75,8.75,8.75,8.75,0
2023-04-11,8.75,8.75,8.75,8.75,8.75,0
2023-04-12,8.75,8.75,8.75,8.75,8.75,0
2023-04-13,8.75,8.75,8.75,8.75,8.75,0
2023-04-14,8.75,8.75,8.75,8.75,8.75,0
2023-04-17,8.75,8.75,8.75,8.75,8.75,0
2023-04-18,8.75,8.75,8.75,8.75,8.75,0
2023-04-19,8.75,8.75,8.75,8.75,8.75,0
2023-04-20,8.75,8.75,8.75,8.75,8.75,0
2023-04-21,8.75,8.75,8.75,8.75,8.75,0
2023-04-24,8.75,8.75,8.75,8.75,8.75,0
2023-04-25,8.75,8.75,8.75,8.75,8.75,0
2023-04-26,8.75,8.75,8.75,8.75,8.75,0
2023-04-27,8.75,8.75,8.75,8.75,8.75,0
2023-04-28,8.75,8.75,8.75,8.75,8.75,0
2023-05-01,8.75,8.75,8.75,8.75,8.75,0
2023-05-02,8.75,8.75,8.75,8.75,8.75,0
2023-05-03,8.75,8.75,8.75,8.75,8.75,0
2023-05-04,8.75,8.75,8.75,8.75,8.75,0
2023-05-05,8.75,8.75,8.75,8.75,8.75,0
2023-05-08,8.75,8.75,8.75,8.75,8.75,0
2023-05-09,8.75,8.75,8.75,8.75,8.75,0
2023-05-10,8.75,8.75,8.75,8.75,8.75,0
2023-05-11,8.75,8.75,8.75,8.75,8.75,0
2023-05-12,8.75,8.75,8.75,8.75,8.75,0
2023-05-15,8.75,8.75,8.75,8.75,8.75,0
2023-05-16,8.75,8.75,8.75,8.75,8.75,0
2023-05-17,8.75,8.75,8.75,8.75,8.75,0
2023-05-18,8.75,8.75,8.75,8.75,8.75,0
2023-05-19,8.75,8.75,8.75,8.75,8.75,0
2023-05-22,8.75,8.75,8.75,8.75,8.75,0
2023-05-23,8.75,8.75,8.75,8.75,8.75,0
2023-05-24,8.75,8.75,8.75,8.75,8.75,0
2023-05-25,8.75,8.75,8.75,8.75,8.75,0
2023-05-26,8.75,8.75,8.75,8.75,8.75,0
2023-05-30,8.75,8.75,8.75,8.75,8.75,0
2023-05-31,8.75,8.75,8.75,8.75,8.75,0
2023-06-01,8.75,8.75,8.75,8.75,8.75,0
2023-06-02,8.75,8.75,8.75,8.75,8.75,0
2023-06-05,8.75,8.75,8.75,8.75,8.75,0
2023-06-06,8.180000305175781,8.180000305175781,7.715000152587891,8.0,8.0,500
2023-06-07,7.429999828338623,7.480000019073486,7.429999828338623,7.480000019073486,7.480000019073486,300
2023-06-08,7.429999828338623,7.480000019073486,7.0,7.0,7.0,300
2023-06-09,7.0,7.0,7.0,7.0,7.0,100
2023-06-12,7.0,7.0,7.0,7.0,7.0,0
2023-06-13,7.0,7.0,7.0,7.0,7.0,0
2023-06-14,7.0,7.0,7.0,7.0,7.0,0
2023-06-15,7.0,7.0,7.0,7.0,7.0,0
2023-06-16,7.0,7.0,7.0,7.0,7.0,0
2023-06-20,7.0,7.0,7.0,7.0,7.0,0
2023-06-21,7.0,7.0,7.0,7.0,7.0,0
2023-06-22,7.0,7.0,7.0,7.0,7.0,0
2023-06-23,7.0,7.0,7.0,7.0,7.0,0
2023-06-26,7.0,7.0,7.0,7.0,7.0,0
2023-06-27,7.0,7.0,7.0,7.0,7.0,0
2023-06-28,7.0,7.0,7.0,7.0,7.0,0
2023-06-29,7.0,7.0,7.0,7.0,7.0,0
2023-06-30,7.0,7.0,7.0,7.0,7.0,0
2023-07-03,7.0,7.0,7.0,7.0,7.0,0
2023-07-05,7.0,7.0,7.0,7.0,7.0,0
2023-07-06,7.0,7.0,7.0,7.0,7.0,0
2023-07-07,7.0,7.0,7.0,7.0,7.0,0
2023-07-10,7.0,7.0,7.0,7.0,7.0,0
2023-07-11,7.0,7.0,7.0,7.0,7.0,0
2023-07-12,7.0,7.0,7.0,7.0,7.0,0
2023-07-13,7.0,7.0,7.0,7.0,7.0,0
2023-07-14,7.0,7.0,7.0,7.0,7.0,0
2023-07-17,7.0,7.0,7.0,7.0,7.0,0
2023-07-18,7.0,7.0,7.0,7.0,7.0,0
2023-07-19,4.5,5.099999904632568,4.5,5.099999904632568,5.099999904632568,406
2023-07-20,5.175000190734863,5.25,5.175000190734863,5.25,5.25,300
2023-07-21,5.25,5.25,5.25,5.25,5.25,0
2023-07-24,5.25,5.25,5.25,5.25,5.25,0
2023-07-25,5.25,5.25,5.25,5.25,5.25,0
2023-07-26,5.175000190734863,5.175000190734863,5.175000190734863,5.175000190734863,5.175000190734863,100
2023-07-27,5.099999904632568,5.099999904632568,5.099999904632568,5.099999904632568,5.099999904632568,100
2023-07-28,5.099999904632568,5.099999904632568,5.099999904632568,5.099999904632568,5.099999904632568,200
2023-07-31,5.099999904632568,5.099999904632568,5.099999904632568,5.099999904632568,5.099999904632568,0
2023-08-01,5.090000152587891,5.090000152587891,5.090000152587891,5.090000152587891,5.090000152587891,100
2023-08-02,5.090000152587891,5.090000152587891,5.090000152587891,5.090000152587891,5.090000152587891,0
2023-08-03,5.139999866485596,5.139999866485596,5.139999866485596,5.139999866485596,5.139999866485596,300
2023-08-04,5.084499835968018,5.084499835968018,5.084499835968018,5.084499835968018,5.084499835968018,200
2023-08-07,5.25,5.25,5.25,5.25,5.25,302
2023-08-08,5.25,5.25,5.25,5.25,5.25,0
2023-08-09,5.25,5.25,5.25,5.25,5.25,0
2023-08-10,5.25,5.25,5.25,5.25,5.25,0
2023-08-11,5.25,5.25,5.25,5.25,5.25,0
2023-08-14,5.25,5.25,5.25,5.25,5.25,0
2023-08-15,5.25,5.25,5.25,5.25,5.25,0
2023-08-16,5.25,5.25,5.25,5.25,5.25,0
2023-08-17,5.25,5.25,5.25,5.25,5.25,0
2023-08-18,5.25,5.25,5.25,5.25,5.25,0
2023-08-21,5.25,5.25,5.25,5.25,5.25,0
2023-08-22,5.25,5.25,5.25,5.25,5.25,0
2023-08-23,5.25,5.25,5.25,5.25,5.25,0
2023-08-24,5.25,5.25,5.25,5.25,5.25,0
2023-08-25,5.25,5.25,5.25,5.25,5.25,0
2023-08-28,5.25,5.25,5.25,5.25,5.25,0
2023-08-29,5.25,5.25,5.25,5.25,5.25,0
2023-08-30,5.25,5.25,5.25,5.25,5.25,0
2023-08-31,5.25,5.25,5.25,5.25,5.25,0
2023-09-01,5.25,5.25,5.25,5.25,5.25,0
2023-09-05,5.25,5.25,5.25,5.25,5.25,0
2023-09-06,5.25,5.25,5.25,5.25,5.25,0
2023-09-07,5.25,5.25,5.25,5.25,5.25,0
2023-09-08,5.25,5.25,5.25,5.25,5.25,0
2023-09-11,5.25,5.25,5.25,5.25,5.25,0
2023-09-12,5.25,5.25,5.25,5.25,5.25,0
2023-09-13,5.25,5.25,5.25,5.25,5.25,0
2023-09-14,5.25,5.25,5.25,5.25,5.25,0
2023-09-15,5.25,5.25,5.25,5.25,5.25,0
2023-09-18,5.25,5.25,5.25,5.25,5.25,0
2023-09-19,5.25,5.25,5.25,5.25,5.25,0
2023-09-20,5.25,5.25,5.25,5.25,5.25,0
2023-09-21,5.050000190734863,5.050000190734863,5.050000190734863,5.050000190734863,5.050000190734863,800
2023-09-22,5.050000190734863,5.050000190734863,5.050000190734863,5.050000190734863,5.050000190734863,0
2023-09-25,5.050000190734863,5.050000190734863,5.050000190734863,5.050000190734863,5.050000190734863,0
2023-09-26,5.050000190734863,5.050000190734863,5.050000190734863,5.050000190734863,5.050000190734863,0
2023-09-27,5.050000190734863,5.050000190734863,5.050000190734863,5.050000190734863,5.050000190734863,0
2023-09-28,5.050000190734863,5.050000190734863,5.050000190734863,5.050000190734863,5.050000190734863,0
2023-09-29,5.050000190734863,5.050000190734863,5.050000190734863,5.050000190734863,5.050000190734863,0
2023-10-02,5.050000190734863,5.050000190734863,5.050000190734863,5.050000190734863,5.050000190734863,0
2023-10-03,5.050000190734863,5.050000190734863,5.050000190734863,5.050000190734863,5.050000190734863,0
2023-10-04,5.050000190734863,5.050000190734863,5.050000190734863,5.050000190734863,5.050000190734863,0
2023-10-05,5.050000190734863,5.050000190734863,5.050000190734863,5.050000190734863,5.050000190734863,0
2023-10-06,5.050000190734863,5.050000190734863,5.050000190734863,5.050000190734863,5.050000190734863,0
2023-10-09,5.116000175476074,5.116000175476074,5.116000175476074,5.116000175476074,5.116000175476074,100
2023-10-10,5.116000175476074,5.116000175476074,5.116000175476074,5.116000175476074,5.116000175476074,0
2023-10-11,5.116000175476074,5.116000175476074,5.116000175476074,5.116000175476074,5.116000175476074,0
2023-10-12,5.116000175476074,5.116000175476074,5.116000175476074,5.116000175476074,5.116000175476074,0
2023-10-13,5.116000175476074,5.116000175476074,5.116000175476074,5.116000175476074,5.116000175476074,0
2023-10-16,5.116000175476074,5.116000175476074,5.116000175476074,5.116000175476074,5.116000175476074,0
2023-10-17,5.116000175476074,5.116000175476074,5.116000175476074,5.116000175476074,5.116000175476074,0
2023-10-18,5.116000175476074,5.116000175476074,5.116000175476074,5.116000175476074,5.116000175476074,0
2023-10-19,5.116000175476074,5.116000175476074,5.116000175476074,5.116000175476074,5.116000175476074,0
2023-10-20,5.116000175476074,5.116000175476074,5.116000175476074,5.116000175476074,5.116000175476074,0
2023-10-23,5.116000175476074,5.116000175476074,5.116000175476074,5.116000175476074,5.116000175476074,0
2023-10-24,5.116000175476074,5.116000175476074,5.116000175476074,5.116000175476074,5.116000175476074,0
2023-10-25,5.116000175476074,5.116000175476074,5.116000175476074,5.116000175476074,5.116000175476074,0
2023-10-26,5.116000175476074,5.116000175476074,5.116000175476074,5.116000175476074,5.116000175476074,0
2023-10-27,5.116000175476074,5.116000175476074,5.116000175476074,5.116000175476074,5.116000175476074,0
2023-10-30,5.116000175476074,5.116000175476074,5.116000175476074,5.116000175476074,5.116000175476074,0
2023-10-31,5.116000175476074,5.116000175476074,5.116000175476074,5.116000175476074,5.116000175476074,0
2023-11-01,5.116000175476074,5.116000175476074,5.116000175476074,5.116000175476074,5.116000175476074,0
2023-11-02,5.116000175476074,5.116000175476074,5.116000175476074,5.116000175476074,5.116000175476074,0
2023-11-03,5.116000175476074,5.116000175476074,5.116000175476074,5.116000175476074,5.116000175476074,0
2023-11-06,5.116000175476074,5.116000175476074,5.116000175476074,5.116000175476074,5.116000175476074,0
2023-11-07,5.116000175476074,5.116000175476074,5.116000175476074,5.116000175476074,5.116000175476074,0
2023-11-08,5.099999904632568,5.349999904632568,5.099999904632568,5.099999904632568,5.099999904632568,570
2023-11-09,5.0625,5.0625,5.0625,5.0625,5.0625,150
2023-11-10,5.0625,5.0625,5.0625,5.0625,5.0625,0
2023-11-13,5.0625,5.150000095367432,5.0625,5.150000095367432,5.150000095367432,325
2023-11-14,5.150000095367432,5.150000095367432,5.150000095367432,5.150000095367432,5.150000095367432,0
2023-11-15,5.150000095367432,5.150000095367432,5.150000095367432,5.150000095367432,5.150000095367432,0
2023-11-16,5.150000095367432,5.150000095367432,5.150000095367432,5.150000095367432,5.150000095367432,100
2023-11-17,5.150000095367432,5.150000095367432,5.150000095367432,5.150000095367432,5.150000095367432,0
2023-11-20,5.150000095367432,5.150000095367432,5.150000095367432,5.150000095367432,5.150000095367432,0
2023-11-21,5.150000095367432,5.150000095367432,5.150000095367432,5.150000095367432,5.150000095367432,0
2023-11-22,5.125,5.125,5.125,5.125,5.125,100
2023-11-24,5.125,5.125,5.125,5.125,5.125,0
2023-11-27,5.125,5.125,5.125,5.125,5.125,0
2023-11-28,5.125,5.125,5.125,5.125,5.125,0
2023-11-29,5.150000095367432,5.150000095367432,5.150000095367432,5.150000095367432,5.150000095367432,100
2023-11-30,5.150000095367432,5.150000095367432,5.150000095367432,5.150000095367432,5.150000095367432,0
2023-12-01,5.150000095367432,5.150000095367432,5.150000095367432,5.150000095367432,5.150000095367432,0
2023-12-04,5.150000095367432,5.150000095367432,5.150000095367432,5.150000095367432,5.150000095367432,0
2023-12-05,5.150000095367432,5.150000095367432,5.150000095367432,5.150000095367432,5.150000095367432,0
2023-12-06,5.150000095367432,5.150000095367432,5.150000095367432,5.150000095367432,5.150000095367432,0
2023-12-07,5.150000095367432,5.150000095367432,5.150000095367432,5.150000095367432,5.150000095367432,0
2023-12-08,5.125,5.75,5.0625,5.75,5.75,504
2023-12-11,5.75,5.75,5.75,5.75,5.75,0
2023-12-12,5.75,5.75,5.75,5.75,5.75,0
2023-12-13,5.75,5.75,5.75,5.75,5.75,0
2023-12-14,5.75,5.75,5.75,5.75,5.75,0
2023-12-15,5.75,5.75,5.75,5.75,5.75,0
2023-12-18,5.75,5.75,5.75,5.75,5.75,0
2023-12-19,5.75,5.75,5.75,5.75,5.75,0
2023-12-20,5.75,5.75,5.75,5.75,5.75,0
2023-12-21,5.75,5.75,5.75,5.75,5.75,0
2023-12-22,5.75,5.75,5.75,5.75,5.75,0
2023-12-26,5.75,5.75,5.75,5.75,5.75,0
2023-12-27,5.75,5.75,5.75,5.75,5.75,0
2023-12-28,5.75,5.75,5.75,5.75,5.75,0
2023-12-29,5.75,5.75,5.75,5.75,5.75,0
2024-01-02,5.75,5.75,5.75,5.75,5.75,0
2024-01-03,5.75,5.75,5.75,5.75,5.75,0
2024-01-04,5.75,5.75,5.75,5.75,5.75,0
2024-01-05,5.75,5.75,5.75,5.75,5.75,0
2024-01-08,5.75,5.75,5.75,5.75,5.75,0
2024-01-09,5.75,5.75,5.75,5.75,5.75,0
2024-01-10,5.75,5.75,5.75,5.75,5.75,0
2024-01-11,5.75,5.75,5.75,5.75,5.75,0
2024-01-12,5.75,5.75,5.75,5.75,5.75,0
2024-01-16,5.75,5.75,5.75,5.75,5.75,0
2024-01-17,5.75,5.75,5.75,5.75,5.75,0
2024-01-18,5.75,5.75,5.75,5.75,5.75,0
2024-01-19,5.75,5.75,5.75,5.75,5.75,0
2024-01-22,5.75,5.75,5.75,5.75,5.75,0
2024-01-23,5.75,5.75,5.75,5.75,5.75,0
2024-01-24,5.75,5.75,5.75,5.75,5.75,0
2024-01-25,5.75,5.75,5.75,5.75,5.75,0
2024-01-26,5.75,5.75,5.75,5.75,5.75,0
2024-01-29,5.75,5.75,5.75,5.75,5.75,0
2024-01-30,5.75,5.75,5.75,5.75,5.75,0
2024-01-31,5.75,5.75,5.75,5.75,5.75,0
2024-02-01,5.75,5.75,5.75,5.75,5.75,0
2024-02-02,5.75,5.75,5.75,5.75,5.75,0
2024-02-05,5.75,5.75,5.75,5.75,5.75,0
2024-02-06,5.75,5.75,5.75,5.75,5.75,0
2024-02-07,5.75,5.75,5.75,5.75,5.75,0
2024-02-08,5.75,5.75,5.75,5.75,5.75,0
2024-02-09,5.75,5.75,5.75,5.75,5.75,0
2024-02-12,5.75,5.75,5.75,5.75,5.75,0
2024-02-13,5.75,5.75,5.75,5.75,5.75,0
2024-02-14,5.75,5.75,5.75,5.75,5.75,0
2024-02-15,5.75,5.75,5.75,5.75,5.75,0
2024-02-16,5.75,5.75,5.75,5.75,5.75,0
2024-02-20,5.75,5.75,5.75,5.75,5.75,0
2024-02-21,5.75,5.75,5.75,5.75,5.75,0
2024-02-22,5.75,5.75,5.75,5.75,5.75,0
2024-02-23,5.75,5.75,5.75,5.75,5.75,0
2024-02-26,5.75,5.75,5.75,5.75,5.75,0
2024-02-27,5.75,5.75,5.75,5.75,5.75,0
2024-02-28,5.75,5.75,5.75,5.75,5.75,0
2024-02-29,5.75,5.75,5.75,5.75,5.75,0
2024-03-01,5.75,5.75,5.75,5.75,5.75,0
2024-03-04,5.75,5.75,5.75,5.75,5.75,0
2024-03-05,5.75,5.75,5.75,5.75,5.75,0
2024-03-06,5.75,5.75,5.75,5.75,5.75,0
2024-03-07,5.75,5.75,5.75,5.75,5.75,0
2024-03-08,5.75,5.75,5.75,5.75,5.75,0
2024-03-11,5.75,5.75,5.75,5.75,5.75,0
2024-03-12,5.75,5.75,5.75,5.75,5.75,0
2024-03-13,5.75,5.75,5.75,5.75,5.75,0
2024-03-14,5.75,5.75,5.75,5.75,5.75,0
2024-03-15,5.75,5.75,5.75,5.75,5.75,0
2024-03-18,5.75,5.75,5.75,5.75,5.75,0
2024-03-19,5.75,5.75,5.75,5.75,5.75,0
2024-03-20,5.75,5.75,5.75,5.75,5.75,0
2024-03-21,5.75,5.75,5.75,5.75,5.75,0
2024-03-22,5.75,5.75,5.75,5.75,5.75,0
2024-03-25,5.75,5.75,5.75,5.75,5.75,0
2024-03-26,5.75,5.75,5.75,5.75,5.75,0
2024-03-27,5.75,5.75,5.75,5.75,5.75,0
2024-03-28,5.75,5.75,5.75,5.75,5.75,0
2024-04-01,5.75,5.75,5.75,5.75,5.75,0
2024-04-02,5.75,5.75,5.75,5.75,5.75,0
2024-04-03,5.75,5.75,5.75,5.75,5.75,0
2024-04-04,5.75,5.75,5.75,5.75,5.75,0
2024-04-05,5.75,5.75,5.75,5.75,5.75,0
2024-04-08,5.75,5.75,5.75,5.75,5.75,0
2024-04-09,5.75,5.75,5.75,5.75,5.75,0
2024-04-10,5.75,5.75,5.75,5.75,5.75,0
2024-04-11,5.75,5.75,5.75,5.75,5.75,0
2024-04-12,5.75,5.75,5.75,5.75,5.75,0
2024-04-15,5.75,5.75,5.75,5.75,5.75,0
2024-04-16,5.75,5.75,5.75,5.75,5.75,0
2024-04-17,5.75,5.75,5.75,5.75,5.75,0
2024-04-18,5.75,5.75,5.75,5.75,5.75,0
2024-04-19,5.75,5.75,5.75,5.75,5.75,0
2024-04-22,5.75,5.75,5.75,5.75,5.75,0
2024-04-23,5.75,5.75,5.75,5.75,5.75,0
2024-04-24,5.75,5.75,5.75,5.75,5.75,0
2024-04-25,5.75,5.75,5.75,5.75,5.75,0
2024-04-26,5.75,5.75,5.75,5.75,5.75,0
2024-04-29,5.75,5.75,5.75,5.75,5.75,0
2024-04-30,5.75,5.75,5.75,5.75,5.75,0
2024-05-01,5.75,5.75,5.75,5.75,5.75,0
2024-05-02,5.75,5.75,5.75,5.75,5.75,0
2024-05-03,5.75,5.75,5.75,5.75,5.75,0
2024-05-06,5.75,5.75,5.75,5.75,5.75,0
2024-05-07,5.75,5.75,5.75,5.75,5.75,0
2024-05-08,5.75,5.75,5.75,5.75,5.75,0
2024-05-09,5.75,5.75,5.75,5.75,5.75,0
2024-05-10,5.75,5.75,5.75,5.75,5.75,0
2024-05-13,5.75,5.75,5.75,5.75,5.75,0
2024-05-14,5.75,5.75,5.75,5.75,5.75,0
2024-05-15,5.75,5.75,5.75,5.75,5.75,0
2024-05-16,5.75,5.75,5.75,5.75,5.75,0
2024-05-17,5.75,5.75,5.75,5.75,5.75,0
2024-05-20,5.75,5.75,5.75,5.75,5.75,0
2024-05-21,5.75,5.75,5.75,5.75,5.75,0
2024-05-22,5.75,5.75,5.75,5.75,5.75,0
2024-05-23,5.75,5.75,5.75,5.75,5.75,0
2024-05-24,5.75,5.75,5.75,5.75,5.75,0
2024-05-28,5.75,5.75,5.75,5.75,5.75,0
2024-05-29,5.75,5.75,5.75,5.75,5.75,0
2024-05-30,5.75,5.75,5.75,5.75,5.75,0
2024-05-31,5.75,5.75,5.75,5.75,5.75,0
2024-06-03,5.75,5.75,5.75,5.75,5.75,0
2024-06-04,5.75,5.75,5.75,5.75,5.75,0
2024-06-05,5.75,5.75,5.75,5.75,5.75,0
2024-06-06,5.75,5.75,5.75,5.75,5.75,0
2024-06-07,5.925000190734863,5.925000190734863,5.925000190734863,5.925000190734863,5.925000190734863,100
2024-06-10,5.925000190734863,5.925000190734863,5.925000190734863,5.925000190734863,5.925000190734863,0
2024-06-11,5.925000190734863,5.925000190734863,5.925000190734863,5.925000190734863,5.925000190734863,0
2024-06-12,5.925000190734863,5.925000190734863,5.925000190734863,5.925000190734863,5.925000190734863,0
2024-06-13,5.925000190734863,5.925000190734863,5.925000190734863,5.925000190734863,5.925000190734863,0
2024-06-14,5.925000190734863,5.925000190734863,5.925000190734863,5.925000190734863,5.925000190734863,0
2024-06-17,5.925000190734863,5.925000190734863,5.925000190734863,5.925000190734863,5.925000190734863,0
2024-06-18,5.925000190734863,5.925000190734863,5.925000190734863,5.925000190734863,5.925000190734863,0
2024-06-20,5.925000190734863,5.925000190734863,5.925000190734863,5.925000190734863,5.925000190734863,0
2024-06-21,5.925000190734863,5.925000190734863,5.925000190734863,5.925000190734863,5.925000190734863,0
2024-06-24,5.925000190734863,5.925000190734863,5.925000190734863,5.925000190734863,5.925000190734863,0
2024-06-25,5.925000190734863,5.925000190734863,5.925000190734863,5.925000190734863,5.925000190734863,0
2024-06-26,5.925000190734863,5.925000190734863,5.925000190734863,5.925000190734863,5.925000190734863,0
2024-06-27,5.800000190734863,5.800000190734863,5.150000095367432,5.150000095367432,5.150000095367432,377
2024-06-28,5.489999771118164,5.489999771118164,5.489999771118164,5.489999771118164,5.489999771118164,196
2024-07-01,5.489999771118164,5.489999771118164,5.489999771118164,5.489999771118164,5.489999771118164,0
2024-07-02,5.489999771118164,5.489999771118164,5.489999771118164,5.489999771118164,5.489999771118164,0
2024-07-03,5.489999771118164,5.489999771118164,5.489999771118164,5.489999771118164,5.489999771118164,0
2024-07-05,5.489999771118164,5.489999771118164,5.489999771118164,5.489999771118164,5.489999771118164,0
2024-07-08,5.489999771118164,5.489999771118164,5.489999771118164,5.489999771118164,5.489999771118164,0
2024-07-09,5.489999771118164,5.489999771118164,5.489999771118164,5.489999771118164,5.489999771118164,0
2024-07-10,5.489999771118164,5.489999771118164,5.489999771118164,5.489999771118164,5.489999771118164,0
2024-07-11,5.489999771118164,5.489999771118164,5.489999771118164,5.489999771118164,5.489999771118164,0
2024-07-12,5.489999771118164,5.489999771118164,5.489999771118164,5.489999771118164,5.489999771118164,0
2024-07-15,5.489999771118164,5.489999771118164,5.489999771118164,5.489999771118164,5.489999771118164,0
2024-07-16,5.489999771118164,5.489999771118164,5.489999771118164,5.489999771118164,5.489999771118164,0
2024-07-17,5.489999771118164,5.489999771118164,5.489999771118164,5.489999771118164,5.489999771118164,0
2024-07-18,5.489999771118164,5.489999771118164,5.489999771118164,5.489999771118164,5.489999771118164,0
2024-07-19,5.489999771118164,5.489999771118164,5.489999771118164,5.489999771118164,5.489999771118164,0
2024-07-22,5.489999771118164,5.489999771118164,5.489999771118164,5.489999771118164,5.489999771118164,0
2024-07-23,5.489999771118164,5.489999771118164,5.489999771118164,5.489999771118164,5.489999771118164,0
2024-07-24,5.489999771118164,5.489999771118164,5.489999771118164,5.489999771118164,5.489999771118164,0
2024-07-25,5.489999771118164,5.489999771118164,5.489999771118164,5.489999771118164,5.489999771118164,0
2024-07-26,5.489999771118164,5.489999771118164,5.489999771118164,5.489999771118164,5.489999771118164,0
2024-07-29,5.489999771118164,5.489999771118164,5.489999771118164,5.489999771118164,5.489999771118164,0
2024-07-30,5.489999771118164,5.489999771118164,5.489999771118164,5.489999771118164,5.489999771118164,0
2024-07-31,5.489999771118164,5.489999771118164,5.489999771118164,5.489999771118164,5.489999771118164,0
2024-08-01,5.489999771118164,5.489999771118164,5.489999771118164,5.489999771118164,5.489999771118164,0
2024-08-02,5.489999771118164,5.489999771118164,5.489999771118164,5.489999771118164,5.489999771118164,0
2024-08-05,5.489999771118164,5.489999771118164,5.489999771118164,5.489999771118164,5.489999771118164,0
2024-08-06,5.489999771118164,5.489999771118164,5.489999771118164,5.489999771118164,5.489999771118164,0
2024-08-07,5.489999771118164,5.489999771118164,5.489999771118164,5.489999771118164,5.489999771118164,0
2024-08-08,5.489999771118164,5.489999771118164,5.489999771118164,5.489999771118164,5.489999771118164,0
2024-08-09,5.489999771118164,5.489999771118164,5.489999771118164,5.489999771118164,5.489999771118164,0
2024-08-12,5.489999771118164,5.489999771118164,5.489999771118164,5.489999771118164,5.489999771118164,0
2024-08-13,5.489999771118164,5.489999771118164,5.489999771118164,5.489999771118164,5.489999771118164,0
2024-08-14,5.489999771118164,5.489999771118164,5.489999771118164,5.489999771118164,5.489999771118164,0
2024-08-15,5.489999771118164,5.489999771118164,5.489999771118164,5.489999771118164,5.489999771118164,0
2024-08-16,5.489999771118164,5.489999771118164,5.489999771118164,5.489999771118164,5.489999771118164,0
2024-08-19,5.489999771118164,5.489999771118164,5.489999771118164,5.489999771118164,5.489999771118164,0
2024-08-20,5.489999771118164,5.489999771118164,5.489999771118164,5.489999771118164,5.489999771118164,0
2024-08-21,5.489999771118164,5.489999771118164,5.489999771118164,5.489999771118164,5.489999771118164,0
2024-08-22,5.489999771118164,5.489999771118164,5.489999771118164,5.489999771118164,5.489999771118164,0
2024-08-23,5.489999771118164,5.489999771118164,5.489999771118164,5.489999771118164,5.489999771118164,0
2024-08-26,5.489999771118164,5.489999771118164,5.489999771118164,5.489999771118164,5.489999771118164,0
2024-08-27,5.489999771118164,5.489999771118164,5.489999771118164,5.489999771118164,5.489999771118164,0
2024-08-28,5.489999771118164,5.489999771118164,5.489999771118164,5.489999771118164,5.489999771118164,0
2024-08-29,5.489999771118164,5.489999771118164,5.489999771118164,5.489999771118164,5.489999771118164,0
2024-08-30,5.489999771118164,5.489999771118164,5.489999771118164,5.489999771118164,5.489999771118164,0
2024-09-03,5.489999771118164,5.489999771118164,5.489999771118164,5.489999771118164,5.489999771118164,0
2024-09-04,5.489999771118164,5.489999771118164,5.489999771118164,5.489999771118164,5.489999771118164,0
2024-09-05,5.489999771118164,5.489999771118164,5.489999771118164,5.489999771118164,5.489999771118164,0
2024-09-06,5.489999771118164,5.489999771118164,5.489999771118164,5.489999771118164,5.489999771118164,0
2024-09-09,5.489999771118164,5.489999771118164,5.489999771118164,5.489999771118164,5.489999771118164,0
2024-09-10,5.489999771118164,5.489999771118164,5.489999771118164,5.489999771118164,5.489999771118164,0
2024-09-11,5.489999771118164,5.489999771118164,5.489999771118164,5.489999771118164,5.489999771118164,0
2024-09-12,5.489999771118164,5.489999771118164,5.489999771118164,5.489999771118164,5.489999771118164,0
2024-09-13,5.489999771118164,5.489999771118164,5.489999771118164,5.489999771118164,5.489999771118164,0
2024-09-16,5.489999771118164,5.489999771118164,5.489999771118164,5.489999771118164,5.489999771118164,0
2024-09-17,5.489999771118164,5.489999771118164,5.489999771118164,5.489999771118164,5.489999771118164,0
2024-09-18,5.489999771118164,5.489999771118164,5.489999771118164,5.489999771118164,5.489999771118164,0
2024-09-19,5.489999771118164,5.489999771118164,5.489999771118164,5.489999771118164,5.489999771118164,0
2024-09-20,5.489999771118164,5.489999771118164,5.489999771118164,5.489999771118164,5.489999771118164,0
2024-09-23,5.489999771118164,5.489999771118164,5.489999771118164,5.489999771118164,5.489999771118164,0
2024-09-24,5.489999771118164,5.489999771118164,5.489999771118164,5.489999771118164,5.489999771118164,0
2024-09-25,5.489999771118164,5.489999771118164,5.489999771118164,5.489999771118164,5.489999771118164,0
2024-09-26,5.489999771118164,5.489999771118164,5.489999771118164,5.489999771118164,5.489999771118164,0
2024-09-27,5.489999771118164,5.489999771118164,5.489999771118164,5.489999771118164,5.489999771118164,0
2024-09-30,5.489999771118164,5.489999771118164,5.489999771118164,5.489999771118164,5.489999771118164,0
2024-10-01,5.489999771118164,5.489999771118164,5.489999771118164,5.489999771118164,5.489999771118164,0
2024-10-02,5.489999771118164,5.489999771118164,5.489999771118164,5.489999771118164,5.489999771118164,0
2024-10-03,5.489999771118164,5.489999771118164,5.489999771118164,5.489999771118164,5.489999771118164,0
2024-10-04,5.489999771118164,5.489999771118164,5.489999771118164,5.489999771118164,5.489999771118164,0
2024-10-07,5.489999771118164,5.489999771118164,5.489999771118164,5.489999771118164,5.489999771118164,0
2024-10-08,5.489999771118164,5.489999771118164,5.489999771118164,5.489999771118164,5.489999771118164,0
2024-10-09,5.489999771118164,5.489999771118164,5.489999771118164,5.489999771118164,5.489999771118164,0
2024-10-10,5.489999771118164,5.489999771118164,5.489999771118164,5.489999771118164,5.489999771118164,0
2024-10-11,5.489999771118164,5.489999771118164,5.489999771118164,5.489999771118164,5.489999771118164,0
2024-10-14,5.489999771118164,5.489999771118164,5.489999771118164,5.489999771118164,5.489999771118164,0
2024-10-15,5.489999771118164,5.489999771118164,5.489999771118164,5.489999771118164,5.489999771118164,0
2024-10-16,5.489999771118164,5.489999771118164,5.489999771118164,5.489999771118164,5.489999771118164,0
2024-10-17,5.489999771118164,5.489999771118164,5.489999771118164,5.489999771118164,5.489999771118164,0
2024-10-18,5.489999771118164,5.489999771118164,5.489999771118164,5.489999771118164,5.489999771118164,0
2024-10-21,5.489999771118164,5.489999771118164,5.489999771118164,5.489999771118164,5.489999771118164,0
2024-10-22,5.489999771118164,5.489999771118164,5.489999771118164,5.489999771118164,5.489999771118164,0
2024-10-23,5.489999771118164,5.489999771118164,5.489999771118164,5.489999771118164,5.489999771118164,0
2024-10-24,5.489999771118164,5.489999771118164,5.489999771118164,5.489999771118164,5.489999771118164,0
2024-10-25,5.489999771118164,5.489999771118164,5.489999771118164,5.489999771118164,5.489999771118164,0
2024-10-28,5.489999771118164,5.489999771118164,5.489999771118164,5.489999771118164,5.489999771118164,0
2024-10-29,5.489999771118164,5.489999771118164,5.489999771118164,5.489999771118164,5.489999771118164,0
2024-10-30,5.489999771118164,5.489999771118164,5.489999771118164,5.489999771118164,5.489999771118164,0
2024-10-31,5.489999771118164,5.489999771118164,5.489999771118164,5.489999771118164,5.489999771118164,0
2024-11-01,5.489999771118164,5.489999771118164,5.489999771118164,5.489999771118164,5.489999771118164,0
2024-11-04,5.489999771118164,5.489999771118164,5.489999771118164,5.489999771118164,5.489999771118164,0
2024-11-05,5.489999771118164,5.489999771118164,5.489999771118164,5.489999771118164,5.489999771118164,0
2024-11-06,5.489999771118164,5.489999771118164,5.489999771118164,5.489999771118164,5.489999771118164,0
2024-11-07,5.489999771118164,5.489999771118164,5.489999771118164,5.489999771118164,5.489999771118164,0
2024-11-08,5.489999771118164,5.489999771118164,5.489999771118164,5.489999771118164,5.489999771118164,0
2024-11-11,5.489999771118164,5.489999771118164,5.489999771118164,5.489999771118164,5.489999771118164,0
2024-11-12,5.489999771118164,5.489999771118164,5.489999771118164,5.489999771118164,5.489999771118164,0
2024-11-13,5.489999771118164,5.489999771118164,5.489999771118164,5.489999771118164,5.489999771118164,0
2024-11-14,5.489999771118164,5.489999771118164,5.489999771118164,5.489999771118164,5.489999771118164,0
2024-11-15,5.489999771118164,5.489999771118164,5.489999771118164,5.489999771118164,5.489999771118164,0
2024-11-18,5.489999771118164,5.489999771118164,5.489999771118164,5.489999771118164,5.489999771118164,0
2024-11-19,5.489999771118164,5.489999771118164,5.489999771118164,5.489999771118164,5.489999771118164,0
2024-11-20,5.489999771118164,5.489999771118164,5.489999771118164,5.489999771118164,5.489999771118164,0
2024-11-21,5.489999771118164,5.489999771118164,5.489999771118164,5.489999771118164,5.489999771118164,0
2024-11-22,5.489999771118164,5.489999771118164,5.489999771118164,5.489999771118164,5.489999771118164,0
2024-11-25,5.489999771118164,5.489999771118164,5.489999771118164,5.489999771118164,5.489999771118164,0
2024-11-26,5.489999771118164,5.489999771118164,5.489999771118164,5.489999771118164,5.489999771118164,0
2024-11-27,5.489999771118164,5.489999771118164,5.489999771118164,5.489999771118164,5.489999771118164,0
2024-11-29,5.489999771118164,5.489999771118164,5.489999771118164,5.489999771118164,5.489999771118164,0
2024-12-02,5.489999771118164,5.489999771118164,5.489999771118164,5.489999771118164,5.489999771118164,0
2024-12-03,5.489999771118164,5.489999771118164,5.489999771118164,5.489999771118164,5.489999771118164,0
2024-12-04,5.489999771118164,5.489999771118164,5.489999771118164,5.489999771118164,5.489999771118164,0
2024-12-05,5.489999771118164,5.489999771118164,5.489999771118164,5.489999771118164,5.489999771118164,0
2024-12-06,5.489999771118164,5.489999771118164,5.489999771118164,5.489999771118164,5.489999771118164,0
2024-12-09,5.489999771118164,5.489999771118164,5.489999771118164,5.489999771118164,5.489999771118164,0
2024-12-10,5.489999771118164,5.489999771118164,5.489999771118164,5.489999771118164,5.489999771118164,0
2024-12-11,5.159900188446045,5.159900188446045,5.159900188446045,5.159900188446045,5.159900188446045,248
2024-12-12,5.159900188446045,5.159900188446045,5.159900188446045,5.159900188446045,5.159900188446045,0
2024-12-13,5.75,5.75,5.75,5.75,5.75,100
2024-12-16,5.75,5.75,5.75,5.75,5.75,0
2024-12-17,5.75,5.75,5.75,5.75,5.75,0
2024-12-18,6.050000190734863,6.050000190734863,6.050000190734863,6.050000190734863,6.050000190734863,100
2024-12-19,6.050000190734863,6.050000190734863,6.050000190734863,6.050000190734863,6.050000190734863,0
2024-12-20,6.050000190734863,6.050000190734863,6.050000190734863,6.050000190734863,6.050000190734863,0
2024-12-23,6.050000190734863,6.050000190734863,6.050000190734863,6.050000190734863,6.050000190734863,0
2024-12-24,6.050000190734863,6.050000190734863,6.050000190734863,6.050000190734863,6.050000190734863,0
2024-12-26,6.050000190734863,6.050000190734863,6.050000190734863,6.050000190734863,6.050000190734863,0
2024-12-27,6.25,6.25,6.25,6.25,6.25,100
2024-12-30,6.25,6.25,6.25,6.25,6.25,0
2024-12-31,6.25,6.25,6.25,6.25,6.25,0
2025-01-02,6.25,6.25,6.25,6.25,6.25,0
2025-01-03,6.25,6.25,6.25,6.25,6.25,0
2025-01-06,6.25,6.25,6.25,6.25,6.25,0
2025-01-07,6.489999771118164,6.489999771118164,6.489999771118164,6.489999771118164,6.489999771118164,100
2025-01-08,6.489999771118164,6.489999771118164,6.489999771118164,6.489999771118164,6.489999771118164,0
2025-01-10,6.489999771118164,6.489999771118164,6.489999771118164,6.489999771118164,6.489999771118164,0
2025-01-13,6.489999771118164,6.489999771118164,6.489999771118164,6.489999771118164,6.489999771118164,0
2025-01-14,6.489999771118164,6.489999771118164,6.489999771118164,6.489999771118164,6.489999771118164,0
2025-01-15,6.489999771118164,6.489999771118164,6.489999771118164,6.489999771118164,6.489999771118164,0
2025-01-16,6.489999771118164,6.489999771118164,6.489999771118164,6.489999771118164,6.489999771118164,0
2025-01-17,6.489999771118164,6.489999771118164,6.489999771118164,6.489999771118164,6.489999771118164,0
2025-01-21,6.489999771118164,6.489999771118164,6.489999771118164,6.489999771118164,6.489999771118164,0
2025-01-22,6.489999771118164,6.489999771118164,6.489999771118164,6.489999771118164,6.489999771118164,0
2025-01-23,6.489999771118164,6.489999771118164,6.489999771118164,6.489999771118164,6.489999771118164,0
2025-01-24,6.489999771118164,6.489999771118164,6.489999771118164,6.489999771118164,6.489999771118164,0
2025-01-27,6.489999771118164,6.489999771118164,6.489999771118164,6.489999771118164,6.489999771118164,0
2025-01-28,6.489999771118164,6.489999771118164,6.489999771118164,6.489999771118164,6.489999771118164,0
2025-01-29,6.489999771118164,6.489999771118164,6.489999771118164,6.489999771118164,6.489999771118164,0
2025-01-30,6.489999771118164,6.489999771118164,6.489999771118164,6.489999771118164,6.489999771118164,0
2025-01-31,6.489999771118164,6.489999771118164,6.489999771118164,6.489999771118164,6.489999771118164,0
2025-02-03,6.489999771118164,6.489999771118164,6.489999771118164,6.489999771118164,6.489999771118164,0
2025-02-04,6.489999771118164,6.489999771118164,6.489999771118164,6.489999771118164,6.489999771118164,0
2025-02-05,6.489999771118164,6.489999771118164,6.489999771118164,6.489999771118164,6.489999771118164,0
2025-02-06,6.25,6.25,6.25,6.25,6.25,500
2025-02-07,6.25,6.25,6.25,6.25,6.25,200
2025-02-10,6.25,6.25,6.25,6.25,6.25,101
2025-02-11,6.25,6.25,6.25,6.25,6.25,0
2025-02-12,6.300000190734863,6.300000190734863,5.925000190734863,6.300000190734863,6.300000190734863,1080
2025-02-13,6.099999904632568,6.099999904632568,6.099999904632568,6.099999904632568,6.099999904632568,150
2025-02-14,6.099999904632568,6.099999904632568,6.099999904632568,6.099999904632568,6.099999904632568,300
2025-02-18,6.099999904632568,6.099999904632568,6.099999904632568,6.099999904632568,6.099999904632568,520
2025-02-19,6.099999904632568,6.099999904632568,6.099999904632568,6.099999904632568,6.099999904632568,100
2025-02-20,6.214000225067139,6.214000225067139,6.214000225067139,6.214000225067139,6.214000225067139,600
2025-02-21,6.214000225067139,6.214000225067139,6.214000225067139,6.214000225067139,6.214000225067139,0
2025-02-24,6.25,6.25,6.25,6.25,6.25,625
2025-02-25,6.25,6.25,6.25,6.25,6.25,0
2025-02-26,6.25,6.25,6.25,6.25,6.25,0
2025-02-27,6.25,6.25,6.25,6.25,6.25,0
2025-02-28,6.25,6.25,6.25,6.25,6.25,0
2025-03-03,6.25,6.25,6.25,6.25,6.25,0
2025-03-04,6.25,6.25,6.25,6.25,6.25,0
2025-03-05,6.25,6.25,6.25,6.25,6.25,0
2025-03-06,6.25,6.25,6.25,6.25,6.25,0
2025-03-07,6.25,6.25,6.25,6.25,6.25,0
2025-03-10,6.25,6.25,6.25,6.25,6.25,0
2025-03-11,6.25,6.25,6.25,6.25,6.25,0
2025-03-12,6.25,6.25,6.25,6.25,6.25,0
2025-03-13,6.25,6.25,6.25,6.25,6.25,0
2025-03-14,6.25,6.25,6.25,6.25,6.25,0
2025-03-17,6.25,6.25,6.25,6.25,6.25,0
2025-03-18,6.25,6.25,6.25,6.25,6.25,0
2025-03-19,6.25,6.25,6.25,6.25,6.25,0
2025-03-20,6.25,6.25,6.25,6.25,6.25,0
2025-03-21,6.25,6.25,6.25,6.25,6.25,0
2025-03-24,6.25,6.25,6.25,6.25,6.25,0
2025-03-25,6.25,6.25,6.25,6.25,6.25,0
2025-03-26,6.25,6.25,6.25,6.25,6.25,0
2025-03-27,6.25,6.25,6.25,6.25,6.25,0
2025-03-28,6.25,6.25,6.25,6.25,6.25,0
2025-03-31,6.25,6.25,6.25,6.25,6.25,0
2025-04-01,6.25,6.25,6.25,6.25,6.25,0
2025-04-02,6.25,6.25,6.25,6.25,6.25,0
2025-04-03,6.25,6.25,6.25,6.25,6.25,0
2025-04-04,6.25,6.25,6.25,6.25,6.25,0
2025-04-07,6.25,6.25,6.25,6.25,6.25,0
2025-04-08,6.25,6.25,6.25,6.25,6.25,0
2025-04-09,6.25,6.25,6.25,6.25,6.25,0
2025-04-10,6.25,6.25,6.25,6.25,6.25,0
2025-04-11,6.25,6.25,6.25,6.25,6.25,0
2025-04-14,6.25,6.25,6.25,6.25,6.25,0
2025-04-15,6.25,6.25,6.25,6.25,6.25,0
2025-04-16,6.25,6.25,6.25,6.25,6.25,0
2025-04-17,6.25,6.25,6.25,6.25,6.25,0
2025-04-21,6.25,6.25,6.25,6.25,6.25,0
2025-04-22,6.25,6.25,6.25,6.25,6.25,0
2025-04-23,6.25,6.25,6.25,6.25,6.25,0
2025-04-24,6.25,6.25,6.25,6.25,6.25,0
2025-04-25,6.25,6.25,6.25,6.25,6.25,0
2025-04-28,6.25,6.25,6.25,6.25,6.25,0
2025-04-29,6.25,6.25,6.25,6.25,6.25,0
2025-04-30,6.25,6.25,6.25,6.25,6.25,0
2025-05-01,6.25,6.25,6.25,6.25,6.25,0
2025-05-02,6.25,6.25,6.25,6.25,6.25,0
2025-05-05,6.25,6.25,6.25,6.25,6.25,0
2025-05-06,6.25,6.25,6.25,6.25,6.25,0
2025-05-07,6.25,6.25,6.25,6.25,6.25,0
2025-05-08,6.25,6.25,6.25,6.25,6.25,0
2025-05-09,6.25,6.25,6.25,6.25,6.25,0
2025-05-12,5.210000038146973,5.210000038146973,5.0,5.0,5.0,200
2025-05-13,6.0625,6.099999904632568,6.0625,6.099999904632568,6.099999904632568,200
2025-05-14,6.099999904632568,6.099999904632568,6.099999904632568,6.099999904632568,6.099999904632568,0
2025-05-15,6.099999904632568,6.099999904632568,6.099999904632568,6.099999904632568,6.099999904632568,0
2025-05-16,6.25,6.25,6.25,6.25,6.25,179
2025-05-19,6.25,6.25,6.25,6.25,6.25,0
2025-05-20,6.25,6.25,6.25,6.25,6.25,0
2025-05-21,6.25,6.25,6.25,6.25,6.25,0
2025-05-22,6.25,6.25,6.25,6.25,6.25,0
2025-05-23,6.25,6.25,6.25,6.25,6.25,0
2025-05-27,6.25,6.25,6.25,6.25,6.25,0
2025-05-28,6.25,6.25,6.25,6.25,6.25,100
2025-05-29,6.25,6.25,6.25,6.25,6.25,0
2025-05-30,6.25,6.25,6.25,6.25,6.25,0
2025-06-02,6.25,6.25,6.25,6.25,6.25,0
2025-06-03,6.25,6.25,6.25,6.25,6.25,0
2025-06-04,6.25,6.25,6.25,6.25,6.25,0
2025-06-05,6.25,6.25,6.25,6.25,6.25,0
2025-06-06,6.25,6.25,6.25,6.25,6.25,0
2025-06-09,6.25,6.25,6.25,6.25,6.25,0
2025-06-10,6.25,6.25,6.25,6.25,6.25,0
2025-06-11,6.25,6.25,6.25,6.25,6.25,0
2025-06-12,6.25,6.25,6.25,6.25,6.25,0
2025-06-13,6.25,6.25,6.25,6.25,6.25,0
2025-06-16,6.25,6.25,6.25,6.25,6.25,0
2025-06-17,6.25,6.25,6.25,6.25,6.25,0
2025-06-18,6.25,6.25,6.25,6.25,6.25,0
2025-06-20,6.25,6.25,6.25,6.25,6.25,0
2025-06-23,6.25,6.25,6.25,6.25,6.25,0
2025-06-24,6.25,6.25,6.25,6.25,6.25,0
2025-06-25,6.25,6.25,6.25,6.25,6.25,0
2025-06-26,6.25,6.25,6.25,6.25,6.25,0
2025-06-27,6.25,6.25,6.25,6.25,6.25,0
2025-06-30,6.25,6.25,6.25,6.25,6.25,0
2025-07-01,6.25,6.25,6.25,6.25,6.25,0
2025-07-02,6.25,6.25,6.25,6.25,6.25,0
2025-07-03,6.25,6.25,6.25,6.25,6.25,0
2025-07-07,6.25,6.25,6.25,6.25,6.25,0
2025-07-08,6.25,6.25,6.25,6.25,6.25,0
2025-07-09,6.25,6.25,6.25,6.25,6.25,0
2025-07-10,6.25,6.25,6.25,6.25,6.25,0
2025-07-11,6.25,6.25,6.25,6.25,6.25,0
2025-07-14,6.25,6.25,6.25,6.25,6.25,0
2025-07-15,6.25,6.25,6.25,6.25,6.25,0
2025-07-16,6.25,6.25,6.25,6.25,6.25,0
2025-07-17,6.25,6.25,6.25,6.25,6.25,0
2025-07-18,6.25,6.25,6.25,6.25,6.25,0
2025-07-21,6.25,6.25,6.25,6.25,6.25,0
2025-07-22,6.25,6.25,6.25,6.25,6.25,0
2025-07-23,6.25,6.25,6.25,6.25,6.25,0
2025-07-24,6.25,6.25,6.25,6.25,6.25,0
2025-07-25,6.25,6.25,6.25,6.25,6.25,0
2025-07-28,6.25,6.25,6.25,6.25,6.25,0
2025-07-29,6.25,6.25,6.25,6.25,6.25,0
2025-07-30,6.25,6.25,6.25,6.25,6.25,0
2025-07-31,6.25,6.25,6.25,6.25,6.25,0
2025-08-01,6.25,6.25,6.25,6.25,6.25,0
2025-08-04,6.25,6.25,6.25,6.25,6.25,0
2025-08-05,5.949999809265137,5.949999809265137,5.949999809265137,5.949999809265137,5.949999809265137,200
2025-08-06,5.949999809265137,5.949999809265137,5.949999809265137,5.949999809265137,5.949999809265137,0
2025-08-07,5.949999809265137,5.949999809265137,5.949999809265137,5.949999809265137,5.949999809265137,0
2025-08-08,5.949999809265137,5.949999809265137,5.949999809265137,5.949999809265137,5.949999809265137,0
2025-08-11,5.949999809265137,5.949999809265137,5.949999809265137,5.949999809265137,5.949999809265137,0
2025-08-12,5.949999809265137,5.949999809265137,5.949999809265137,5.949999809265137,5.949999809265137,0
2025-08-13,5.949999809265137,5.949999809265137,5.949999809265137,5.949999809265137,5.949999809265137,0
2025-08-14,5.949999809265137,5.949999809265137,5.949999809265137,5.949999809265137,5.949999809265137,0
2025-08-15,5.949999809265137,5.949999809265137,5.949999809265137,5.949999809265137,5.949999809265137,0
2025-08-18,5.949999809265137,5.949999809265137,5.949999809265137,5.949999809265137,5.949999809265137,0
2025-08-19,5.949999809265137,5.949999809265137,5.949999809265137,5.949999809265137,5.949999809265137,0
2025-08-20,5.949999809265137,5.949999809265137,5.949999809265137,5.949999809265137,5.949999809265137,0
2025-08-21,5.949999809265137,5.949999809265137,5.949999809265137,5.949999809265137,5.949999809265137,0
2025-08-22,5.949999809265137,5.949999809265137,5.949999809265137,5.949999809265137,5.949999809265137,0
2025-08-25,5.949999809265137,5.949999809265137,5.949999809265137,5.949999809265137,5.949999809265137,0
2025-08-26,5.949999809265137,5.949999809265137,5.949999809265137,5.949999809265137,5.949999809265137,0
2025-08-27,5.949999809265137,5.949999809265137,5.949999809265137,5.949999809265137,5.949999809265137,0
2025-08-28,5.949999809265137,5.949999809265137,5.949999809265137,5.949999809265137,5.949999809265137,0
2025-08-29,5.949999809265137,5.949999809265137,5.949999809265137,5.949999809265137,5.949999809265137,0
2025-09-02,5.949999809265137,5.949999809265137,5.949999809265137,5.949999809265137,5.949999809265137,0
2025-09-03,5.949999809265137,5.949999809265137,5.949999809265137,5.949999809265137,5.949999809265137,0
2025-09-04,5.949999809265137,5.949999809265137,5.949999809265137,5.949999809265137,5.949999809265137,0
2025-09-05,5.949999809265137,5.949999809265137,5.949999809265137,5.949999809265137,5.949999809265137,0
2025-09-08,5.949999809265137,5.949999809265137,5.949999809265137,5.949999809265137,5.949999809265137,0
2025-09-09,5.949999809265137,5.949999809265137,5.949999809265137,5.949999809265137,5.949999809265137,0
2025-09-10,5.059999942779541,5.059999942779541,5.059999942779541,5.059999942779541,5.059999942779541,100
2025-09-11,4.900000095367432,4.900000095367432,4.900000095367432,4.900000095367432,4.900000095367432,127
2025-09-12,4.900000095367432,4.900000095367432,4.900000095367432,4.900000095367432,4.900000095367432,0
2025-09-15,4.900000095367432,4.900000095367432,4.900000095367432,4.900000095367432,4.900000095367432,0
2025-09-16,4.900000095367432,4.900000095367432,4.900000095367432,4.900000095367432,4.900000095367432,0
2025-09-17,4.900000095367432,4.900000095367432,4.900000095367432,4.900000095367432,4.900000095367432,0
2025-09-18,4.900000095367432,4.900000095367432,4.900000095367432,4.900000095367432,4.900000095367432,0
2025-09-19,4.900000095367432,4.900000095367432,4.900000095367432,4.900000095367432,4.900000095367432,0
2025-09-22,4.900000095367432,4.900000095367432,4.900000095367432,4.900000095367432,4.900000095367432,0
2025-09-23,4.900000095367432,4.900000095367432,4.900000095367432,4.900000095367432,4.900000095367432,0
2025-09-24,4.900000095367432,4.900000095367432,4.900000095367432,4.900000095367432,4.900000095367432,0
2025-09-25,4.900000095367432,4.900000095367432,4.900000095367432,4.900000095367432,4.900000095367432,0
2025-09-26,5.960000038146973,5.960000038146973,5.960000038146973,5.960000038146973,5.960000038146973,100
2025-09-29,5.960000038146973,5.960000038146973,5.960000038146973,5.960000038146973,5.960000038146973,0
2025-09-30,5.960000038146973,5.960000038146973,5.960000038146973,5.960000038146973,5.960000038146973,0
2025-10-01,5.960000038146973,5.960000038146973,5.960000038146973,5.960000038146973,5.960000038146973,0
2025-10-02,4.900000095367432,4.900000095367432,4.900000095367432,4.900000095367432,4.900000095367432,100
2025-10-03,6.0,6.0,6.0,6.0,6.0,100
2025-10-06,6.0,6.0,6.0,6.0,6.0,0
2025-10-07,6.25,6.25,6.25,6.25,6.25,201
2025-10-08,6.25,6.25,6.25,6.25,6.25,0
2025-10-09,6.25,6.5,6.25,6.5,6.5,601
2025-10-10,6.900000095367432,7.050000190734863,6.900000095367432,7.050000190734863,7.050000190734863,783
2025-10-13,7.019999980926514,7.019999980926514,7.019999980926514,7.019999980926514,7.019999980926514,700
2025-10-14,7.019999980926514,7.019999980926514,7.019999980926514,7.019999980926514,7.019999980926514,0
2025-10-15,7.050000190734863,7.050000190734863,7.050000190734863,7.050000190734863,7.050000190734863,700
2025-10-16,7.260000228881836,7.449999809265137,7.25,7.449999809265137,7.449999809265137,2000
2025-10-17,7.5,7.5,7.5,7.5,7.5,500
2025-10-20,7.550000190734863,7.550000190734863,7.550000190734863,7.550000190734863,7.550000190734863,200
2025-10-21,7.550000190734863,7.599999904632568,7.550000190734863,7.599999904632568,7.599999904632568,712
2025-10-22,7.599999904632568,7.599999904632568,7.599999904632568,7.599999904632568,7.599999904632568,0
2025-10-23,7.599999904632568,7.599999904632568,7.599999904632568,7.599999904632568,7.599999904632568,1000
2025-10-24,7.566999912261963,9.119999885559082,7.566999912261963,9.119999885559082,9.119999885559082,950
2025-10-27,8.09000015258789,8.199999809265137,8.0,8.199999809265137,8.199999809265137,1455
2025-10-28,8.199999809265137,8.199999809265137,8.199999809265137,8.199999809265137,8.199999809265137,0
2025-10-29,8.1899995803833,8.300000190734863,8.1899995803833,8.300000190734863,8.300000190734863,750
2025-10-30,8.300000190734863,8.300000190734863,8.300000190734863,8.300000190734863,8.300000190734863,100
2025-10-31,8.300000190734863,8.5,8.100000381469727,8.5,8.5,1564
2025-11-03,8.569999694824219,8.569999694824219,8.569999694824219,8.569999694824219,8.569999694824219,700
2025-11-04,8.600000381469727,8.699999809265137,8.600000381469727,8.699999809265137,8.699999809265137,1400
2025-11-05,8.699999809265137,8.699999809265137,8.699999809265137,8.699999809265137,8.699999809265137,0
2025-11-06,8.800000190734863,8.800000190734863,8.800000190734863,8.800000190734863,8.800000190734863,377
2025-11-07,21.0,21.0,20.0,21.0,21.0,872
2025-11-10,21.0,21.0,21.0,21.0,21.0,0
2025-11-11,19.5,19.5,19.5,19.5,19.5,120
2025-11-12,9.989999771118164,11.0,7.729899883270264,9.989999771118164,9.989999771118164,930
2025-11-13,9.0,9.0,9.0,9.0,9.0,300
2025-11-14,9.0600004196167,9.09000015258789,9.050000190734863,9.050000190734863,9.050000190734863,478
2025-11-17,8.75,8.75,8.75,8.75,8.75,200
2025-11-18,8.668000221252441,8.668000221252441,8.668000221252441,8.668000221252441,8.668000221252441,112
2025-11-19,8.5,8.668000221252441,8.5,8.668000221252441,8.668000221252441,220
2025-11-20,8.668000221252441,8.668000221252441,8.668000221252441,8.668000221252441,8.668000221252441,0
2025-11-21,8.100000381469727,8.100000381469727,8.100000381469727,8.100000381469727,8.100000381469727,300
2025-11-24,8.100000381469727,8.100000381469727,8.100000381469727,8.100000381469727,8.100000381469727,0
2025-11-25,7.289999961853027,7.289999961853027,7.239999771118164,7.239999771118164,7.239999771118164,700
2025-11-26,7.239999771118164,7.239999771118164,7.239999771118164,7.239999771118164,7.239999771118164,0
2025-11-28,7.199999809265137,7.199999809265137,7.199999809265137,7.199999809265137,7.199999809265137,200
2025-12-01,8.0,8.0,8.0,8.0,8.0,176
2025-12-02,8.088000297546387,8.100000381469727,8.088000297546387,8.100000381469727,8.100000381469727,1200
2025-12-03,8.100000381469727,8.100000381469727,8.100000381469727,8.100000381469727,8.100000381469727,0
2025-12-04,8.100000381469727,8.100000381469727,8.100000381469727,8.100000381469727,8.100000381469727,0
2025-12-05,9.0,9.0,9.0,9.0,9.0,200
2025-12-08,9.0,9.0,9.0,9.0,9.0,0
2025-12-09,8.489999771118164,8.489999771118164,8.375,8.375,8.375,202
2025-12-10,8.375,8.375,8.375,8.375,8.375,0
2025-12-11,8.25,8.5,8.25,8.5,8.5,900
2025-12-12,8.149999618530273,8.149999618530273,8.100000381469727,8.100000381469727,8.100000381469727,789
2025-12-15,8.100000381469727,8.100000381469727,8.100000381469727,8.100000381469727,8.100000381469727,0
2025-12-16,8.100000381469727,8.100000381469727,8.100000381469727,8.100000381469727,8.100000381469727,0
2025-12-17,8.100000381469727,8.100000381469727,8.100000381469727,8.100000381469727,8.100000381469727,0
2025-12-18,8.100000381469727,8.100000381469727,8.100000381469727,8.100000381469727,8.100000381469727,0
2025-12-19,8.100000381469727,8.100000381469727,8.100000381469727,8.100000381469727,8.100000381469727,0
2025-12-22,8.100000381469727,8.100000381469727,8.100000381469727,8.100000381469727,8.100000381469727,0
2025-12-23,8.25,8.25,8.215499877929688,8.215499877929688,8.215499877929688,400
2025-12-24,8.215499877929688,8.215499877929688,8.215499877929688,8.215499877929688,8.215499877929688,0
2025-12-26,8.215499877929688,8.215499877929688,8.215499877929688,8.215499877929688,8.215499877929688,0
2025-12-29,8.215499877929688,8.215499877929688,8.215499877929688,8.215499877929688,8.215499877929688,0
2025-12-30,8.215499877929688,8.215499877929688,8.215499877929688,8.215499877929688,8.215499877929688,0
