date,open,high,low,close,adj_close,volume
,HGTY,HGTY,HGTY,HGTY,HGTY,HGTY
2021-06-01,9.949999809265137,9.949999809265137,9.75,9.75,9.75,38600
2021-06-02,9.760000228881836,9.760000228881836,9.739999771118164,9.75,9.75,52100
2021-06-03,9.760000228881836,9.8100004196167,9.760000228881836,9.760000228881836,9.760000228881836,25200
2021-06-04,9.770000457763672,9.800000190734863,9.770000457763672,9.770000457763672,9.770000457763672,1100
2021-06-07,9.760000228881836,9.770000457763672,9.760000228881836,9.760000228881836,9.760000228881836,22200
2021-06-08,9.760000228881836,9.800000190734863,9.760000228881836,9.800000190734863,9.800000190734863,600
2021-06-09,9.75,9.800000190734863,9.75,9.800000190734863,9.800000190734863,200
2021-06-10,9.789999961853027,9.789999961853027,9.779999732971191,9.779999732971191,9.779999732971191,43100
2021-06-11,9.789999961853027,9.8100004196167,9.779999732971191,9.8100004196167,9.8100004196167,13800
2021-06-14,9.8100004196167,9.8100004196167,9.800000190734863,9.800000190734863,9.800000190734863,14500
2021-06-15,9.8100004196167,9.8100004196167,9.800000190734863,9.800000190734863,9.800000190734863,5300
2021-06-16,9.8100004196167,9.869999885559082,9.8100004196167,9.869999885559082,9.869999885559082,1700
2021-06-17,9.779999732971191,9.779999732971191,9.770000457763672,9.770000457763672,9.770000457763672,12000
2021-06-18,9.609999656677246,9.779999732971191,9.609999656677246,9.779999732971191,9.779999732971191,600
2021-06-21,9.800000190734863,9.800000190734863,9.800000190734863,9.800000190734863,9.800000190734863,100
2021-06-22,9.800000190734863,9.800000190734863,9.739999771118164,9.800000190734863,9.800000190734863,28700
2021-06-23,9.739999771118164,9.869999885559082,9.729999542236328,9.869999885559082,9.869999885559082,22100
2021-06-24,9.850000381469727,9.850000381469727,9.850000381469727,9.850000381469727,9.850000381469727,400
2021-06-25,9.829999923706055,9.829999923706055,9.829999923706055,9.829999923706055,9.829999923706055,300
2021-06-28,9.8100004196167,9.8100004196167,9.800000190734863,9.800000190734863,9.800000190734863,16100
2021-06-29,9.8100004196167,9.850000381469727,9.8100004196167,9.850000381469727,9.850000381469727,7600
2021-06-30,9.829999923706055,9.850000381469727,9.829999923706055,9.850000381469727,9.850000381469727,3100
2021-07-01,9.850000381469727,9.850000381469727,9.850000381469727,9.850000381469727,9.850000381469727,0
2021-07-02,9.850000381469727,9.850000381469727,9.850000381469727,9.850000381469727,9.850000381469727,1000
2021-07-06,9.8100004196167,9.8100004196167,9.8100004196167,9.8100004196167,9.8100004196167,7200
2021-07-07,9.8100004196167,9.8100004196167,9.8100004196167,9.8100004196167,9.8100004196167,0
2021-07-08,9.8100004196167,9.8100004196167,9.8100004196167,9.8100004196167,9.8100004196167,0
2021-07-09,9.8100004196167,9.8100004196167,9.8100004196167,9.8100004196167,9.8100004196167,0
2021-07-12,9.8100004196167,9.8100004196167,9.8100004196167,9.8100004196167,9.8100004196167,0
2021-07-13,9.819999694824219,9.819999694824219,9.777999877929688,9.805999755859375,9.805999755859375,2800
2021-07-14,9.805999755859375,9.805999755859375,9.805999755859375,9.805999755859375,9.805999755859375,0
2021-07-15,9.805999755859375,9.805999755859375,9.805999755859375,9.805999755859375,9.805999755859375,0
2021-07-16,9.789999961853027,9.789999961853027,9.75,9.75,9.75,3700
2021-07-19,9.800000190734863,9.829999923706055,9.699999809265137,9.699999809265137,9.699999809265137,97900
2021-07-20,9.699999809265137,9.739999771118164,9.65999984741211,9.739999771118164,9.739999771118164,84200
2021-07-21,9.800000190734863,9.800000190734863,9.774999618530273,9.774999618530273,9.774999618530273,18500
2021-07-22,9.78499984741211,9.819999694824219,9.779999732971191,9.819999694824219,9.819999694824219,15600
2021-07-23,9.819999694824219,9.84000015258789,9.8100004196167,9.829999923706055,9.829999923706055,5100
2021-07-26,9.84000015258789,9.84000015258789,9.739999771118164,9.75,9.75,41200
2021-07-27,9.789999961853027,9.789999961853027,9.770000457763672,9.789999961853027,9.789999961853027,14300
2021-07-28,9.770000457763672,9.770000457763672,9.770000457763672,9.770000457763672,9.770000457763672,49900
2021-07-29,9.739999771118164,9.739999771118164,9.739999771118164,9.739999771118164,9.739999771118164,6100
2021-07-30,9.739999771118164,9.739999771118164,9.670000076293945,9.680000305175781,9.680000305175781,73900
2021-08-02,9.720000267028809,9.720000267028809,9.699999809265137,9.699999809265137,9.699999809265137,4500
2021-08-03,9.699999809265137,9.75,9.699999809265137,9.75,9.75,600
2021-08-04,9.699999809265137,9.930000305175781,9.699999809265137,9.890000343322754,9.890000343322754,44400
2021-08-05,9.859999656677246,9.899999618530273,9.859999656677246,9.899999618530273,9.899999618530273,50700
2021-08-06,9.850000381469727,9.850000381469727,9.819999694824219,9.84000015258789,9.84000015258789,2900
2021-08-09,9.789999961853027,9.789999961853027,9.789999961853027,9.789999961853027,9.789999961853027,1100
2021-08-10,9.800000190734863,9.84000015258789,9.800000190734863,9.84000015258789,9.84000015258789,900
2021-08-11,9.789999961853027,9.829999923706055,9.699999809265137,9.720000267028809,9.720000267028809,9800
2021-08-12,9.710000038146973,9.720000267028809,9.710000038146973,9.718000411987305,9.718000411987305,600
2021-08-13,9.699999809265137,9.720000267028809,9.6899995803833,9.6899995803833,9.6899995803833,7900
2021-08-16,9.680000305175781,9.699999809265137,9.670000076293945,9.699999809265137,9.699999809265137,28500
2021-08-17,9.699999809265137,9.75,9.699999809265137,9.75,9.75,1900
2021-08-18,9.920000076293945,10.0,9.920000076293945,9.989999771118164,9.989999771118164,2294100
2021-08-19,10.0,10.0,9.949999809265137,9.970000267028809,9.970000267028809,214600
2021-08-20,10.079999923706055,10.079999923706055,9.949999809265137,10.029999732971191,10.029999732971191,299900
2021-08-23,10.09000015258789,10.09000015258789,9.989999771118164,10.0,10.0,169700
2021-08-24,10.050000190734863,10.0600004196167,9.949999809265137,9.949999809265137,9.949999809265137,133200
2021-08-25,10.029999732971191,10.029999732971191,9.949999809265137,10.0,10.0,285200
2021-08-26,10.050000190734863,10.050000190734863,9.970000267028809,10.010000228881836,10.010000228881836,70500
2021-08-27,9.979999542236328,10.050000190734863,9.979999542236328,10.020000457763672,10.020000457763672,130600
2021-08-30,10.050000190734863,10.050000190734863,10.010000228881836,10.020000457763672,10.020000457763672,59900
2021-08-31,10.020000457763672,10.039999961853027,10.0,10.029999732971191,10.029999732971191,45400
2021-09-01,10.010000228881836,10.050000190734863,10.010000228881836,10.050000190734863,10.050000190734863,32100
2021-09-02,10.020000457763672,10.055000305175781,10.0,10.029999732971191,10.029999732971191,163300
2021-09-03,10.069999694824219,10.069999694824219,9.989999771118164,10.039999961853027,10.039999961853027,48100
2021-09-07,10.079999923706055,10.079999923706055,10.020000457763672,10.039999961853027,10.039999961853027,33700
2021-09-08,10.069999694824219,10.100000381469727,10.038999557495117,10.069999694824219,10.069999694824219,96600
2021-09-09,10.0600004196167,10.069999694824219,10.041999816894531,10.0600004196167,10.0600004196167,4800
2021-09-10,10.109999656677246,10.109999656677246,10.039999961853027,10.0600004196167,10.0600004196167,17000
2021-09-13,10.069999694824219,10.100000381469727,10.050000190734863,10.085000038146973,10.085000038146973,377400
2021-09-14,10.079999923706055,10.100000381469727,10.079999923706055,10.09000015258789,10.09000015258789,105600
2021-09-15,10.130000114440918,10.130000114440918,10.0600004196167,10.079999923706055,10.079999923706055,6300
2021-09-16,10.079999923706055,10.09000015258789,10.069999694824219,10.069999694824219,10.069999694824219,170000
2021-09-17,10.09000015258789,10.130000114440918,10.09000015258789,10.09000015258789,10.09000015258789,37500
2021-09-20,10.119999885559082,10.119999885559082,10.0600004196167,10.09000015258789,10.09000015258789,234300
2021-09-21,10.079999923706055,10.100000381469727,10.079999923706055,10.09000015258789,10.09000015258789,329900
2021-09-22,10.100000381469727,10.100000381469727,10.062000274658203,10.079999923706055,10.079999923706055,122400
2021-09-23,10.0600004196167,10.079999923706055,10.0600004196167,10.079999923706055,10.079999923706055,93300
2021-09-24,10.069999694824219,10.100000381469727,10.0600004196167,10.079999923706055,10.079999923706055,88700
2021-09-27,10.09000015258789,10.09000015258789,10.0600004196167,10.0600004196167,10.0600004196167,98900
2021-09-28,10.069999694824219,10.079999923706055,10.039999961853027,10.079999923706055,10.079999923706055,91700
2021-09-29,10.050000190734863,10.100000381469727,10.039999961853027,10.0600004196167,10.0600004196167,12400
2021-09-30,10.039999961853027,10.100000381469727,10.039999961853027,10.09000015258789,10.09000015258789,29000
2021-10-01,10.081999778747559,10.09000015258789,10.039999961853027,10.09000015258789,10.09000015258789,11900
2021-10-04,10.039999961853027,10.100000381469727,10.039999961853027,10.09000015258789,10.09000015258789,15600
2021-10-05,10.100000381469727,10.100000381469727,10.010000228881836,10.020000457763672,10.020000457763672,5300
2021-10-06,10.100000381469727,10.100000381469727,10.0,10.0,10.0,13500
2021-10-07,10.069999694824219,10.09000015258789,10.010000228881836,10.09000015258789,10.09000015258789,132600
2021-10-08,10.09000015258789,10.09000015258789,10.029999732971191,10.0649995803833,10.0649995803833,34700
2021-10-11,10.069999694824219,10.069999694824219,10.015000343322754,10.015000343322754,10.015000343322754,15200
2021-10-12,10.039999961853027,10.069999694824219,10.029999732971191,10.050000190734863,10.050000190734863,15200
2021-10-13,10.039999961853027,10.09000015258789,10.010000228881836,10.09000015258789,10.09000015258789,18100
2021-10-14,10.09000015258789,10.09000015258789,10.020000457763672,10.0600004196167,10.0600004196167,16200
2021-10-15,10.079999923706055,10.079999923706055,10.010000228881836,10.039999961853027,10.039999961853027,32000
2021-10-18,10.039999961853027,10.0600004196167,10.010000228881836,10.020000457763672,10.020000457763672,10300
2021-10-19,10.0600004196167,10.0600004196167,10.03499984741211,10.050000190734863,10.050000190734863,295300
2021-10-20,10.0600004196167,10.0600004196167,10.029999732971191,10.050000190734863,10.050000190734863,17800
2021-10-21,10.045000076293945,10.050000190734863,10.045000076293945,10.050000190734863,10.050000190734863,1700
2021-10-22,10.0600004196167,10.0600004196167,10.029999732971191,10.029999732971191,10.029999732971191,29800
2021-10-25,10.09000015258789,10.09000015258789,10.029999732971191,10.09000015258789,10.09000015258789,3200
2021-10-26,10.09000015258789,10.109999656677246,10.050000190734863,10.109999656677246,10.109999656677246,46100
2021-10-27,10.109999656677246,10.319999694824219,10.050000190734863,10.050000190734863,10.050000190734863,38800
2021-10-28,10.050000190734863,10.15999984741211,10.050000190734863,10.050000190734863,10.050000190734863,62200
2021-10-29,10.100000381469727,10.140000343322754,10.0600004196167,10.09000015258789,10.09000015258789,165400
2021-11-01,10.229999542236328,10.229999542236328,10.09000015258789,10.100000381469727,10.100000381469727,169100
2021-11-02,10.449999809265137,10.449999809265137,10.069999694824219,10.09000015258789,10.09000015258789,47800
2021-11-03,10.09000015258789,10.260000228881836,10.085000038146973,10.204999923706055,10.204999923706055,229700
2021-11-04,10.25,10.25,10.199999809265137,10.239999771118164,10.239999771118164,92800
2021-11-05,10.25,10.260000228881836,10.140000343322754,10.1899995803833,10.1899995803833,40000
2021-11-08,10.1899995803833,10.23900032043457,10.149999618530273,10.204999923706055,10.204999923706055,39400
2021-11-09,10.319999694824219,10.319999694824219,10.199999809265137,10.229999542236328,10.229999542236328,13200
2021-11-10,10.239999771118164,10.279999732971191,10.175000190734863,10.199999809265137,10.199999809265137,58100
2021-11-11,10.239999771118164,10.239999771118164,10.140000343322754,10.145000457763672,10.145000457763672,35800
2021-11-12,10.149999618530273,10.178000450134277,10.119999885559082,10.135000228881836,10.135000228881836,7600
2021-11-15,10.15999984741211,10.170000076293945,10.100000381469727,10.170000076293945,10.170000076293945,119200
2021-11-16,10.130000114440918,10.149999618530273,10.109999656677246,10.119999885559082,10.119999885559082,17500
2021-11-17,10.25,10.289999961853027,10.114999771118164,10.149999618530273,10.149999618530273,213000
2021-11-18,10.239999771118164,10.239999771118164,10.114999771118164,10.130000114440918,10.130000114440918,293100
2021-11-19,10.199999809265137,10.199999809265137,10.100000381469727,10.140000343322754,10.140000343322754,357300
2021-11-22,10.079999923706055,10.149999618530273,10.079999923706055,10.09000015258789,10.09000015258789,15300
2021-11-23,10.069999694824219,10.118000030517578,10.069999694824219,10.09000015258789,10.09000015258789,317900
2021-11-24,10.09000015258789,10.104999542236328,10.0600004196167,10.100000381469727,10.100000381469727,215300
2021-11-26,10.100000381469727,10.119999885559082,9.920000076293945,9.979999542236328,9.979999542236328,21900
2021-11-29,10.069999694824219,10.399999618530273,9.774999618530273,10.300000190734863,10.300000190734863,1041700
2021-11-30,10.359999656677246,10.84000015258789,10.109999656677246,10.220000267028809,10.220000267028809,376300
2021-12-01,10.210000038146973,10.359999656677246,10.149999618530273,10.199999809265137,10.199999809265137,39300
2021-12-02,10.220000267028809,11.1899995803833,10.220000267028809,10.65999984741211,10.65999984741211,49600
2021-12-03,11.170000076293945,19.43000030517578,11.010000228881836,15.619999885559082,15.619999885559082,2556200
2021-12-06,16.940000534057617,17.0,15.0,15.199999809265137,15.199999809265137,1234600
2021-12-07,15.380000114440918,16.280000686645508,15.300000190734863,15.789999961853027,15.789999961853027,436600
2021-12-08,15.789999961853027,16.229999542236328,15.699999809265137,15.979999542236328,15.979999542236328,471900
2021-12-09,15.949999809265137,16.399999618530273,15.710000038146973,16.309999465942383,16.309999465942383,177600
2021-12-10,16.639999389648438,19.84000015258789,16.579999923706055,18.559999465942383,18.559999465942383,631700
2021-12-13,19.40999984741211,19.969999313354492,18.6200008392334,18.799999237060547,18.799999237060547,327600
2021-12-14,18.6200008392334,19.700000762939453,16.0,16.780000686645508,16.780000686645508,359500
2021-12-15,17.219999313354492,17.447999954223633,15.137999534606934,16.0,16.0,462100
2021-12-16,16.0,17.56999969482422,15.979999542236328,16.700000762939453,16.700000762939453,354700
2021-12-17,16.809999465942383,16.889999389648438,16.15999984741211,16.399999618530273,16.399999618530273,316000
2021-12-20,16.15999984741211,16.490999221801758,15.34000015258789,15.8100004196167,15.8100004196167,434100
2021-12-21,16.139999389648438,16.139999389648438,15.109999656677246,15.4399995803833,15.4399995803833,442200
2021-12-22,15.050000190734863,15.411999702453613,13.600000381469727,13.819999694824219,13.819999694824219,501500
2021-12-23,14.079999923706055,14.680000305175781,13.510000228881836,13.649999618530273,13.649999618530273,354900
2021-12-27,13.680000305175781,14.210000038146973,13.550000190734863,13.84000015258789,13.84000015258789,215400
2021-12-28,13.579999923706055,13.90999984741211,13.34000015258789,13.40999984741211,13.40999984741211,204200
2021-12-29,13.600000381469727,15.739999771118164,13.399999618530273,14.920000076293945,14.920000076293945,214400
2021-12-30,15.0,15.920000076293945,14.75,15.119999885559082,15.119999885559082,174600
2021-12-31,14.75,15.390000343322754,13.899999618530273,14.180000305175781,14.180000305175781,286700
2022-01-03,14.5,15.375,13.960000038146973,14.449999809265137,14.449999809265137,240400
2022-01-04,14.479999542236328,16.489999771118164,14.289999961853027,16.489999771118164,16.489999771118164,168300
2022-01-05,16.809999465942383,17.229999542236328,16.16200065612793,16.729999542236328,16.729999542236328,210400
2022-01-06,16.850000381469727,17.795000076293945,16.459999084472656,17.649999618530273,17.649999618530273,189400
2022-01-07,17.549999237060547,17.549999237060547,16.540000915527344,16.700000762939453,16.700000762939453,124300
2022-01-10,17.049999237060547,17.950000762939453,16.75,17.1299991607666,17.1299991607666,138000
2022-01-11,16.56999969482422,18.709999084472656,16.56999969482422,17.899999618530273,17.899999618530273,121800
2022-01-12,17.989999771118164,18.5,17.086000442504883,17.280000686645508,17.280000686645508,83300
2022-01-13,17.850000381469727,17.850000381469727,15.539999961853027,16.100000381469727,16.100000381469727,201100
2022-01-14,15.5600004196167,16.200000762939453,14.90999984741211,15.0,15.0,193900
2022-01-18,15.180000305175781,15.210000038146973,14.529999732971191,14.649999618530273,14.649999618530273,151900
2022-01-19,14.65999984741211,15.67199993133545,14.180000305175781,15.479999542236328,15.479999542236328,138200
2022-01-20,15.229999542236328,15.5,14.039999961853027,14.109999656677246,14.109999656677246,255500
2022-01-21,14.0,14.989999771118164,14.0,14.550000190734863,14.550000190734863,153200
2022-01-24,14.289999961853027,14.460000038146973,13.5600004196167,14.0,14.0,198300
2022-01-25,13.920000076293945,14.270000457763672,13.359999656677246,13.869999885559082,13.869999885559082,223100
2022-01-26,13.75,14.770000457763672,13.75,14.270000457763672,14.270000457763672,142100
2022-01-27,14.140000343322754,14.852999687194824,13.710000038146973,13.869999885559082,13.869999885559082,134600
2022-01-28,13.75,15.0,13.510000228881836,14.5,14.5,136400
2022-01-31,14.34000015258789,14.640000343322754,13.899999618530273,14.260000228881836,14.260000228881836,148700
2022-02-01,14.229999542236328,14.850000381469727,13.989999771118164,14.170000076293945,14.170000076293945,115700
2022-02-02,14.180000305175781,14.479999542236328,13.609999656677246,13.630000114440918,13.630000114440918,122000
2022-02-03,13.5,13.90999984741211,13.199999809265137,13.550000190734863,13.550000190734863,129500
2022-02-04,13.350000381469727,14.220000267028809,13.343000411987305,14.119999885559082,14.119999885559082,100200
2022-02-07,14.1899995803833,14.420000076293945,13.4399995803833,13.729999542236328,13.729999542236328,91600
2022-02-08,13.479999542236328,14.0,13.479999542236328,13.59000015258789,13.59000015258789,38500
2022-02-09,13.529999732971191,14.050000190734863,13.529999732971191,13.670000076293945,13.670000076293945,96400
2022-02-10,13.529999732971191,14.199999809265137,13.529999732971191,14.039999961853027,14.039999961853027,128600
2022-02-11,13.920000076293945,13.979999542236328,13.359999656677246,13.65999984741211,13.65999984741211,94600
2022-02-14,13.710000038146973,13.880000114440918,13.350000381469727,13.420000076293945,13.420000076293945,110400
2022-02-15,13.5,13.949999809265137,13.359999656677246,13.930000305175781,13.930000305175781,126200
2022-02-16,13.800000190734863,15.0,13.633999824523926,14.800000190734863,14.800000190734863,190800
2022-02-17,14.479999542236328,14.729999542236328,13.84000015258789,14.15999984741211,14.15999984741211,120900
2022-02-18,14.010000228881836,14.739999771118164,14.010000228881836,14.4399995803833,14.4399995803833,49700
2022-02-22,14.140000343322754,14.579999923706055,14.0,14.520000457763672,14.520000457763672,52100
2022-02-23,14.5,14.569999694824219,13.850000381469727,14.15999984741211,14.15999984741211,192100
2022-02-24,13.680000305175781,14.880000114440918,13.545999526977539,14.5,14.5,114200
2022-02-25,14.729999542236328,15.079999923706055,14.25,15.079999923706055,15.079999923706055,220000
2022-02-28,14.899999618530273,15.581999778747559,14.739999771118164,15.020000457763672,15.020000457763672,117700
2022-03-01,15.050000190734863,15.140000343322754,14.800999641418457,14.989999771118164,14.989999771118164,123100
2022-03-02,15.050000190734863,15.609999656677246,14.75,15.010000228881836,15.010000228881836,193100
2022-03-03,15.09000015258789,15.619999885559082,14.654999732971191,15.4399995803833,15.4399995803833,216100
2022-03-04,15.359999656677246,16.229999542236328,15.0600004196167,15.239999771118164,15.239999771118164,217100
2022-03-07,15.0,15.109999656677246,14.680000305175781,14.729999542236328,14.729999542236328,480900
2022-03-08,14.829999923706055,15.279999732971191,14.526000022888184,14.5600004196167,14.5600004196167,401300
2022-03-09,14.65999984741211,15.25,14.550000190734863,14.569999694824219,14.569999694824219,157800
2022-03-10,14.5,14.550000190734863,13.739999771118164,13.989999771118164,13.989999771118164,290300
2022-03-11,13.970000267028809,14.467000007629395,13.795000076293945,13.880000114440918,13.880000114440918,119200
2022-03-14,13.859999656677246,13.859999656677246,12.779999732971191,13.140000343322754,13.140000343322754,362700
2022-03-15,13.020000457763672,13.350000381469727,12.979999542236328,13.100000381469727,13.100000381469727,224300
2022-03-16,13.199999809265137,13.53499984741211,12.9399995803833,13.199999809265137,13.199999809265137,243000
2022-03-17,13.15999984741211,13.470000267028809,13.079999923706055,13.4399995803833,13.4399995803833,191900
2022-03-18,13.40999984741211,13.640000343322754,12.819999694824219,12.989999771118164,12.989999771118164,1695200
2022-03-21,13.029999732971191,13.550000190734863,12.880000114440918,13.449999809265137,13.449999809265137,191100
2022-03-22,13.34000015258789,13.920000076293945,13.319999694824219,13.920000076293945,13.920000076293945,236700
2022-03-23,13.819999694824219,14.050000190734863,13.5649995803833,13.84000015258789,13.84000015258789,95600
2022-03-24,13.9399995803833,14.208999633789062,13.619999885559082,13.75,13.75,128000
2022-03-25,13.75,13.960000038146973,11.699999809265137,11.979999542236328,11.979999542236328,736200
2022-03-28,12.170000076293945,12.3100004196167,10.800000190734863,11.229999542236328,11.229999542236328,503500
2022-03-29,11.670000076293945,11.859999656677246,11.289999961853027,11.4399995803833,11.4399995803833,445400
2022-03-30,11.350000381469727,11.520000457763672,10.800000190734863,10.819999694824219,10.819999694824219,253800
2022-03-31,10.960000038146973,11.069999694824219,10.359999656677246,10.789999961853027,10.789999961853027,326500
2022-04-01,10.710000038146973,11.0600004196167,10.545000076293945,10.960000038146973,10.960000038146973,139300
2022-04-04,10.960000038146973,11.220000267028809,10.84000015258789,10.899999618530273,10.899999618530273,157700
2022-04-05,10.920000076293945,11.130000114440918,10.670000076293945,11.109999656677246,11.109999656677246,206600
2022-04-06,11.010000228881836,11.050000190734863,10.539999961853027,10.550000190734863,10.550000190734863,179600
2022-04-07,10.609999656677246,10.850000381469727,10.5,10.800000190734863,10.800000190734863,105200
2022-04-08,10.779999732971191,11.039999961853027,10.770000457763672,11.029999732971191,11.029999732971191,179000
2022-04-11,11.029999732971191,11.100000381469727,10.100000381469727,10.3100004196167,10.3100004196167,270800
2022-04-12,10.34000015258789,10.371999740600586,9.800000190734863,10.210000038146973,10.210000038146973,178800
2022-04-13,10.25,10.859999656677246,10.04800033569336,10.859999656677246,10.859999656677246,135200
2022-04-14,10.65999984741211,10.875,10.170000076293945,10.239999771118164,10.239999771118164,187400
2022-04-18,10.300000190734863,10.350000381469727,9.739999771118164,9.970000267028809,9.970000267028809,192900
2022-04-19,9.789999961853027,10.194999694824219,9.75,9.949999809265137,9.949999809265137,210300
2022-04-20,9.979999542236328,10.149999618530273,9.899999618530273,10.0,10.0,84100
2022-04-21,10.069999694824219,10.15999984741211,9.890000343322754,9.9399995803833,9.9399995803833,108100
2022-04-22,9.850000381469727,9.90999984741211,9.579999923706055,9.789999961853027,9.789999961853027,95300
2022-04-25,9.649999618530273,10.135000228881836,9.600000381469727,10.039999961853027,10.039999961853027,107400
2022-04-26,10.0,10.1899995803833,9.760000228881836,9.789999961853027,9.789999961853027,99600
2022-04-27,9.800000190734863,9.960000038146973,9.460000038146973,9.850000381469727,9.850000381469727,113000
2022-04-28,9.770000457763672,9.8100004196167,9.460000038146973,9.729999542236328,9.729999542236328,98700
2022-04-29,9.720000267028809,10.0,9.390000343322754,9.510000228881836,9.510000228881836,145800
2022-05-02,9.399999618530273,9.670000076293945,9.149999618530273,9.40999984741211,9.40999984741211,104700
2022-05-03,9.399999618530273,9.550000190734863,9.149999618530273,9.229999542236328,9.229999542236328,178900
2022-05-04,9.149999618530273,9.199999809265137,8.640000343322754,8.789999961853027,8.789999961853027,337100
2022-05-05,8.6899995803833,8.890000343322754,8.539999961853027,8.600000381469727,8.600000381469727,144100
2022-05-06,8.5600004196167,8.6899995803833,8.260000228881836,8.449999809265137,8.449999809265137,308900
2022-05-09,8.369999885559082,8.449999809265137,7.590000152587891,7.630000114440918,7.630000114440918,398200
2022-05-10,7.78000020980835,8.420000076293945,7.320000171661377,7.940000057220459,7.940000057220459,313400
2022-05-11,8.0,8.234999656677246,7.53000020980835,7.570000171661377,7.570000171661377,261600
2022-05-12,7.599999904632568,7.900000095367432,7.230000019073486,7.579999923706055,7.579999923706055,130900
2022-05-13,7.690000057220459,8.329999923706055,7.639999866485596,8.289999961853027,8.289999961853027,248400
2022-05-16,8.59000015258789,8.699999809265137,8.050000190734863,8.399999618530273,8.399999618530273,259000
2022-05-17,8.550000190734863,8.970000267028809,8.380000114440918,8.869999885559082,8.869999885559082,92700
2022-05-18,8.829999923706055,8.989999771118164,8.789999961853027,8.920000076293945,8.920000076293945,102700
2022-05-19,8.930000305175781,9.119999885559082,8.489999771118164,8.760000228881836,8.760000228881836,360100
2022-05-20,9.079999923706055,9.317000389099121,8.890000343322754,9.180000305175781,9.180000305175781,708900
2022-05-23,9.220000267028809,10.010000228881836,9.0,9.90999984741211,9.90999984741211,337300
2022-05-24,9.8100004196167,10.34000015258789,9.65999984741211,10.0,10.0,490100
2022-05-25,9.979999542236328,10.979999542236328,9.904999732971191,10.979999542236328,10.979999542236328,695800
2022-05-26,10.979999542236328,11.15999984741211,10.850000381469727,10.899999618530273,10.899999618530273,191600
2022-05-27,10.899999618530273,11.319999694824219,10.399999618530273,11.229999542236328,11.229999542236328,448000
2022-05-31,11.279999732971191,11.380000114440918,10.949999809265137,11.130000114440918,11.130000114440918,488800
2022-06-01,11.029999732971191,11.34000015258789,10.9399995803833,11.34000015258789,11.34000015258789,196100
2022-06-02,11.3100004196167,11.829999923706055,11.229999542236328,11.600000381469727,11.600000381469727,368200
2022-06-03,11.5600004196167,11.8100004196167,11.229999542236328,11.5600004196167,11.5600004196167,215400
2022-06-06,11.460000038146973,11.630000114440918,10.145000457763672,10.329999923706055,10.329999923706055,290700
2022-06-07,10.369999885559082,11.0600004196167,10.34000015258789,10.899999618530273,10.899999618530273,180900
2022-06-08,10.770000457763672,11.0,10.630000114440918,10.899999618530273,10.899999618530273,134100
2022-06-09,10.779999732971191,11.550000190734863,10.640000343322754,10.8100004196167,10.8100004196167,191800
2022-06-10,10.65999984741211,10.680000305175781,10.359999656677246,10.550000190734863,10.550000190734863,175000
2022-06-13,10.350000381469727,10.899999618530273,10.100000381469727,10.609999656677246,10.609999656677246,367500
2022-06-14,10.569999694824219,10.989999771118164,10.470000267028809,10.760000228881836,10.760000228881836,152100
2022-06-15,10.630000114440918,11.25,10.630000114440918,11.0,11.0,180300
2022-06-16,10.770000457763672,10.880000114440918,10.4399995803833,10.680000305175781,10.680000305175781,132700
2022-06-17,10.609999656677246,11.15999984741211,10.449999809265137,11.09000015258789,11.09000015258789,444600
2022-06-21,11.0,11.335000038146973,10.640000343322754,10.829999923706055,10.829999923706055,335900
2022-06-22,10.699999809265137,10.880000114440918,10.420000076293945,10.5,10.5,384300
2022-06-23,10.420000076293945,10.720000267028809,10.140000343322754,10.539999961853027,10.539999961853027,226800
2022-06-24,10.579999923706055,11.529999732971191,10.4399995803833,11.300000190734863,11.300000190734863,241000
2022-06-27,11.180000305175781,11.600000381469727,11.180000305175781,11.350000381469727,11.350000381469727,127900
2022-06-28,11.449999809265137,12.055000305175781,11.199999809265137,11.289999961853027,11.289999961853027,277100
2022-06-29,11.199999809265137,11.529999732971191,11.039999961853027,11.0600004196167,11.0600004196167,50900
2022-06-30,10.960000038146973,11.569999694824219,10.960000038146973,11.489999771118164,11.489999771118164,161200
2022-07-01,11.430000305175781,11.899999618530273,11.430000305175781,11.710000038146973,11.710000038146973,96200
2022-07-05,11.479999542236328,11.859999656677246,11.135000228881836,11.760000228881836,11.760000228881836,141300
2022-07-06,11.720000267028809,11.8100004196167,11.149999618530273,11.149999618530273,11.149999618530273,98800
2022-07-07,11.25,11.649999618530273,11.25,11.600000381469727,11.600000381469727,70100
2022-07-08,11.640000343322754,11.710000038146973,11.40999984741211,11.510000228881836,11.510000228881836,63100
2022-07-11,11.399999618530273,11.739999771118164,11.34000015258789,11.510000228881836,11.510000228881836,98900
2022-07-12,11.470000267028809,11.619999885559082,11.319999694824219,11.319999694824219,11.319999694824219,51100
2022-07-13,11.300000190734863,11.385000228881836,10.90999984741211,11.020000457763672,11.020000457763672,126600
2022-07-14,10.819999694824219,11.239999771118164,10.663000106811523,10.800000190734863,10.800000190734863,68400
2022-07-15,11.010000228881836,11.34000015258789,10.75,11.300000190734863,11.300000190734863,57300
2022-07-18,11.399999618530273,11.595000267028809,11.260000228881836,11.399999618530273,11.399999618530273,131600
2022-07-19,11.390000343322754,11.699999809265137,11.390000343322754,11.539999961853027,11.539999961853027,179500
2022-07-20,11.65999984741211,11.699999809265137,11.100000381469727,11.1899995803833,11.1899995803833,205800
2022-07-21,11.119999885559082,11.270000457763672,11.010000228881836,11.25,11.25,74600
2022-07-22,11.300000190734863,11.369999885559082,11.0,11.069999694824219,11.069999694824219,62600
2022-07-25,11.15999984741211,11.300000190734863,10.970000267028809,11.260000228881836,11.260000228881836,83800
2022-07-26,11.1899995803833,11.529999732971191,11.175000190734863,11.470000267028809,11.470000267028809,97500
2022-07-27,11.569999694824219,11.739999771118164,11.3149995803833,11.630000114440918,11.630000114440918,101600
2022-07-28,11.621999740600586,11.880000114440918,11.604999542236328,11.800000190734863,11.800000190734863,122400
2022-07-29,11.699999809265137,11.699999809265137,11.479999542236328,11.479999542236328,11.479999542236328,81100
2022-08-01,11.279999732971191,11.5,10.9399995803833,11.15999984741211,11.15999984741211,106500
2022-08-02,11.0600004196167,11.279999732971191,10.975000381469727,11.079999923706055,11.079999923706055,62400
2022-08-03,11.180000305175781,11.359999656677246,11.0,11.069999694824219,11.069999694824219,186300
2022-08-04,11.069999694824219,11.623000144958496,11.069999694824219,11.380000114440918,11.380000114440918,207000
2022-08-05,11.380000114440918,11.760000228881836,11.380000114440918,11.579999923706055,11.579999923706055,106400
2022-08-08,11.970000267028809,12.218000411987305,11.569999694824219,11.579999923706055,11.579999923706055,178800
2022-08-09,11.59000015258789,11.6899995803833,11.319999694824219,11.319999694824219,11.319999694824219,56900
2022-08-10,11.5,11.880000114440918,11.449999809265137,11.729999542236328,11.729999542236328,217700
2022-08-11,11.729999542236328,12.84000015258789,11.6899995803833,12.520000457763672,12.520000457763672,368400
2022-08-12,12.720000267028809,12.989999771118164,12.520000457763672,12.710000038146973,12.710000038146973,205400
2022-08-15,12.649999618530273,13.510000228881836,12.529999732971191,13.449999809265137,13.449999809265137,272000
2022-08-16,13.420000076293945,13.579999923706055,13.329999923706055,13.470000267028809,13.470000267028809,83300
2022-08-17,13.489999771118164,13.489999771118164,12.824999809265137,12.9399995803833,12.9399995803833,155800
2022-08-18,12.8100004196167,12.920000076293945,12.369999885559082,12.710000038146973,12.710000038146973,226100
2022-08-19,12.739999771118164,13.079999923706055,12.5,12.5600004196167,12.5600004196167,234700
2022-08-22,12.539999961853027,12.8100004196167,12.4399995803833,12.6899995803833,12.6899995803833,274800
2022-08-23,12.569999694824219,12.777000427246094,12.109999656677246,12.229999542236328,12.229999542236328,938000
2022-08-24,12.3100004196167,12.859999656677246,12.079999923706055,12.65999984741211,12.65999984741211,330400
2022-08-25,12.75,13.09000015258789,12.079999923706055,12.680000305175781,12.680000305175781,540600
2022-08-26,12.6899995803833,13.050000190734863,12.3100004196167,12.489999771118164,12.489999771118164,169400
2022-08-29,12.489999771118164,12.489999771118164,11.779999732971191,11.819999694824219,11.819999694824219,452700
2022-08-30,11.920000076293945,11.920000076293945,11.4399995803833,11.539999961853027,11.539999961853027,199600
2022-08-31,11.550000190734863,11.779999732971191,11.229999542236328,11.229999542236328,11.229999542236328,198300
2022-09-01,11.130000114440918,11.270000457763672,10.979999542236328,11.1899995803833,11.1899995803833,165100
2022-09-02,11.1899995803833,11.609999656677246,10.979999542236328,11.270000457763672,11.270000457763672,414200
2022-09-06,11.319999694824219,11.550000190734863,10.633999824523926,10.729999542236328,10.729999542236328,382700
2022-09-07,10.649999618530273,10.979999542236328,10.489999771118164,10.880000114440918,10.880000114440918,223400
2022-09-08,10.779999732971191,11.270000457763672,10.729999542236328,11.149999618530273,11.149999618530273,172500
2022-09-09,11.130000114440918,11.729999542236328,11.130000114440918,11.529999732971191,11.529999732971191,217200
2022-09-12,11.510000228881836,12.039999961853027,11.369999885559082,11.369999885559082,11.369999885559082,153800
2022-09-13,11.229999542236328,11.75,10.994999885559082,11.239999771118164,11.239999771118164,234400
2022-09-14,11.119999885559082,11.399999618530273,11.079999923706055,11.149999618530273,11.149999618530273,263000
2022-09-15,11.0,11.3100004196167,10.489999771118164,10.5,10.5,389100
2022-09-16,10.479999542236328,10.510000228881836,10.069999694824219,10.130000114440918,10.130000114440918,416400
2022-09-19,10.0,10.460000038146973,10.0,10.289999961853027,10.289999961853027,281100
2022-09-20,10.1899995803833,10.359999656677246,10.039999961853027,10.239999771118164,10.239999771118164,271500
2022-09-21,10.199999809265137,10.324999809265137,10.0,10.09000015258789,10.09000015258789,117600
2022-09-22,10.0,10.045000076293945,9.600000381469727,9.65999984741211,9.65999984741211,128900
2022-09-23,9.489999771118164,9.609999656677246,9.279999732971191,9.550000190734863,9.550000190734863,172900
2022-09-26,9.539999961853027,9.680000305175781,9.100000381469727,9.289999961853027,9.289999961853027,200900
2022-09-27,9.420000076293945,9.779999732971191,9.380000114440918,9.630000114440918,9.630000114440918,146500
2022-09-28,9.6899995803833,9.9399995803833,9.520000457763672,9.569999694824219,9.569999694824219,120400
2022-09-29,9.470000267028809,9.59000015258789,9.140000343322754,9.260000228881836,9.260000228881836,255200
2022-09-30,9.289999961853027,9.34000015258789,8.949999809265137,8.989999771118164,8.989999771118164,254200
2022-10-03,8.899999618530273,9.229999542236328,8.850000381469727,9.079999923706055,9.079999923706055,361300
2022-10-04,9.239999771118164,9.819999694824219,9.239999771118164,9.520000457763672,9.520000457763672,458600
2022-10-05,9.390000343322754,9.470000267028809,8.65999984741211,8.899999618530273,8.899999618530273,355000
2022-10-06,8.819999694824219,9.0,8.369999885559082,8.680000305175781,8.680000305175781,154800
2022-10-07,8.640000343322754,8.640000343322754,8.359999656677246,8.460000038146973,8.460000038146973,110200
2022-10-10,8.539999961853027,8.710000038146973,8.479999542236328,8.6899995803833,8.6899995803833,200400
2022-10-11,8.640000343322754,9.100000381469727,8.390000343322754,8.979999542236328,8.979999542236328,359500
2022-10-12,8.970000267028809,9.0,8.710000038146973,8.960000038146973,8.960000038146973,123400
2022-10-13,8.729999542236328,9.569999694824219,8.649999618530273,9.229999542236328,9.229999542236328,470300
2022-10-14,9.319999694824219,9.319999694824219,8.779999732971191,8.90999984741211,8.90999984741211,277700
2022-10-17,9.010000228881836,9.319999694824219,8.984999656677246,9.220000267028809,9.220000267028809,402600
2022-10-18,9.470000267028809,9.569999694824219,9.119999885559082,9.1899995803833,9.1899995803833,119100
2022-10-19,9.140000343322754,9.229999542236328,8.890000343322754,9.0,9.0,191900
2022-10-20,8.739999771118164,9.055000305175781,8.520000457763672,8.720000267028809,8.720000267028809,177900
2022-10-21,8.720000267028809,8.779999732971191,8.199999809265137,8.729999542236328,8.729999542236328,250500
2022-10-24,8.800000190734863,9.079999923706055,8.569999694824219,8.859999656677246,8.859999656677246,377700
2022-10-25,8.819999694824219,9.114999771118164,8.819999694824219,9.029999732971191,9.029999732971191,299500
2022-10-26,9.079999923706055,9.109999656677246,8.984999656677246,9.020000457763672,9.020000457763672,233600
2022-10-27,9.140000343322754,9.260000228881836,8.984999656677246,9.0,9.0,222200
2022-10-28,9.010000228881836,9.399999618530273,9.0,9.1899995803833,9.1899995803833,278500
2022-10-31,9.180000305175781,9.260000228881836,8.970000267028809,9.09000015258789,9.09000015258789,467600
2022-11-01,9.1899995803833,9.3100004196167,9.039999961853027,9.050000190734863,9.050000190734863,117200
2022-11-02,9.029999732971191,9.095000267028809,8.819999694824219,8.829999923706055,8.829999923706055,258500
2022-11-03,8.75,8.84000015258789,8.510000228881836,8.529999732971191,8.529999732971191,86700
2022-11-04,8.600000381469727,8.65999984741211,8.390000343322754,8.640000343322754,8.640000343322754,92400
2022-11-07,8.550000190734863,8.710000038146973,8.449999809265137,8.699999809265137,8.699999809265137,101300
2022-11-08,8.649999618530273,8.720000267028809,8.5,8.65999984741211,8.65999984741211,92900
2022-11-09,8.539999961853027,8.59000015258789,8.239999771118164,8.270000457763672,8.270000457763672,147900
2022-11-10,9.0,9.069999694824219,8.369999885559082,8.899999618530273,8.899999618530273,242600
2022-11-11,8.9399995803833,9.09000015258789,8.4350004196167,8.529999732971191,8.529999732971191,169600
2022-11-14,8.470000267028809,9.0,8.399999618530273,8.510000228881836,8.510000228881836,278400
2022-11-15,8.600000381469727,8.9399995803833,8.390000343322754,8.390000343322754,8.390000343322754,126100
2022-11-16,8.380000114440918,8.5,8.140000343322754,8.1899995803833,8.1899995803833,90600
2022-11-17,8.199999809265137,8.930000305175781,8.109999656677246,8.670000076293945,8.670000076293945,257900
2022-11-18,8.600000381469727,9.029999732971191,8.36299991607666,8.75,8.75,185200
2022-11-21,8.710000038146973,9.09000015258789,8.574000358581543,8.720000267028809,8.720000267028809,236300
2022-11-22,8.75,8.949999809265137,8.574999809265137,8.600000381469727,8.600000381469727,80400
2022-11-23,8.65999984741211,8.8100004196167,8.5600004196167,8.600000381469727,8.600000381469727,65700
2022-11-25,8.710000038146973,8.739999771118164,8.550999641418457,8.609999656677246,8.609999656677246,42200
2022-11-28,8.680000305175781,8.973999977111816,8.680000305175781,8.800000190734863,8.800000190734863,109800
2022-11-29,8.880000114440918,9.029999732971191,8.630000114440918,8.979999542236328,8.979999542236328,273400
2022-11-30,9.0,9.15999984741211,8.913999557495117,9.119999885559082,9.119999885559082,721800
2022-12-01,9.1899995803833,9.809000015258789,8.982999801635742,9.569999694824219,9.569999694824219,575100
2022-12-02,9.5,9.829999923706055,9.34000015258789,9.630000114440918,9.630000114440918,510200
2022-12-05,9.59000015258789,9.739999771118164,8.979999542236328,9.029999732971191,9.029999732971191,141900
2022-12-06,9.039999961853027,9.140000343322754,8.850000381469727,8.960000038146973,8.960000038146973,118500
2022-12-07,9.09000015258789,9.175000190734863,8.5600004196167,8.59000015258789,8.59000015258789,70300
2022-12-08,8.5600004196167,8.680000305175781,8.1899995803833,8.300000190734863,8.300000190734863,129700
2022-12-09,8.229999542236328,8.520000457763672,8.100000381469727,8.149999618530273,8.149999618530273,283300
2022-12-12,8.180000305175781,8.430000305175781,8.09000015258789,8.430000305175781,8.430000305175781,79500
2022-12-13,8.579999923706055,8.869999885559082,8.510000228881836,8.829999923706055,8.829999923706055,155100
2022-12-14,8.760000228881836,9.0,8.699999809265137,8.890000343322754,8.890000343322754,87500
2022-12-15,8.890000343322754,8.949999809265137,8.420000076293945,8.460000038146973,8.460000038146973,229800
2022-12-16,8.380000114440918,8.460000038146973,7.994999885559082,8.050000190734863,8.050000190734863,835900
2022-12-19,7.960000038146973,8.055000305175781,7.885000228881836,8.010000228881836,8.010000228881836,355300
2022-12-20,8.0600004196167,8.100000381469727,7.840000152587891,7.880000114440918,7.880000114440918,173500
2022-12-21,7.960000038146973,8.175000190734863,7.901000022888184,8.020000457763672,8.020000457763672,507900
2022-12-22,7.900000095367432,8.055000305175781,7.789999961853027,8.0,8.0,126900
2022-12-23,8.010000228881836,8.114999771118164,7.920000076293945,7.949999809265137,7.949999809265137,100700
2022-12-27,8.020000457763672,8.319999694824219,7.929999828338623,7.940000057220459,7.940000057220459,55000
2022-12-28,7.929999828338623,8.180000305175781,7.71999979019165,7.909999847412109,7.909999847412109,134900
2022-12-29,7.940000057220459,8.34000015258789,7.934000015258789,8.319999694824219,8.319999694824219,104200
2022-12-30,8.260000228881836,8.4399995803833,8.210000038146973,8.40999984741211,8.40999984741211,99200
2023-01-03,8.479999542236328,8.625,8.359999656677246,8.5,8.5,78600
2023-01-04,8.640000343322754,8.869999885559082,8.630000114440918,8.819999694824219,8.819999694824219,101600
2023-01-05,8.720000267028809,9.079000473022461,8.609999656677246,9.050000190734863,9.050000190734863,161200
2023-01-06,9.119999885559082,9.170000076293945,8.920000076293945,9.029999732971191,9.029999732971191,113700
2023-01-09,8.989999771118164,9.319999694824219,8.979999542236328,9.020000457763672,9.020000457763672,101500
2023-01-10,9.130000114440918,9.25,9.029999732971191,9.0600004196167,9.0600004196167,40300
2023-01-11,9.100000381469727,9.274999618530273,9.024999618530273,9.25,9.25,63300
2023-01-12,9.25,9.5600004196167,9.225000381469727,9.5600004196167,9.5600004196167,102000
2023-01-13,9.630000114440918,9.640000343322754,9.220000267028809,9.319999694824219,9.319999694824219,69200
2023-01-17,9.300000190734863,9.34000015258789,9.15999984741211,9.170000076293945,9.170000076293945,44500
2023-01-18,9.210000038146973,9.529999732971191,9.050000190734863,9.489999771118164,9.489999771118164,202200
2023-01-19,9.479999542236328,9.670000076293945,9.420000076293945,9.489999771118164,9.489999771118164,172600
2023-01-20,9.5,9.569999694824219,9.430000305175781,9.569999694824219,9.569999694824219,88600
2023-01-23,9.630000114440918,9.800000190734863,9.40999984741211,9.529999732971191,9.529999732971191,178000
2023-01-24,9.569999694824219,9.819999694824219,9.390000343322754,9.520000457763672,9.520000457763672,113000
2023-01-25,9.479999542236328,9.479999542236328,8.970000267028809,9.149999618530273,9.149999618530273,174200
2023-01-26,9.210000038146973,9.244999885559082,9.015000343322754,9.220000267028809,9.220000267028809,36900
2023-01-27,9.289999961853027,10.199999809265137,9.270000457763672,10.0,10.0,225300
2023-01-30,9.989999771118164,9.989999771118164,9.579999923706055,9.640000343322754,9.640000343322754,71900
2023-01-31,9.539999961853027,9.609999656677246,9.260000228881836,9.609999656677246,9.609999656677246,58500
2023-02-01,9.600000381469727,9.65999984741211,9.380000114440918,9.550000190734863,9.550000190734863,81100
2023-02-02,9.649999618530273,10.319999694824219,9.484999656677246,10.319999694824219,10.319999694824219,274600
2023-02-03,10.119999885559082,10.420000076293945,9.699999809265137,9.869999885559082,9.869999885559082,228000
2023-02-06,9.729999542236328,9.892999649047852,9.470000267028809,9.699999809265137,9.699999809265137,117200
2023-02-07,9.65999984741211,9.920000076293945,9.4399995803833,9.880000114440918,9.880000114440918,83100
2023-02-08,9.779999732971191,9.875,9.550000190734863,9.680000305175781,9.680000305175781,60100
2023-02-09,9.710000038146973,10.109999656677246,9.710000038146973,9.880000114440918,9.880000114440918,88900
2023-02-10,9.760000228881836,9.989999771118164,9.619999885559082,9.619999885559082,9.619999885559082,38800
2023-02-13,9.5,9.710000038146973,9.5,9.600000381469727,9.600000381469727,30300
2023-02-14,9.550000190734863,9.770000457763672,9.399999618530273,9.609999656677246,9.609999656677246,34800
2023-02-15,9.550000190734863,9.859999656677246,9.380000114440918,9.84000015258789,9.84000015258789,42800
2023-02-16,9.710000038146973,9.986000061035156,9.680000305175781,9.699999809265137,9.699999809265137,38200
2023-02-17,9.670000076293945,9.729999542236328,9.401000022888184,9.59000015258789,9.59000015258789,35200
2023-02-21,9.510000228881836,9.539999961853027,9.220000267028809,9.239999771118164,9.239999771118164,53400
2023-02-22,9.199999809265137,9.350000381469727,8.949999809265137,9.130000114440918,9.130000114440918,105800
2023-02-23,9.199999809265137,9.220000267028809,8.970000267028809,8.970000267028809,8.970000267028809,65000
2023-02-24,8.899999618530273,9.029999732971191,8.829999923706055,8.949999809265137,8.949999809265137,52500
2023-02-27,9.0,9.069999694824219,8.899999618530273,9.069999694824219,9.069999694824219,31100
2023-02-28,9.079999923706055,9.15999984741211,8.869999885559082,8.979999542236328,8.979999542236328,110500
2023-03-01,8.989999771118164,9.010000228881836,8.805000305175781,8.859999656677246,8.859999656677246,89100
2023-03-02,8.800000190734863,8.930000305175781,8.569999694824219,8.829999923706055,8.829999923706055,119200
2023-03-03,8.869999885559082,9.069999694824219,8.609999656677246,9.050000190734863,9.050000190734863,229900
2023-03-06,9.050000190734863,9.220000267028809,8.930000305175781,8.989999771118164,8.989999771118164,65000
2023-03-07,8.920000076293945,8.970000267028809,8.645000457763672,8.829999923706055,8.829999923706055,35800
2023-03-08,8.8100004196167,9.119999885559082,8.793000221252441,8.930000305175781,8.930000305175781,124200
2023-03-09,8.949999809265137,9.079999923706055,8.710000038146973,8.829999923706055,8.829999923706055,146200
2023-03-10,8.795000076293945,8.890000343322754,8.3100004196167,8.529999732971191,8.529999732971191,116900
2023-03-13,8.449999809265137,8.449999809265137,8.0,8.079999923706055,8.079999923706055,174200
2023-03-14,8.529999732971191,8.529999732971191,7.980000019073486,8.050000190734863,8.050000190734863,114500
2023-03-15,8.0,8.59000015258789,7.869999885559082,8.460000038146973,8.460000038146973,78500
2023-03-16,8.399999618530273,8.739999771118164,8.399999618530273,8.619999885559082,8.619999885559082,76500
2023-03-17,8.600000381469727,8.640000343322754,8.460000038146973,8.640000343322754,8.640000343322754,74700
2023-03-20,8.579999923706055,8.609999656677246,8.470000267028809,8.59000015258789,8.59000015258789,52500
2023-03-21,8.680000305175781,8.850000381469727,8.656000137329102,8.819999694824219,8.819999694824219,69000
2023-03-22,8.819999694824219,8.880000114440918,8.369999885559082,8.399999618530273,8.399999618530273,96700
2023-03-23,8.390000343322754,8.619999885559082,8.279999732971191,8.369999885559082,8.369999885559082,78400
2023-03-24,8.270000457763672,8.529999732971191,8.229999542236328,8.430000305175781,8.430000305175781,162200
2023-03-27,8.529999732971191,8.805000305175781,8.380000114440918,8.449999809265137,8.449999809265137,92400
2023-03-28,8.420000076293945,8.5649995803833,8.420000076293945,8.539999961853027,8.539999961853027,46900
2023-03-29,8.545000076293945,8.699999809265137,8.479999542236328,8.680000305175781,8.680000305175781,55000
2023-03-30,8.770000457763672,8.770000457763672,8.50100040435791,8.640000343322754,8.640000343322754,37900
2023-03-31,8.609999656677246,8.774999618530273,8.600000381469727,8.739999771118164,8.739999771118164,76300
2023-04-03,8.75,8.75,8.489999771118164,8.529999732971191,8.529999732971191,74800
2023-04-04,8.550000190734863,8.579999923706055,8.300000190734863,8.470000267028809,8.470000267028809,217300
2023-04-05,8.470000267028809,8.529999732971191,8.130000114440918,8.300000190734863,8.300000190734863,410900
2023-04-06,8.329999923706055,8.5600004196167,8.170000076293945,8.520000457763672,8.520000457763672,557900
2023-04-10,8.5,8.84000015258789,8.329999923706055,8.770000457763672,8.770000457763672,171600
2023-04-11,8.779999732971191,8.85099983215332,8.569999694824219,8.630000114440918,8.630000114440918,54500
2023-04-12,8.710000038146973,8.710000038146973,8.479999542236328,8.510000228881836,8.510000228881836,59800
2023-04-13,8.640000343322754,8.77400016784668,8.5600004196167,8.649999618530273,8.649999618530273,93600
2023-04-14,8.739999771118164,8.829999923706055,8.59000015258789,8.680000305175781,8.680000305175781,135100
2023-04-17,8.609999656677246,8.710000038146973,8.550000190734863,8.699999809265137,8.699999809265137,61300
2023-04-18,8.65999984741211,8.850000381469727,8.630000114440918,8.699999809265137,8.699999809265137,101500
2023-04-19,8.649999618530273,8.949999809265137,8.649999618530273,8.9399995803833,8.9399995803833,57500
2023-04-20,8.890000343322754,9.1899995803833,8.880000114440918,9.079999923706055,9.079999923706055,193000
2023-04-21,9.09000015258789,9.319999694824219,8.970000267028809,9.270000457763672,9.270000457763672,138100
2023-04-24,9.260000228881836,9.274999618530273,9.0,9.130000114440918,9.130000114440918,50000
2023-04-25,9.020000457763672,9.220000267028809,9.020000457763672,9.119999885559082,9.119999885559082,69900
2023-04-26,9.100000381469727,9.630000114440918,9.045000076293945,9.460000038146973,9.460000038146973,162200
2023-04-27,9.619999885559082,9.920000076293945,9.524999618530273,9.819999694824219,9.819999694824219,141100
2023-04-28,9.84000015258789,10.069999694824219,9.8100004196167,10.010000228881836,10.010000228881836,106500
2023-05-01,10.050000190734863,10.359999656677246,10.050000190734863,10.170000076293945,10.170000076293945,156700
2023-05-02,10.140000343322754,10.329999923706055,9.930000305175781,10.010000228881836,10.010000228881836,86100
2023-05-03,10.010000228881836,10.119999885559082,9.850000381469727,9.899999618530273,9.899999618530273,108500
2023-05-04,9.829999923706055,9.899999618530273,9.73799991607666,9.880000114440918,9.880000114440918,63400
2023-05-05,9.970000267028809,9.970000267028809,9.5600004196167,9.600000381469727,9.600000381469727,71600
2023-05-08,9.609999656677246,9.609999656677246,9.369999885559082,9.470000267028809,9.470000267028809,114100
2023-05-09,9.59000015258789,9.949999809265137,9.4399995803833,9.949999809265137,9.949999809265137,87400
2023-05-10,10.0,10.010000228881836,9.710000038146973,9.739999771118164,9.739999771118164,55400
2023-05-11,9.649999618530273,9.680000305175781,9.25,9.300000190734863,9.300000190734863,172200
2023-05-12,9.289999961853027,9.329999923706055,9.079999923706055,9.25,9.25,89400
2023-05-15,9.25,9.359999656677246,9.010000228881836,9.09000015258789,9.09000015258789,113600
2023-05-16,9.0600004196167,9.135000228881836,8.920000076293945,9.0,9.0,117200
2023-05-17,9.010000228881836,9.050000190734863,8.899999618530273,8.949999809265137,8.949999809265137,154400
2023-05-18,8.9399995803833,8.949999809265137,8.8100004196167,8.899999618530273,8.899999618530273,154800
2023-05-19,8.859999656677246,8.970000267028809,8.739999771118164,8.819999694824219,8.819999694824219,128100
2023-05-22,8.739999771118164,8.800000190734863,8.5600004196167,8.789999961853027,8.789999961853027,124700
2023-05-23,8.819999694824219,9.09000015258789,8.819999694824219,9.09000015258789,9.09000015258789,50900
2023-05-24,9.140000343322754,9.24899959564209,8.949999809265137,8.989999771118164,8.989999771118164,60900
2023-05-25,9.020000457763672,9.100000381469727,8.930000305175781,8.979999542236328,8.979999542236328,30100
2023-05-26,8.970000267028809,8.970000267028809,8.569999694824219,8.770000457763672,8.770000457763672,137200
2023-05-30,8.670000076293945,8.880000114440918,8.630000114440918,8.729999542236328,8.729999542236328,68700
2023-05-31,8.609999656677246,8.729999542236328,8.538999557495117,8.710000038146973,8.710000038146973,86000
2023-06-01,8.670000076293945,9.020000457763672,8.600000381469727,9.0,9.0,89400
2023-06-02,9.039999961853027,9.380000114440918,8.899999618530273,9.34000015258789,9.34000015258789,100900
2023-06-05,9.270000457763672,9.5,9.229999542236328,9.460000038146973,9.460000038146973,67900
2023-06-06,9.420000076293945,9.739999771118164,9.420000076293945,9.729999542236328,9.729999542236328,123200
2023-06-07,9.770000457763672,9.8100004196167,9.460000038146973,9.609999656677246,9.609999656677246,58900
2023-06-08,9.569999694824219,9.720000267028809,9.4399995803833,9.569999694824219,9.569999694824219,46400
2023-06-09,9.539999961853027,9.739999771118164,9.5,9.640000343322754,9.640000343322754,142000
2023-06-12,9.640000343322754,9.699999809265137,9.5600004196167,9.600000381469727,9.600000381469727,31000
2023-06-13,9.600000381469727,9.75,9.585000038146973,9.649999618530273,9.649999618530273,80000
2023-06-14,9.550000190734863,9.619999885559082,9.335000038146973,9.449999809265137,9.449999809265137,119300
2023-06-15,9.40999984741211,9.40999984741211,9.050000190734863,9.170000076293945,9.170000076293945,100000
2023-06-16,8.9399995803833,9.630000114440918,8.9399995803833,9.630000114440918,9.630000114440918,249000
2023-06-20,9.390000343322754,9.600000381469727,9.390000343322754,9.449999809265137,9.449999809265137,86600
2023-06-21,9.460000038146973,9.529999732971191,9.40999984741211,9.5,9.5,47700
2023-06-22,9.390000343322754,9.5,9.35200023651123,9.420000076293945,9.420000076293945,87800
2023-06-23,9.34000015258789,9.489999771118164,9.270000457763672,9.470000267028809,9.470000267028809,50900
2023-06-26,9.5600004196167,9.5600004196167,9.244999885559082,9.279999732971191,9.279999732971191,29400
2023-06-27,9.279999732971191,9.390000343322754,9.170000076293945,9.350000381469727,9.350000381469727,33500
2023-06-28,9.25,9.274999618530273,9.0,9.239999771118164,9.239999771118164,62000
2023-06-29,9.25,9.380000114440918,9.050000190734863,9.329999923706055,9.329999923706055,90800
2023-06-30,9.350000381469727,9.420000076293945,9.079999923706055,9.359999656677246,9.359999656677246,68700
2023-07-03,9.279999732971191,9.329999923706055,9.010000228881836,9.229999542236328,9.229999542236328,66500
2023-07-05,9.100000381469727,9.260000228881836,9.010000228881836,9.260000228881836,9.260000228881836,148800
2023-07-06,9.170000076293945,9.210000038146973,8.970000267028809,9.1899995803833,9.1899995803833,166200
2023-07-07,9.170000076293945,9.260000228881836,9.020000457763672,9.050000190734863,9.050000190734863,64000
2023-07-10,8.979999542236328,9.220000267028809,8.944999694824219,9.0,9.0,59900
2023-07-11,9.0,9.0600004196167,8.920000076293945,8.970000267028809,8.970000267028809,151700
2023-07-12,9.020000457763672,9.210000038146973,9.0,9.1899995803833,9.1899995803833,85900
2023-07-13,9.199999809265137,9.25,8.970000267028809,9.130000114440918,9.130000114440918,112700
2023-07-14,9.109999656677246,9.260000228881836,9.0,9.220000267028809,9.220000267028809,98800
2023-07-17,9.079999923706055,9.300000190734863,8.960000038146973,8.979999542236328,8.979999542236328,134400
2023-07-18,9.010000228881836,9.140000343322754,8.989999771118164,9.100000381469727,9.100000381469727,119400
2023-07-19,9.130000114440918,9.130000114440918,8.899999618530273,8.9399995803833,8.9399995803833,96700
2023-07-20,8.979999542236328,9.085000038146973,8.920000076293945,9.020000457763672,9.020000457763672,68100
2023-07-21,8.989999771118164,9.069999694824219,8.880000114440918,8.970000267028809,8.970000267028809,60400
2023-07-24,8.920000076293945,8.9399995803833,8.770000457763672,8.890000343322754,8.890000343322754,91900
2023-07-25,8.885000228881836,8.989999771118164,8.800000190734863,8.800000190734863,8.800000190734863,105100
2023-07-26,8.829999923706055,8.970000267028809,8.779999732971191,8.949999809265137,8.949999809265137,46200
2023-07-27,8.9399995803833,9.069999694824219,8.795000076293945,9.069999694824219,9.069999694824219,133400
2023-07-28,9.109999656677246,9.109999656677246,8.6899995803833,8.739999771118164,8.739999771118164,188600
2023-07-31,8.65999984741211,8.850000381469727,8.569999694824219,8.829999923706055,8.829999923706055,95900
2023-08-01,8.835000038146973,8.989999771118164,8.680000305175781,8.6899995803833,8.6899995803833,92200
2023-08-02,8.649999618530273,8.675000190734863,8.529999732971191,8.579999923706055,8.579999923706055,65100
2023-08-03,8.489999771118164,8.529999732971191,8.170000076293945,8.279999732971191,8.279999732971191,203500
2023-08-04,8.220000267028809,8.494999885559082,8.1899995803833,8.430000305175781,8.430000305175781,73600
2023-08-07,8.479999542236328,8.529999732971191,8.369999885559082,8.5,8.5,163800
2023-08-08,8.350000381469727,8.550000190734863,8.130000114440918,8.510000228881836,8.510000228881836,233100
2023-08-09,8.300000190734863,8.779999732971191,8.210000038146973,8.720000267028809,8.720000267028809,133900
2023-08-10,8.75,8.920000076293945,8.645000457763672,8.829999923706055,8.829999923706055,95200
2023-08-11,8.850000381469727,9.529999732971191,8.850000381469727,9.170000076293945,9.170000076293945,219000
2023-08-14,9.15999984741211,9.210000038146973,8.899999618530273,9.119999885559082,9.119999885559082,78900
2023-08-15,9.0,9.130999565124512,8.84000015258789,8.899999618530273,8.899999618530273,61900
2023-08-16,8.890000343322754,9.0,8.760000228881836,8.899999618530273,8.899999618530273,53200
2023-08-17,8.869999885559082,8.970000267028809,8.847999572753906,8.9399995803833,8.9399995803833,28600
2023-08-18,8.899999618530273,9.010000228881836,8.760000228881836,8.869999885559082,8.869999885559082,42200
2023-08-21,8.859999656677246,8.920000076293945,8.729999542236328,8.789999961853027,8.789999961853027,30500
2023-08-22,8.90999984741211,8.90999984741211,8.670000076293945,8.829999923706055,8.829999923706055,48000
2023-08-23,8.819999694824219,8.819999694824219,8.680000305175781,8.819999694824219,8.819999694824219,35100
2023-08-24,8.819999694824219,9.170000076293945,8.800000190734863,9.039999961853027,9.039999961853027,69600
2023-08-25,9.039999961853027,9.149999618530273,8.930000305175781,9.0,9.0,44100
2023-08-28,8.949999809265137,9.100000381469727,8.885000228881836,9.079999923706055,9.079999923706055,67300
2023-08-29,9.050000190734863,9.109999656677246,8.869999885559082,9.109999656677246,9.109999656677246,38500
2023-08-30,9.170000076293945,9.430000305175781,9.140000343322754,9.420000076293945,9.420000076293945,63100
2023-08-31,9.479999542236328,9.479999542236328,9.0600004196167,9.140000343322754,9.140000343322754,69700
2023-09-01,9.109999656677246,9.239999771118164,8.9399995803833,8.979999542236328,8.979999542236328,73000
2023-09-05,8.899999618530273,8.930000305175781,8.640000343322754,8.699999809265137,8.699999809265137,177900
2023-09-06,8.75,8.949999809265137,8.520000457763672,8.630000114440918,8.630000114440918,73000
2023-09-07,8.65999984741211,8.670000076293945,8.425000190734863,8.600000381469727,8.600000381469727,118200
2023-09-08,8.579999923706055,8.65999984741211,8.399999618530273,8.609999656677246,8.609999656677246,66400
2023-09-11,8.59000015258789,8.59000015258789,8.460000038146973,8.470000267028809,8.470000267028809,60300
2023-09-12,8.460000038146973,8.550000190734863,8.380000114440918,8.390000343322754,8.390000343322754,57300
2023-09-13,8.34000015258789,8.40999984741211,8.270000457763672,8.3100004196167,8.3100004196167,81900
2023-09-14,8.390000343322754,8.395000457763672,8.25,8.289999961853027,8.289999961853027,64100
2023-09-15,8.300000190734863,8.34000015258789,8.130000114440918,8.180000305175781,8.180000305175781,441200
2023-09-18,8.199999809265137,8.640000343322754,8.178000450134277,8.59000015258789,8.59000015258789,67900
2023-09-19,8.600000381469727,8.670000076293945,8.430000305175781,8.569999694824219,8.569999694824219,38900
2023-09-20,8.585000038146973,8.666000366210938,8.369999885559082,8.390000343322754,8.390000343322754,42800
2023-09-21,8.380000114440918,8.550999641418457,8.279999732971191,8.380000114440918,8.380000114440918,50900
2023-09-22,8.300000190734863,8.359999656677246,8.149999618530273,8.220000267028809,8.220000267028809,50500
2023-09-25,8.229999542236328,8.263999938964844,8.149999618530273,8.170000076293945,8.170000076293945,15200
2023-09-26,8.130000114440918,8.300000190734863,8.130000114440918,8.15999984741211,8.15999984741211,29900
2023-09-27,8.180000305175781,8.239999771118164,8.130000114440918,8.170000076293945,8.170000076293945,50600
2023-09-28,8.239999771118164,8.369999885559082,8.15999984741211,8.199999809265137,8.199999809265137,39600
2023-09-29,8.25,8.279999732971191,8.140000343322754,8.170000076293945,8.170000076293945,31500
2023-10-02,8.170000076293945,8.25,8.069999694824219,8.140000343322754,8.140000343322754,41600
2023-10-03,8.15999984741211,8.199999809265137,7.869999885559082,7.909999847412109,7.909999847412109,50300
2023-10-04,7.880000114440918,7.949999809265137,7.809999942779541,7.940000057220459,7.940000057220459,30600
2023-10-05,7.96999979019165,8.095000267028809,7.929999828338623,7.960000038146973,7.960000038146973,32400
2023-10-06,7.889999866485596,8.0600004196167,7.889999866485596,7.980000019073486,7.980000019073486,15200
2023-10-09,7.96999979019165,8.020000457763672,7.800000190734863,7.869999885559082,7.869999885559082,36100
2023-10-10,7.820000171661377,8.069999694824219,7.78000020980835,7.809999942779541,7.809999942779541,67100
2023-10-11,7.869999885559082,7.96999979019165,7.809999942779541,7.829999923706055,7.829999923706055,29100
2023-10-12,7.889999866485596,7.980000019073486,7.800000190734863,7.980000019073486,7.980000019073486,29100
2023-10-13,7.880000114440918,8.055000305175781,7.840000152587891,7.889999866485596,7.889999866485596,26400
2023-10-16,7.849999904632568,8.369999885559082,7.849999904632568,8.010000228881836,8.010000228881836,81800
2023-10-17,8.079999923706055,8.199999809265137,8.0,8.0,8.0,119400
2023-10-18,8.050000190734863,8.239999771118164,7.96999979019165,8.140000343322754,8.140000343322754,93700
2023-10-19,8.0600004196167,8.239999771118164,8.0,8.09000015258789,8.09000015258789,114000
2023-10-20,8.140000343322754,8.260000228881836,8.0,8.029999732971191,8.029999732971191,108800
2023-10-23,8.010000228881836,8.104999542236328,7.769999980926514,7.889999866485596,7.889999866485596,93400
2023-10-24,7.940000057220459,7.965000152587891,7.78000020980835,7.789999961853027,7.789999961853027,19000
2023-10-25,8.0,8.15999984741211,7.829999923706055,7.849999904632568,7.849999904632568,188100
2023-10-26,7.840000152587891,7.960000038146973,7.755000114440918,7.820000171661377,7.820000171661377,45900
2023-10-27,7.75,7.769999980926514,7.519999980926514,7.579999923706055,7.579999923706055,62100
2023-10-30,7.610000133514404,7.78000020980835,7.599999904632568,7.730000019073486,7.730000019073486,26100
2023-10-31,7.670000076293945,7.909999847412109,7.650000095367432,7.71999979019165,7.71999979019165,36600
2023-11-01,7.800000190734863,7.960000038146973,7.650000095367432,7.840000152587891,7.840000152587891,66200
2023-11-02,7.980000019073486,7.980000019073486,7.690000057220459,7.75,7.75,27200
2023-11-03,7.690000057220459,7.889999866485596,7.690000057220459,7.75,7.75,29700
2023-11-06,7.710000038146973,7.789999961853027,7.699999809265137,7.71999979019165,7.71999979019165,32900
2023-11-07,7.809999942779541,7.828999996185303,7.630000114440918,7.710000038146973,7.710000038146973,35900
2023-11-08,8.229999542236328,8.670000076293945,8.069999694824219,8.479999542236328,8.479999542236328,194900
2023-11-09,8.600000381469727,8.600000381469727,8.390000343322754,8.510000228881836,8.510000228881836,72600
2023-11-10,8.449999809265137,8.65999984741211,8.40999984741211,8.470000267028809,8.470000267028809,51900
2023-11-13,8.470000267028809,8.579999923706055,8.369999885559082,8.420000076293945,8.420000076293945,26600
2023-11-14,8.369999885559082,8.920000076293945,8.300000190734863,8.609999656677246,8.609999656677246,96400
2023-11-15,8.770000457763672,8.819999694824219,8.569999694824219,8.59000015258789,8.59000015258789,30100
2023-11-16,8.710000038146973,8.859999656677246,8.649999618530273,8.720000267028809,8.720000267028809,40200
2023-11-17,8.75,8.850000381469727,8.640000343322754,8.729999542236328,8.729999542236328,18500
2023-11-20,8.649999618530273,8.779999732971191,8.649999618530273,8.699999809265137,8.699999809265137,24500
2023-11-21,8.619999885559082,8.649999618530273,8.529999732971191,8.579999923706055,8.579999923706055,36000
2023-11-22,8.649999618530273,8.689000129699707,8.470000267028809,8.489999771118164,8.489999771118164,20400
2023-11-24,8.529999732971191,8.579999923706055,8.489999771118164,8.569999694824219,8.569999694824219,34500
2023-11-27,8.619999885559082,8.720000267028809,8.470000267028809,8.5600004196167,8.5600004196167,37800
2023-11-28,8.569999694824219,8.640000343322754,8.430000305175781,8.449999809265137,8.449999809265137,19600
2023-11-29,8.479999542236328,8.704999923706055,8.479999542236328,8.5600004196167,8.5600004196167,21100
2023-11-30,8.718999862670898,8.72599983215332,8.380000114440918,8.449999809265137,8.449999809265137,29400
2023-12-01,8.329999923706055,8.770000457763672,8.329999923706055,8.649999618530273,8.649999618530273,34100
2023-12-04,8.479999542236328,8.732999801635742,8.470000267028809,8.550000190734863,8.550000190734863,41500
2023-12-05,8.489999771118164,8.920000076293945,8.489999771118164,8.739999771118164,8.739999771118164,416600
2023-12-06,8.739999771118164,8.875,8.569999694824219,8.619999885559082,8.619999885559082,32900
2023-12-07,8.720000267028809,8.869999885559082,8.520000457763672,8.640000343322754,8.640000343322754,27500
2023-12-08,8.600000381469727,8.710000038146973,8.34000015258789,8.489999771118164,8.489999771118164,77500
2023-12-11,8.470000267028809,8.670000076293945,8.399999618530273,8.550000190734863,8.550000190734863,31600
2023-12-12,8.600000381469727,8.600000381469727,8.293999671936035,8.380000114440918,8.380000114440918,36400
2023-12-13,8.329999923706055,8.329999923706055,8.130000114440918,8.140000343322754,8.140000343322754,71800
2023-12-14,8.09000015258789,8.140000343322754,7.869999885559082,7.96999979019165,7.96999979019165,85500
2023-12-15,7.920000076293945,8.100000381469727,7.78000020980835,8.0600004196167,8.0600004196167,108500
2023-12-18,8.050000190734863,8.050000190734863,7.800000190734863,7.980000019073486,7.980000019073486,97000
2023-12-19,8.0,8.34000015258789,7.916999816894531,8.300000190734863,8.300000190734863,139700
2023-12-20,8.199999809265137,8.364999771118164,8.050000190734863,8.0600004196167,8.0600004196167,66000
2023-12-21,8.079999923706055,8.109999656677246,7.949999809265137,8.0,8.0,53300
2023-12-22,8.069999694824219,8.118000030517578,7.849999904632568,8.0,8.0,53000
2023-12-26,8.0,8.0,7.860000133514404,7.989999771118164,7.989999771118164,43100
2023-12-27,7.889999866485596,8.0,7.75,7.869999885559082,7.869999885559082,66500
2023-12-28,7.820000171661377,7.929999828338623,7.769999980926514,7.929999828338623,7.929999828338623,35400
2023-12-29,7.849999904632568,7.889999866485596,7.710000038146973,7.800000190734863,7.800000190734863,93300
2024-01-02,7.769999980926514,7.880000114440918,7.75,7.869999885559082,7.869999885559082,46400
2024-01-03,7.829999923706055,7.929999828338623,7.789999961853027,7.849999904632568,7.849999904632568,29000
2024-01-04,7.760000228881836,8.0,7.75,7.829999923706055,7.829999923706055,72600
2024-01-05,7.769999980926514,7.940000057220459,7.675000190734863,7.739999771118164,7.739999771118164,76400
2024-01-08,7.909999847412109,8.029999732971191,7.829999923706055,8.010000228881836,8.010000228881836,97400
2024-01-09,8.0,8.0600004196167,7.869999885559082,7.949999809265137,7.949999809265137,67400
2024-01-10,8.029999732971191,8.050000190734863,7.90500020980835,8.020000457763672,8.020000457763672,39700
2024-01-11,7.909999847412109,8.0,7.900000095367432,7.900000095367432,7.900000095367432,78900
2024-01-12,7.860000133514404,7.989999771118164,7.809999942779541,7.860000133514404,7.860000133514404,41300
2024-01-16,7.809999942779541,7.980000019073486,7.809999942779541,7.980000019073486,7.980000019073486,45700
2024-01-17,7.880000114440918,8.164999961853027,7.739999771118164,7.789999961853027,7.789999961853027,124700
2024-01-18,7.789999961853027,7.934999942779541,7.71999979019165,7.809999942779541,7.809999942779541,42100
2024-01-19,7.769999980926514,7.949999809265137,7.675000190734863,7.949999809265137,7.949999809265137,147300
2024-01-22,7.900000095367432,8.149999618530273,7.817999839782715,7.929999828338623,7.929999828338623,118600
2024-01-23,7.96999979019165,8.100000381469727,7.900000095367432,7.929999828338623,7.929999828338623,37400
2024-01-24,7.900000095367432,7.940000057220459,7.817999839782715,7.860000133514404,7.860000133514404,62000
2024-01-25,7.889999866485596,7.949999809265137,7.834000110626221,7.900000095367432,7.900000095367432,29400
2024-01-26,7.949999809265137,8.210000038146973,7.820000171661377,8.039999961853027,8.039999961853027,206900
2024-01-29,8.0600004196167,8.15999984741211,7.980000019073486,8.140000343322754,8.140000343322754,47300
2024-01-30,8.0600004196167,8.25,8.050000190734863,8.229999542236328,8.229999542236328,47400
2024-01-31,8.239999771118164,8.239999771118164,8.029999732971191,8.050000190734863,8.050000190734863,71700
2024-02-01,8.050000190734863,8.079999923706055,7.980000019073486,7.980000019073486,7.980000019073486,24600
2024-02-02,7.949999809265137,8.039999961853027,7.900000095367432,8.039999961853027,8.039999961853027,46900
2024-02-05,7.96999979019165,8.149999618530273,7.869999885559082,8.010000228881836,8.010000228881836,46600
2024-02-06,8.09000015258789,8.149999618530273,8.01099967956543,8.050000190734863,8.050000190734863,14400
2024-02-07,8.104999542236328,8.170000076293945,8.050000190734863,8.140000343322754,8.140000343322754,45200
2024-02-08,8.09000015258789,8.300000190734863,8.09000015258789,8.239999771118164,8.239999771118164,24300
2024-02-09,8.220000267028809,8.420000076293945,8.206000328063965,8.420000076293945,8.420000076293945,37500
2024-02-12,8.380000114440918,8.5,8.369999885559082,8.380000114440918,8.380000114440918,36700
2024-02-13,8.289999961853027,8.289999961853027,8.111000061035156,8.130000114440918,8.130000114440918,29400
2024-02-14,8.140000343322754,8.3100004196167,8.119999885559082,8.3100004196167,8.3100004196167,16900
2024-02-15,8.305000305175781,8.470000267028809,8.279999732971191,8.420000076293945,8.420000076293945,29200
2024-02-16,8.390000343322754,8.505000114440918,8.369999885559082,8.369999885559082,8.369999885559082,27800
2024-02-20,8.300000190734863,8.470000267028809,8.300000190734863,8.380000114440918,8.380000114440918,28800
2024-02-21,8.319999694824219,8.40999984741211,8.310999870300293,8.329999923706055,8.329999923706055,35700
2024-02-22,8.40999984741211,8.470000267028809,8.3100004196167,8.420000076293945,8.420000076293945,42700
2024-02-23,8.420000076293945,8.4399995803833,8.329999923706055,8.390000343322754,8.390000343322754,29500
2024-02-26,8.380000114440918,8.470000267028809,8.270000457763672,8.430000305175781,8.430000305175781,68300
2024-02-27,8.430000305175781,8.75,8.430000305175781,8.720000267028809,8.720000267028809,85700
2024-02-28,8.649999618530273,8.869999885559082,8.649999618530273,8.770000457763672,8.770000457763672,41200
2024-02-29,8.859999656677246,8.880000114440918,8.569999694824219,8.59000015258789,8.59000015258789,42600
2024-03-01,8.59000015258789,8.760000228881836,8.569999694824219,8.6899995803833,8.6899995803833,32400
2024-03-04,8.609999656677246,8.789999961853027,8.581999778747559,8.739999771118164,8.739999771118164,104000
2024-03-05,8.770000457763672,8.8100004196167,8.72599983215332,8.770000457763672,8.770000457763672,22000
2024-03-06,8.760000228881836,8.819999694824219,8.71500015258789,8.789999961853027,8.789999961853027,30100
2024-03-07,8.770000457763672,9.0,8.770000457763672,9.0,9.0,73700
2024-03-08,9.0,9.0,8.9399995803833,8.979999542236328,8.979999542236328,34400
2024-03-11,9.0,9.0,8.890000343322754,8.970000267028809,8.970000267028809,71200
2024-03-12,9.0,9.0,8.829999923706055,8.869999885559082,8.869999885559082,64600
2024-03-13,8.869999885559082,9.0,8.84000015258789,9.0,9.0,65300
2024-03-14,9.0,9.0,8.640000343322754,8.6899995803833,8.6899995803833,106200
2024-03-15,8.640000343322754,8.949999809265137,8.460000038146973,8.470000267028809,8.470000267028809,65100
2024-03-18,8.460000038146973,8.770000457763672,8.460000038146973,8.729999542236328,8.729999542236328,59100
2024-03-19,8.739999771118164,8.970000267028809,8.710000038146973,8.850000381469727,8.850000381469727,39900
2024-03-20,8.869999885559082,8.979999542236328,8.814000129699707,8.949999809265137,8.949999809265137,28100
2024-03-21,8.930000305175781,9.0,8.829999923706055,8.829999923706055,8.829999923706055,50800
2024-03-22,8.779999732971191,9.0,8.739999771118164,8.9399995803833,8.9399995803833,153500
2024-03-25,9.0,9.0,8.904999732971191,8.970000267028809,8.970000267028809,33800
2024-03-26,9.0,9.130000114440918,8.850000381469727,9.0,9.0,54200
2024-03-27,9.0,9.180000305175781,8.90999984741211,9.180000305175781,9.180000305175781,34500
2024-03-28,9.119999885559082,9.364999771118164,9.119999885559082,9.149999618530273,9.149999618530273,62000
2024-04-01,9.239999771118164,9.239999771118164,9.045000076293945,9.130000114440918,9.130000114440918,36300
2024-04-02,9.119999885559082,9.170000076293945,8.920000076293945,9.0,9.0,36500
2024-04-03,9.0,9.050000190734863,8.84000015258789,8.930000305175781,8.930000305175781,37100
2024-04-04,9.0,9.039999961853027,8.859999656677246,8.9399995803833,8.9399995803833,23300
2024-04-05,8.890000343322754,8.947999954223633,8.819999694824219,8.880000114440918,8.880000114440918,20400
2024-04-08,8.920000076293945,9.149999618530273,8.800000190734863,9.069999694824219,9.069999694824219,42900
2024-04-09,9.0,9.069999694824219,8.869999885559082,9.020000457763672,9.020000457763672,20600
2024-04-10,8.920000076293945,8.920000076293945,8.630000114440918,8.649999618530273,8.649999618530273,67400
2024-04-11,8.552000045776367,8.720000267028809,8.470000267028809,8.5,8.5,66700
2024-04-12,8.649999618530273,8.649999618530273,8.300000190734863,8.4399995803833,8.4399995803833,65300
2024-04-15,8.479999542236328,9.079999923706055,8.369999885559082,8.930000305175781,8.930000305175781,147400
2024-04-16,8.970000267028809,9.0,8.819999694824219,8.90999984741211,8.90999984741211,39700
2024-04-17,8.920000076293945,8.920000076293945,8.609999656677246,8.619999885559082,8.619999885559082,49000
2024-04-18,8.579999923706055,8.699999809265137,8.539999961853027,8.699999809265137,8.699999809265137,30300
2024-04-19,8.619999885559082,8.949999809265137,8.520000457763672,8.850000381469727,8.850000381469727,57700
2024-04-22,8.930000305175781,9.0,8.725000381469727,8.779999732971191,8.779999732971191,24800
2024-04-23,8.824999809265137,9.140000343322754,8.75,9.0600004196167,9.0600004196167,67900
2024-04-24,9.0,9.0600004196167,8.859999656677246,8.920000076293945,8.920000076293945,33800
2024-04-25,8.920000076293945,9.039999961853027,8.800000190734863,8.8100004196167,8.8100004196167,32400
2024-04-26,8.793000221252441,8.920000076293945,8.739999771118164,8.760000228881836,8.760000228881836,25400
2024-04-29,8.829999923706055,8.9399995803833,8.649999618530273,8.729999542236328,8.729999542236328,19500
2024-04-30,8.779999732971191,8.979000091552734,8.720000267028809,8.949999809265137,8.949999809265137,40600
2024-05-01,8.949999809265137,8.989999771118164,8.75,8.890000343322754,8.890000343322754,17800
2024-05-02,8.899999618530273,8.989999771118164,8.8100004196167,8.949999809265137,8.949999809265137,14200
2024-05-03,8.859999656677246,9.0,8.859999656677246,8.920000076293945,8.920000076293945,23600
2024-05-06,8.920000076293945,9.140000343322754,8.899999618530273,9.039999961853027,9.039999961853027,44700
2024-05-07,9.079999923706055,9.380999565124512,9.069999694824219,9.09000015258789,9.09000015258789,50700
2024-05-08,8.989999771118164,9.369999885559082,8.989999771118164,9.239999771118164,9.239999771118164,35900
2024-05-09,9.140000343322754,9.40999984741211,9.097000122070312,9.289999961853027,9.289999961853027,28500
2024-05-10,9.069999694824219,9.1899995803833,8.65999984741211,8.84000015258789,8.84000015258789,129300
2024-05-13,8.84000015258789,9.100000381469727,8.779999732971191,9.029999732971191,9.029999732971191,57000
2024-05-14,9.050000190734863,9.079999923706055,8.800000190734863,8.899999618530273,8.899999618530273,53600
2024-05-15,8.850000381469727,8.982000350952148,8.710000038146973,8.789999961853027,8.789999961853027,42900
2024-05-16,8.75,8.86299991607666,8.520000457763672,8.569999694824219,8.569999694824219,45600
2024-05-17,8.510000228881836,8.739999771118164,8.510000228881836,8.699999809265137,8.699999809265137,34600
2024-05-20,8.680000305175781,9.0,8.680000305175781,9.0,9.0,51900
2024-05-21,8.930000305175781,9.005000114440918,8.774999618530273,9.0,9.0,73900
2024-05-22,8.899999618530273,9.0,8.859999656677246,8.970000267028809,8.970000267028809,27200
2024-05-23,8.90999984741211,9.09000015258789,8.890000343322754,8.949999809265137,8.949999809265137,43000
2024-05-24,8.899999618530273,9.1899995803833,8.880000114440918,8.970000267028809,8.970000267028809,55500
2024-05-28,9.0,9.020000457763672,8.789999961853027,9.0,9.0,34600
2024-05-29,8.989999771118164,9.0600004196167,8.869999885559082,9.020000457763672,9.020000457763672,104200
2024-05-30,9.0,9.364999771118164,8.831999778747559,9.300000190734863,9.300000190734863,104300
2024-05-31,9.279999732971191,9.699999809265137,9.25,9.619999885559082,9.619999885559082,184100
2024-06-03,9.729999542236328,9.899999618530273,9.458000183105469,9.720000267028809,9.720000267028809,89700
2024-06-04,9.5,9.920000076293945,9.5,9.850000381469727,9.850000381469727,92800
2024-06-05,9.819999694824219,10.0,9.760000228881836,10.0,10.0,72100
2024-06-06,10.0,10.100000381469727,9.720999717712402,9.8100004196167,9.8100004196167,79000
2024-06-07,9.760000228881836,10.100000381469727,9.760000228881836,10.100000381469727,10.100000381469727,60100
2024-06-10,10.100000381469727,10.225000381469727,9.739999771118164,10.0600004196167,10.0600004196167,107800
2024-06-11,9.960000038146973,10.020000457763672,9.914999961853027,9.970000267028809,9.970000267028809,54500
2024-06-12,9.970000267028809,10.208999633789062,9.899999618530273,10.0,10.0,108900
2024-06-13,10.0,10.350000381469727,9.914999961853027,10.329999923706055,10.329999923706055,103000
2024-06-14,10.279999732971191,10.420999526977539,9.75,9.770000457763672,9.770000457763672,121600
2024-06-17,9.84000015258789,10.140000343322754,9.779999732971191,10.119999885559082,10.119999885559082,77800
2024-06-18,10.109999656677246,10.390000343322754,10.109999656677246,10.300000190734863,10.300000190734863,258800
2024-06-20,10.270000457763672,10.40999984741211,9.930000305175781,10.3100004196167,10.3100004196167,286800
2024-06-21,10.260000228881836,10.529999732971191,10.210000038146973,10.420000076293945,10.420000076293945,303700
2024-06-24,10.479999542236328,10.619999885559082,10.430000305175781,10.609999656677246,10.609999656677246,256400
2024-06-25,10.5,10.529999732971191,10.279999732971191,10.430000305175781,10.430000305175781,432900
2024-06-26,10.329999923706055,10.569999694824219,9.510000228881836,9.510000228881836,9.510000228881836,975500
2024-06-27,9.449999809265137,10.109999656677246,9.399999618530273,10.109999656677246,10.109999656677246,804300
2024-06-28,10.180000305175781,10.430000305175781,10.119999885559082,10.399999618530273,10.399999618530273,139300
2024-07-01,10.399999618530273,10.539999961853027,10.3100004196167,10.529999732971191,10.529999732971191,121900
2024-07-02,10.59000015258789,11.039999961853027,10.539999961853027,11.010000228881836,11.010000228881836,156600
2024-07-03,11.010000228881836,11.100000381469727,10.949999809265137,11.039999961853027,11.039999961853027,49600
2024-07-05,11.039999961853027,11.039999961853027,10.779999732971191,10.989999771118164,10.989999771118164,54900
2024-07-08,10.979999542236328,11.140000343322754,10.890000343322754,11.109999656677246,11.109999656677246,68200
2024-07-09,11.119999885559082,11.220000267028809,11.039999961853027,11.069999694824219,11.069999694824219,291100
2024-07-10,11.079999923706055,11.229999542236328,11.0,11.199999809265137,11.199999809265137,144400
2024-07-11,11.34000015258789,11.470000267028809,11.260000228881836,11.420000076293945,11.420000076293945,92100
2024-07-12,11.369999885559082,11.380000114440918,10.960000038146973,10.970000267028809,10.970000267028809,131900
2024-07-15,10.90999984741211,11.050000190734863,10.630000114440918,10.960000038146973,10.960000038146973,164900
2024-07-16,10.9399995803833,11.15999984741211,10.829999923706055,11.09000015258789,11.09000015258789,79900
2024-07-17,11.119999885559082,11.437000274658203,11.095000267028809,11.229999542236328,11.229999542236328,116600
2024-07-18,11.229999542236328,11.364999771118164,11.039999961853027,11.050000190734863,11.050000190734863,60000
2024-07-19,11.039999961853027,11.25,11.029999732971191,11.1899995803833,11.1899995803833,87100
2024-07-22,11.149999618530273,11.229999542236328,11.045000076293945,11.149999618530273,11.149999618530273,62000
2024-07-23,11.199999809265137,11.350000381469727,11.1850004196167,11.350000381469727,11.350000381469727,73100
2024-07-24,11.359999656677246,11.4399995803833,10.949999809265137,10.970000267028809,10.970000267028809,65100
2024-07-25,11.069999694824219,11.09000015258789,10.829999923706055,10.829999923706055,10.829999923706055,44100
2024-07-26,10.869999885559082,11.050000190734863,10.869999885559082,10.979999542236328,10.979999542236328,85900
2024-07-29,11.100000381469727,11.180000305175781,10.960000038146973,10.989999771118164,10.989999771118164,93900
2024-07-30,10.979999542236328,11.15999984741211,10.92199993133545,11.100000381469727,11.100000381469727,41900
2024-07-31,11.00100040435791,11.239999771118164,11.00100040435791,11.0600004196167,11.0600004196167,45400
2024-08-01,11.069999694824219,11.140000343322754,10.850000381469727,11.09000015258789,11.09000015258789,56400
2024-08-02,10.989999771118164,10.989999771118164,10.720000267028809,10.75,10.75,42400
2024-08-05,10.229999542236328,10.545000076293945,10.020000457763672,10.539999961853027,10.539999961853027,139900
2024-08-06,11.050000190734863,11.234999656677246,10.550000190734863,10.779999732971191,10.779999732971191,83100
2024-08-07,11.029999732971191,11.029999732971191,10.734999656677246,10.8100004196167,10.8100004196167,52300
2024-08-08,10.90999984741211,11.010000228881836,10.779000282287598,10.779999732971191,10.779999732971191,34100
2024-08-09,10.6899995803833,10.800000190734863,10.470000267028809,10.600000381469727,10.600000381469727,120200
2024-08-12,10.5,10.699999809265137,10.350000381469727,10.470000267028809,10.470000267028809,91500
2024-08-13,10.569999694824219,10.619999885559082,10.390000343322754,10.529999732971191,10.529999732971191,74200
2024-08-14,10.460000038146973,10.625,10.399999618530273,10.460000038146973,10.460000038146973,93400
2024-08-15,10.5,10.6899995803833,10.420000076293945,10.609999656677246,10.609999656677246,114900
2024-08-16,10.600000381469727,11.0600004196167,10.5,11.039999961853027,11.039999961853027,124600
2024-08-19,11.020000457763672,11.470000267028809,11.020000457763672,11.380000114440918,11.380000114440918,87000
2024-08-20,11.420000076293945,11.460000038146973,11.149999618530273,11.199999809265137,11.199999809265137,65000
2024-08-21,11.199999809265137,11.210000038146973,11.069999694824219,11.109999656677246,11.109999656677246,55500
2024-08-22,11.109999656677246,11.430000305175781,11.109999656677246,11.399999618530273,11.399999618530273,72100
2024-08-23,11.5,11.979999542236328,11.4399995803833,11.670000076293945,11.670000076293945,95700
2024-08-26,11.640000343322754,12.039999961853027,11.640000343322754,12.029999732971191,12.029999732971191,64300
2024-08-27,12.020000457763672,12.350000381469727,12.020000457763672,12.100000381469727,12.100000381469727,96000
2024-08-28,12.0,12.15999984741211,11.899999618530273,11.960000038146973,11.960000038146973,59000
2024-08-29,12.09000015258789,12.100000381469727,11.90999984741211,12.0,12.0,89100
2024-08-30,11.949999809265137,12.069999694824219,11.670000076293945,11.9399995803833,11.9399995803833,164500
2024-09-03,11.979999542236328,12.069999694824219,11.640000343322754,11.779999732971191,11.779999732971191,117600
2024-09-04,11.880000114440918,12.111000061035156,11.720000267028809,11.850000381469727,11.850000381469727,104000
2024-09-05,11.899999618530273,11.899999618530273,11.680000305175781,11.739999771118164,11.739999771118164,74600
2024-09-06,11.734999656677246,11.890000343322754,11.430000305175781,11.460000038146973,11.460000038146973,66700
2024-09-09,11.40999984741211,11.569999694824219,11.229999542236328,11.329999923706055,11.329999923706055,72200
2024-09-10,11.25,11.460000038146973,10.989999771118164,11.039999961853027,11.039999961853027,84600
2024-09-11,10.920000076293945,11.0,10.75100040435791,10.989999771118164,10.989999771118164,72800
2024-09-12,11.069999694824219,11.15999984741211,10.875,11.09000015258789,11.09000015258789,27900
2024-09-13,11.1899995803833,11.300000190734863,11.039999961853027,11.09000015258789,11.09000015258789,55400
2024-09-16,11.149999618530273,11.25,11.079999923706055,11.109999656677246,11.109999656677246,44800
2024-09-17,11.180000305175781,11.293000221252441,11.0600004196167,11.140000343322754,11.140000343322754,51800
2024-09-18,11.149999618530273,11.300000190734863,11.119999885559082,11.119999885559082,11.119999885559082,49600
2024-09-19,11.01200008392334,11.15999984741211,10.9399995803833,10.970000267028809,10.970000267028809,32300
2024-09-20,10.890000343322754,10.9350004196167,10.59000015258789,10.65999984741211,10.65999984741211,131900
2024-09-23,10.720000267028809,10.819999694824219,10.600000381469727,10.710000038146973,10.710000038146973,39800
2024-09-24,10.65999984741211,10.769000053405762,10.569999694824219,10.640000343322754,10.640000343322754,50400
2024-09-25,10.649999618530273,10.699999809265137,10.569999694824219,10.59000015258789,10.59000015258789,27000
2024-09-26,10.635000228881836,10.720000267028809,10.399999618530273,10.520000457763672,10.520000457763672,50000
2024-09-27,10.460000038146973,10.670000076293945,10.369999885559082,10.420000076293945,10.420000076293945,47100
2024-09-30,10.319999694824219,10.380000114440918,10.135000228881836,10.170000076293945,10.170000076293945,65000
2024-10-01,10.140000343322754,10.5,10.0,10.369999885559082,10.369999885559082,106900
2024-10-02,10.34000015258789,10.550000190734863,10.34000015258789,10.479999542236328,10.479999542236328,68500
2024-10-03,10.380000114440918,10.604000091552734,10.3100004196167,10.4399995803833,10.4399995803833,43900
2024-10-04,10.539999961853027,10.710000038146973,10.4399995803833,10.670000076293945,10.670000076293945,41500
2024-10-07,10.680000305175781,10.699999809265137,10.329999923706055,10.449999809265137,10.449999809265137,52600
2024-10-08,10.430000305175781,10.75,10.430000305175781,10.520000457763672,10.520000457763672,59600
2024-10-09,10.65999984741211,10.770000457763672,10.5,10.739999771118164,10.739999771118164,79800
2024-10-10,10.75,10.880000114440918,10.699999809265137,10.739999771118164,10.739999771118164,30300
2024-10-11,10.699999809265137,10.869999885559082,10.699999809265137,10.789999961853027,10.789999961853027,36900
2024-10-14,10.8100004196167,10.90999984741211,10.710000038146973,10.710000038146973,10.710000038146973,29900
2024-10-15,10.770999908447266,10.890000343322754,10.654999732971191,10.739999771118164,10.739999771118164,26900
2024-10-16,10.670000076293945,10.869999885559082,10.649999618530273,10.739999771118164,10.739999771118164,33800
2024-10-17,10.6899995803833,10.729999542236328,10.579999923706055,10.640000343322754,10.640000343322754,36500
2024-10-18,10.680000305175781,10.899999618530273,10.600000381469727,10.600000381469727,10.600000381469727,31400
2024-10-21,10.5,10.729999542236328,10.34000015258789,10.470000267028809,10.470000267028809,38900
2024-10-22,10.420000076293945,10.449999809265137,10.300000190734863,10.430000305175781,10.430000305175781,79200
2024-10-23,10.489999771118164,10.545000076293945,10.359999656677246,10.479999542236328,10.479999542236328,16400
2024-10-24,10.539999961853027,10.680000305175781,10.399999618530273,10.680000305175781,10.680000305175781,92100
2024-10-25,10.789999961853027,10.789999961853027,10.229999542236328,10.359999656677246,10.359999656677246,51900
2024-10-28,10.319999694824219,10.555000305175781,10.319999694824219,10.4399995803833,10.4399995803833,20400
2024-10-29,10.350000381469727,10.670000076293945,10.279999732971191,10.609999656677246,10.609999656677246,43600
2024-10-30,10.600000381469727,10.8100004196167,10.569999694824219,10.770000457763672,10.770000457763672,51100
2024-10-31,10.65999984741211,10.880000114440918,10.5,10.770000457763672,10.770000457763672,40700
2024-11-01,10.779999732971191,11.130000114440918,10.710000038146973,10.920000076293945,10.920000076293945,99000
2024-11-04,10.869999885559082,11.079999923706055,10.795000076293945,11.050000190734863,11.050000190734863,64800
2024-11-05,10.970000267028809,11.430000305175781,10.970000267028809,11.399999618530273,11.399999618530273,39400
2024-11-06,11.510000228881836,11.989999771118164,11.420000076293945,11.949999809265137,11.949999809265137,87100
2024-11-07,11.010000228881836,12.029999732971191,10.960000038146973,11.430000305175781,11.430000305175781,153900
2024-11-08,11.270000457763672,11.375,10.829999923706055,11.210000038146973,11.210000038146973,119500
2024-11-11,11.130000114440918,11.140000343322754,10.550000190734863,10.880000114440918,10.880000114440918,152700
2024-11-12,10.979999542236328,11.449999809265137,10.890999794006348,11.260000228881836,11.260000228881836,107800
2024-11-13,11.25,11.4399995803833,10.859999656677246,11.079999923706055,11.079999923706055,147800
2024-11-14,11.0,11.524999618530273,11.0,11.1899995803833,11.1899995803833,271400
2024-11-15,11.180000305175781,11.350000381469727,11.09000015258789,11.09000015258789,11.09000015258789,33000
2024-11-18,11.020000457763672,11.300000190734863,11.020000457763672,11.180000305175781,11.180000305175781,96800
2024-11-19,11.170000076293945,11.25,11.0,11.149999618530273,11.149999618530273,189000
2024-11-20,11.069999694824219,11.25,10.991000175476074,11.0600004196167,11.0600004196167,122200
2024-11-21,11.09000015258789,11.520000457763672,11.069999694824219,11.510000228881836,11.510000228881836,219200
2024-11-22,11.550000190734863,11.795000076293945,11.369999885559082,11.510000228881836,11.510000228881836,191400
2024-11-25,11.520000457763672,11.739999771118164,11.430000305175781,11.449999809265137,11.449999809265137,117100
2024-11-26,11.539999961853027,11.739999771118164,11.420000076293945,11.670000076293945,11.670000076293945,130200
2024-11-27,11.75,11.779999732971191,11.614999771118164,11.75,11.75,97500
2024-11-29,11.770000457763672,11.890000343322754,11.6899995803833,11.779999732971191,11.779999732971191,65500
2024-12-02,11.800000190734863,12.020000457763672,11.699999809265137,11.869999885559082,11.869999885559082,137100
2024-12-03,11.8100004196167,11.869999885559082,11.694999694824219,11.710000038146973,11.710000038146973,63200
2024-12-04,11.609999656677246,11.699999809265137,11.425000190734863,11.470000267028809,11.470000267028809,40400
2024-12-05,11.5600004196167,11.5600004196167,11.359999656677246,11.4399995803833,11.4399995803833,44800
2024-12-06,11.399999618530273,11.4399995803833,11.210000038146973,11.239999771118164,11.239999771118164,46000
2024-12-09,11.1899995803833,11.25,11.079999923706055,11.119999885559082,11.119999885559082,74500
2024-12-10,11.0,11.300000190734863,10.875,11.170000076293945,11.170000076293945,68000
2024-12-11,11.1899995803833,11.362000465393066,11.079999923706055,11.210000038146973,11.210000038146973,78700
2024-12-12,11.260000228881836,11.329999923706055,11.09000015258789,11.130000114440918,11.130000114440918,54300
2024-12-13,11.079999923706055,11.119999885559082,10.9350004196167,11.09000015258789,11.09000015258789,48900
2024-12-16,11.15999984741211,11.199999809265137,10.890000343322754,10.979999542236328,10.979999542236328,68900
2024-12-17,10.930000305175781,10.9399995803833,10.770000457763672,10.850000381469727,10.850000381469727,62500
2024-12-18,10.779999732971191,10.994999885559082,10.529999732971191,10.550000190734863,10.550000190734863,72500
2024-12-19,10.529999732971191,10.729999542236328,10.454999923706055,10.619999885559082,10.619999885559082,55600
2024-12-20,10.579999923706055,10.694999694824219,10.300000190734863,10.40999984741211,10.40999984741211,182600
2024-12-23,10.359999656677246,10.470000267028809,10.039999961853027,10.119999885559082,10.119999885559082,105500
2024-12-24,10.032999992370605,10.25,10.032999992370605,10.109999656677246,10.109999656677246,11800
2024-12-26,9.960000038146973,10.100000381469727,9.75,10.0,10.0,57400
2024-12-27,9.90999984741211,10.0,9.75,9.829999923706055,9.829999923706055,33900
2024-12-30,9.65999984741211,9.666000366210938,9.390000343322754,9.569999694824219,9.569999694824219,44500
2024-12-31,9.600000381469727,9.710000038146973,9.550000190734863,9.649999618530273,9.649999618530273,53800
2025-01-02,9.739999771118164,9.930000305175781,9.739999771118164,9.880000114440918,9.880000114440918,86000
2025-01-03,9.869999885559082,9.960000038146973,9.765000343322754,9.770000457763672,9.770000457763672,58300
2025-01-06,9.729999542236328,9.770000457763672,9.579999923706055,9.609999656677246,9.609999656677246,61300
2025-01-07,9.619999885559082,9.619999885559082,9.420000076293945,9.479999542236328,9.479999542236328,68900
2025-01-08,9.420000076293945,9.5600004196167,9.300000190734863,9.539999961853027,9.539999961853027,56200
2025-01-10,9.40999984741211,9.479999542236328,9.229999542236328,9.399999618530273,9.399999618530273,71700
2025-01-13,9.399999618530273,9.40999984741211,9.156999588012695,9.3100004196167,9.3100004196167,91300
2025-01-14,9.329999923706055,9.59000015258789,9.279999732971191,9.569999694824219,9.569999694824219,40700
2025-01-15,9.640000343322754,9.760000228881836,9.581000328063965,9.6899995803833,9.6899995803833,38100
2025-01-16,9.649999618530273,9.800000190734863,9.531000137329102,9.760000228881836,9.760000228881836,36600
2025-01-17,9.760000228881836,9.859999656677246,9.630000114440918,9.65999984741211,9.65999984741211,25000
2025-01-21,9.649999618530273,9.6899995803833,9.550000190734863,9.65999984741211,9.65999984741211,39300
2025-01-22,9.65999984741211,9.765000343322754,9.59000015258789,9.720000267028809,9.720000267028809,55600
2025-01-23,9.755000114440918,9.789999961853027,9.625,9.710000038146973,9.710000038146973,50700
2025-01-24,9.300000190734863,9.819999694824219,9.300000190734863,9.800000190734863,9.800000190734863,92400
2025-01-27,9.800000190734863,9.979999542236328,9.670999526977539,9.859999656677246,9.859999656677246,37400
2025-01-28,9.795000076293945,9.899999618530273,9.729999542236328,9.779999732971191,9.779999732971191,28900
2025-01-29,9.774999618530273,9.809000015258789,9.65999984741211,9.739999771118164,9.739999771118164,40200
2025-01-30,9.854999542236328,9.876999855041504,9.65999984741211,9.739999771118164,9.739999771118164,24800
2025-01-31,9.670000076293945,9.8100004196167,9.555000305175781,9.6899995803833,9.6899995803833,48700
2025-02-03,9.579999923706055,9.6899995803833,9.449999809265137,9.649999618530273,9.649999618530273,37200
2025-02-04,9.579999923706055,9.982999801635742,9.569999694824219,9.859999656677246,9.859999656677246,64000
2025-02-05,9.899999618530273,10.095000267028809,9.789999961853027,10.069999694824219,10.069999694824219,49800
2025-02-06,9.710000038146973,10.210000038146973,9.694999694824219,10.170000076293945,10.170000076293945,44200
2025-02-07,10.130000114440918,10.364999771118164,9.944999694824219,10.220000267028809,10.220000267028809,38800
2025-02-10,10.199999809265137,10.345000267028809,10.100000381469727,10.15999984741211,10.15999984741211,31200
2025-02-11,10.0,10.25,9.869999885559082,10.109999656677246,10.109999656677246,23800
2025-02-12,10.140000343322754,10.25,9.9399995803833,9.989999771118164,9.989999771118164,34300
2025-02-13,9.989999771118164,10.430000305175781,9.940999984741211,10.329999923706055,10.329999923706055,34800
2025-02-14,10.329999923706055,10.329999923706055,9.989999771118164,10.0600004196167,10.0600004196167,37900
2025-02-18,10.0600004196167,10.180000305175781,9.920000076293945,10.069999694824219,10.069999694824219,44500
2025-02-19,10.015000343322754,10.229999542236328,9.970000267028809,10.0600004196167,10.0600004196167,28000
2025-02-20,10.050000190734863,10.140000343322754,9.88700008392334,10.0600004196167,10.0600004196167,33200
2025-02-21,10.0600004196167,10.100000381469727,9.8100004196167,9.989999771118164,9.989999771118164,33700
2025-02-24,9.96500015258789,10.149999618530273,9.859999656677246,10.09000015258789,10.09000015258789,21700
2025-02-25,10.199999809265137,10.199999809265137,9.970000267028809,10.119999885559082,10.119999885559082,37900
2025-02-26,10.039999961853027,10.140000343322754,9.989999771118164,10.079999923706055,10.079999923706055,16700
2025-02-27,10.050000190734863,10.239999771118164,10.008000373840332,10.079999923706055,10.079999923706055,18000
2025-02-28,10.09000015258789,10.225000381469727,10.024999618530273,10.119999885559082,10.119999885559082,67500
2025-03-03,10.170000076293945,10.36400032043457,9.90999984741211,10.010000228881836,10.010000228881836,59900
2025-03-04,9.850000381469727,10.149999618530273,9.0,9.899999618530273,9.899999618530273,70700
2025-03-05,9.880000114440918,9.979999542236328,9.472999572753906,9.699999809265137,9.699999809265137,90700
2025-03-06,9.600000381469727,9.930000305175781,9.600000381469727,9.800000190734863,9.800000190734863,43900
2025-03-07,9.779999732971191,9.899999618530273,9.729999542236328,9.770000457763672,9.770000457763672,23000
2025-03-10,9.720000267028809,9.899999618530273,9.199999809265137,9.449999809265137,9.449999809265137,81200
2025-03-11,9.508000373840332,9.692000389099121,9.140000343322754,9.390000343322754,9.390000343322754,64900
2025-03-12,9.390000343322754,9.479999542236328,9.130000114440918,9.319999694824219,9.319999694824219,37400
2025-03-13,9.329999923706055,9.4399995803833,9.0,9.1899995803833,9.1899995803833,26900
2025-03-14,9.279999732971191,9.579999923706055,9.210000038146973,9.329999923706055,9.329999923706055,154000
2025-03-17,9.25,9.795000076293945,9.210000038146973,9.279999732971191,9.279999732971191,128200
2025-03-18,9.28499984741211,9.420000076293945,9.079999923706055,9.1899995803833,9.1899995803833,147300
2025-03-19,9.199999809265137,9.342000007629395,9.069999694824219,9.229999542236328,9.229999542236328,57600
2025-03-20,9.229999542236328,9.270000457763672,9.109999656677246,9.180000305175781,9.180000305175781,37900
2025-03-21,9.199999809265137,9.239999771118164,9.069999694824219,9.109999656677246,9.109999656677246,108700
2025-03-24,9.170000076293945,9.460000038146973,9.0,9.359999656677246,9.359999656677246,105200
2025-03-25,9.369999885559082,9.5,9.244999885559082,9.359999656677246,9.359999656677246,83200
2025-03-26,9.4399995803833,9.491000175476074,9.050000190734863,9.180000305175781,9.180000305175781,98300
2025-03-27,9.170000076293945,9.486000061035156,9.100000381469727,9.329999923706055,9.329999923706055,87500
2025-03-28,9.649999618530273,9.680000305175781,8.880000114440918,9.0,9.0,125900
2025-03-31,8.930000305175781,9.1899995803833,8.890000343322754,9.039999961853027,9.039999961853027,108500
2025-04-01,9.09000015258789,9.149999618530273,8.789999961853027,9.079999923706055,9.079999923706055,80100
2025-04-02,8.960000038146973,9.175000190734863,8.960000038146973,8.960000038146973,8.960000038146973,22200
2025-04-03,8.75,9.133999824523926,8.510000228881836,8.739999771118164,8.739999771118164,77500
2025-04-04,8.680000305175781,8.680000305175781,8.199999809265137,8.40999984741211,8.40999984741211,77200
2025-04-07,8.180000305175781,8.579999923706055,8.029999732971191,8.369999885559082,8.369999885559082,57200
2025-04-08,8.449999809265137,8.569999694824219,8.220000267028809,8.34000015258789,8.34000015258789,75000
2025-04-09,8.34000015258789,9.020000457763672,8.220000267028809,8.8100004196167,8.8100004196167,80600
2025-04-10,8.789999961853027,8.869999885559082,8.489999771118164,8.75,8.75,93700
2025-04-11,8.710000038146973,8.880000114440918,8.470000267028809,8.680000305175781,8.680000305175781,29800
2025-04-14,8.880000114440918,9.5,8.612000465393066,8.779999732971191,8.779999732971191,66600
2025-04-15,8.543000221252441,8.970000267028809,8.543000221252441,8.640000343322754,8.640000343322754,91800
2025-04-16,8.579999923706055,8.829999923706055,8.579999923706055,8.699999809265137,8.699999809265137,68400
2025-04-17,8.699999809265137,9.0600004196167,8.510000228881836,8.670000076293945,8.670000076293945,183200
2025-04-21,8.5600004196167,8.692000389099121,8.369999885559082,8.520000457763672,8.520000457763672,33000
2025-04-22,8.579999923706055,8.954999923706055,8.390000343322754,8.5600004196167,8.5600004196167,115000
2025-04-23,8.680000305175781,8.78499984741211,8.569999694824219,8.600000381469727,8.600000381469727,91900
2025-04-24,8.9350004196167,9.170000076293945,8.579999923706055,9.130000114440918,9.130000114440918,119700
2025-04-25,9.069999694824219,9.15999984741211,8.5,8.65999984741211,8.65999984741211,113200
2025-04-28,8.630000114440918,8.84000015258789,8.569000244140625,8.800000190734863,8.800000190734863,40300
2025-04-29,8.75,9.029999732971191,8.609999656677246,8.789999961853027,8.789999961853027,76900
2025-04-30,8.729999542236328,8.930000305175781,8.670000076293945,8.8100004196167,8.8100004196167,70100
2025-05-01,8.789999961853027,8.970000267028809,8.699999809265137,8.760000228881836,8.760000228881836,77200
2025-05-02,8.819999694824219,9.154999732971191,8.819999694824219,9.050000190734863,9.050000190734863,18900
2025-05-05,8.937999725341797,9.100000381469727,8.885000228881836,8.920000076293945,8.920000076293945,27800
2025-05-06,9.145000457763672,9.145000457763672,8.869000434875488,8.880000114440918,8.880000114440918,36700
2025-05-07,9.489999771118164,9.862000465393066,9.28499984741211,9.75,9.75,119700
2025-05-08,9.850000381469727,9.979999542236328,9.649999618530273,9.699999809265137,9.699999809265137,49200
2025-05-09,9.670000076293945,9.819999694824219,9.600000381469727,9.760000228881836,9.760000228881836,41200
2025-05-12,9.829999923706055,9.96500015258789,9.300000190734863,9.40999984741211,9.40999984741211,87400
2025-05-13,9.470000267028809,9.899999618530273,9.444999694824219,9.84000015258789,9.84000015258789,159900
2025-05-14,9.899999618530273,9.899999618530273,9.609999656677246,9.619999885559082,9.619999885559082,78900
2025-05-15,9.65999984741211,9.829999923706055,9.229999542236328,9.649999618530273,9.649999618530273,123800
2025-05-16,9.600000381469727,9.75,9.600000381469727,9.680000305175781,9.680000305175781,81300
2025-05-19,9.569999694824219,9.989999771118164,9.569999694824219,9.720000267028809,9.720000267028809,66800
2025-05-20,9.640000343322754,9.845000267028809,9.4399995803833,9.529999732971191,9.529999732971191,106600
2025-05-21,9.470000267028809,9.53499984741211,9.199999809265137,9.25,9.25,30600
2025-05-22,9.300000190734863,9.3149995803833,9.119999885559082,9.1899995803833,9.1899995803833,27800
2025-05-23,9.149999618530273,9.25,9.079999923706055,9.100000381469727,9.100000381469727,20300
2025-05-27,9.149999618530273,9.479999542236328,9.149999618530273,9.399999618530273,9.399999618530273,81100
2025-05-28,9.385000228881836,9.5,9.1899995803833,9.40999984741211,9.40999984741211,73400
2025-05-29,9.449999809265137,9.8100004196167,9.449999809265137,9.710000038146973,9.710000038146973,154600
2025-05-30,9.699999809265137,9.989999771118164,9.699999809265137,9.720000267028809,9.720000267028809,177100
2025-06-02,9.640000343322754,9.949999809265137,9.625,9.859999656677246,9.859999656677246,45000
2025-06-03,9.8100004196167,10.010000228881836,9.739999771118164,10.0,10.0,72400
2025-06-04,10.0,10.09000015258789,9.949999809265137,9.989999771118164,9.989999771118164,46300
2025-06-05,10.069999694824219,10.210000038146973,9.960000038146973,10.029999732971191,10.029999732971191,72200
2025-06-06,10.0600004196167,10.229999542236328,9.954999923706055,10.020000457763672,10.020000457763672,75900
2025-06-09,10.010000228881836,10.010000228881836,9.710000038146973,9.789999961853027,9.789999961853027,63700
2025-06-10,9.729999542236328,9.729999542236328,9.529999732971191,9.630000114440918,9.630000114440918,44700
2025-06-11,9.699999809265137,9.75,9.510000228881836,9.550000190734863,9.550000190734863,86200
2025-06-12,9.5,9.729999542236328,9.449999809265137,9.510000228881836,9.510000228881836,41400
2025-06-13,9.4399995803833,9.630000114440918,9.329999923706055,9.460000038146973,9.460000038146973,81400
2025-06-16,9.430000305175781,9.6899995803833,9.430000305175781,9.479999542236328,9.479999542236328,40900
2025-06-17,9.470000267028809,9.760000228881836,9.470000267028809,9.550000190734863,9.550000190734863,60200
2025-06-18,9.529999732971191,9.800000190734863,9.529999732971191,9.65999984741211,9.65999984741211,108300
2025-06-20,9.640000343322754,9.899999618530273,9.640000343322754,9.850000381469727,9.850000381469727,81100
2025-06-23,9.800000190734863,10.09000015258789,9.800000190734863,10.020000457763672,10.020000457763672,75200
2025-06-24,10.079999923706055,10.229999542236328,9.979999542236328,10.069999694824219,10.069999694824219,91200
2025-06-25,10.109999656677246,10.15999984741211,9.989999771118164,10.039999961853027,10.039999961853027,79800
2025-06-26,9.979999542236328,10.204999923706055,9.979999542236328,10.069999694824219,10.069999694824219,71000
2025-06-27,10.140000343322754,10.220000267028809,9.970000267028809,10.180000305175781,10.180000305175781,63200
2025-06-30,10.140000343322754,10.170000076293945,10.0,10.109999656677246,10.109999656677246,63000
2025-07-01,9.989999771118164,10.239999771118164,9.989999771118164,10.149999618530273,10.149999618530273,81100
2025-07-02,10.100000381469727,10.220000267028809,9.720000267028809,10.029999732971191,10.029999732971191,129000
2025-07-03,9.880000114440918,10.239999771118164,9.880000114440918,10.1899995803833,10.1899995803833,33400
2025-07-07,10.109999656677246,10.199999809265137,10.100000381469727,10.15999984741211,10.15999984741211,52600
2025-07-08,10.100000381469727,10.239999771118164,10.09000015258789,10.09000015258789,10.09000015258789,90400
2025-07-09,10.09000015258789,10.196999549865723,9.989999771118164,10.100000381469727,10.100000381469727,144600
2025-07-10,10.020000457763672,10.1899995803833,10.020000457763672,10.039999961853027,10.039999961853027,77700
2025-07-11,10.0600004196167,10.0600004196167,9.8100004196167,10.0,10.0,102900
2025-07-14,9.979999542236328,10.050000190734863,9.9399995803833,10.0,10.0,49000
2025-07-15,10.0,10.135000228881836,9.914999961853027,10.0,10.0,108000
2025-07-16,10.119999885559082,10.149999618530273,9.9399995803833,10.0,10.0,76100
2025-07-17,10.0,10.09000015258789,9.9350004196167,10.039999961853027,10.039999961853027,67700
2025-07-18,10.130000114440918,10.180000305175781,10.039999961853027,10.109999656677246,10.109999656677246,77200
2025-07-21,10.140000343322754,10.208999633789062,10.055000305175781,10.09000015258789,10.09000015258789,67700
2025-07-22,10.130000114440918,10.239999771118164,10.119999885559082,10.140000343322754,10.140000343322754,115500
2025-07-23,10.180000305175781,10.289999961853027,10.079999923706055,10.279999732971191,10.279999732971191,112700
2025-07-24,10.329999923706055,10.630000114440918,10.199999809265137,10.630000114440918,10.630000114440918,218100
2025-07-25,10.630000114440918,10.880000114440918,10.625,10.75,10.75,98500
2025-07-28,10.75,11.0,10.75,10.8100004196167,10.8100004196167,47500
2025-07-29,10.729999542236328,10.75,10.289999961853027,10.300000190734863,10.300000190734863,48000
2025-07-30,10.289999961853027,10.289999961853027,10.020000457763672,10.039999961853027,10.039999961853027,49100
2025-07-31,10.100000381469727,10.225000381469727,10.0,10.15999984741211,10.15999984741211,41200
2025-08-01,10.100000381469727,10.100000381469727,9.890000343322754,10.020000457763672,10.020000457763672,108400
2025-08-04,10.119999885559082,11.0,10.119999885559082,10.75,10.75,66900
2025-08-05,10.779999732971191,11.119999885559082,10.765000343322754,11.119999885559082,11.119999885559082,38400
2025-08-06,11.079999923706055,11.100000381469727,10.3100004196167,10.920000076293945,10.920000076293945,51000
2025-08-07,10.109999656677246,10.149999618530273,8.8100004196167,9.34000015258789,9.34000015258789,947500
2025-08-08,10.25,10.989999771118164,10.229999542236328,10.649999618530273,10.649999618530273,2208200
2025-08-11,10.670000076293945,10.989999771118164,10.520000457763672,10.890000343322754,10.890000343322754,298000
2025-08-12,10.920000076293945,11.039999961853027,10.75,11.020000457763672,11.020000457763672,283300
2025-08-13,11.079999923706055,11.4399995803833,11.010000228881836,11.319999694824219,11.319999694824219,311300
2025-08-14,11.279999732971191,11.289999961853027,11.010000228881836,11.029999732971191,11.029999732971191,208600
2025-08-15,11.140000343322754,11.229999542236328,10.9399995803833,11.1899995803833,11.1899995803833,104900
2025-08-18,11.119999885559082,11.1899995803833,10.989999771118164,10.989999771118164,10.989999771118164,99200
2025-08-19,10.989999771118164,11.265000343322754,10.9399995803833,10.9399995803833,10.9399995803833,68800
2025-08-20,10.930000305175781,11.170000076293945,10.800000190734863,10.9399995803833,10.9399995803833,62900
2025-08-21,10.890000343322754,10.960000038146973,10.664999961853027,10.770000457763672,10.770000457763672,70400
2025-08-22,10.710000038146973,11.015000343322754,10.710000038146973,10.930000305175781,10.930000305175781,54400
2025-08-25,10.989999771118164,11.039999961853027,10.779999732971191,10.829999923706055,10.829999923706055,63200
2025-08-26,10.779999732971191,10.890000343322754,10.619999885559082,10.850000381469727,10.850000381469727,154500
2025-08-27,11.079999923706055,11.234999656677246,10.96500015258789,11.140000343322754,11.140000343322754,125100
2025-08-28,11.1899995803833,11.404999732971191,11.079999923706055,11.239999771118164,11.239999771118164,162400
2025-08-29,11.319999694824219,11.59000015258789,11.069999694824219,11.449999809265137,11.449999809265137,189600
2025-09-02,11.350000381469727,11.489999771118164,10.970000267028809,11.25,11.25,136400
2025-09-03,11.210000038146973,11.760000228881836,11.065999984741211,11.760000228881836,11.760000228881836,267400
2025-09-04,11.6899995803833,11.6899995803833,11.354999542236328,11.5,11.5,143700
2025-09-05,11.579999923706055,11.829999923706055,11.470000267028809,11.779999732971191,11.779999732971191,219700
2025-09-08,11.899999618530273,12.100000381469727,11.800000190734863,12.079999923706055,12.079999923706055,212300
2025-09-09,12.119999885559082,12.255000114440918,12.029999732971191,12.130000114440918,12.130000114440918,134300
2025-09-10,12.220000267028809,12.539999961853027,12.029999732971191,12.470000267028809,12.470000267028809,202200
2025-09-11,12.40999984741211,12.75,12.359999656677246,12.5,12.5,444800
2025-09-12,12.479999542236328,12.65999984741211,12.289999961853027,12.520000457763672,12.520000457763672,211600
2025-09-15,12.489999771118164,12.96500015258789,12.276000022888184,12.670000076293945,12.670000076293945,225600
2025-09-16,12.649999618530273,12.765000343322754,12.359999656677246,12.40999984741211,12.40999984741211,181700
2025-09-17,12.489999771118164,13.319999694824219,12.489999771118164,13.020000457763672,13.020000457763672,227700
2025-09-18,12.920000076293945,13.0649995803833,12.880000114440918,12.979999542236328,12.979999542236328,144600
2025-09-19,13.079999923706055,13.079999923706055,12.640000343322754,12.720000267028809,12.720000267028809,1021300
2025-09-22,12.449999809265137,12.729999542236328,12.244999885559082,12.300000190734863,12.300000190734863,197900
2025-09-23,12.25,12.380000114440918,12.15999984741211,12.289999961853027,12.289999961853027,108000
2025-09-24,12.260000228881836,12.350000381469727,12.15999984741211,12.210000038146973,12.210000038146973,216000
2025-09-25,12.180000305175781,12.241000175476074,11.880000114440918,12.180000305175781,12.180000305175781,115500
2025-09-26,12.270000457763672,12.279999732971191,12.010000228881836,12.010000228881836,12.010000228881836,55500
2025-09-29,12.039999961853027,12.074999809265137,11.6899995803833,11.729999542236328,11.729999542236328,64100
2025-09-30,11.630000114440918,12.0600004196167,11.630000114440918,12.039999961853027,12.039999961853027,185800
2025-10-01,12.0600004196167,12.460000038146973,11.869999885559082,11.949999809265137,11.949999809265137,201400
2025-10-02,11.800000190734863,12.1899995803833,11.75,12.130000114440918,12.130000114440918,133800
2025-10-03,12.229999542236328,12.359999656677246,11.989999771118164,11.989999771118164,11.989999771118164,103800
2025-10-06,12.119999885559082,12.300000190734863,11.9399995803833,12.09000015258789,12.09000015258789,67300
2025-10-07,11.979999542236328,12.140000343322754,11.84000015258789,11.90999984741211,11.90999984741211,54800
2025-10-08,11.8100004196167,12.130000114440918,11.710000038146973,12.109999656677246,12.109999656677246,73800
2025-10-09,11.930000305175781,12.260000228881836,11.930000305175781,12.010000228881836,12.010000228881836,68100
2025-10-10,11.90999984741211,12.010000228881836,11.65999984741211,11.6899995803833,11.6899995803833,65300
2025-10-13,11.75,11.835000038146973,11.550000190734863,11.760000228881836,11.760000228881836,50000
2025-10-14,11.819999694824219,12.269000053405762,11.779999732971191,12.260000228881836,12.260000228881836,175200
2025-10-15,12.319999694824219,12.329999923706055,12.010000228881836,12.15999984741211,12.15999984741211,98600
2025-10-16,12.220000267028809,12.295000076293945,11.359999656677246,11.4399995803833,11.4399995803833,202300
2025-10-17,11.4399995803833,11.550000190734863,11.204999923706055,11.329999923706055,11.329999923706055,186500
2025-10-20,11.430000305175781,11.430000305175781,11.119999885559082,11.149999618530273,11.149999618530273,74300
2025-10-21,11.100000381469727,11.289999961853027,11.029999732971191,11.25,11.25,114800
2025-10-22,11.130000114440918,11.329999923706055,11.085000038146973,11.220000267028809,11.220000267028809,102900
2025-10-23,11.34000015258789,11.350000381469727,11.03499984741211,11.180000305175781,11.180000305175781,93600
2025-10-24,11.239999771118164,11.329999923706055,11.039999961853027,11.0600004196167,11.0600004196167,75200
2025-10-27,11.0600004196167,11.25,10.949999809265137,11.180000305175781,11.180000305175781,92500
2025-10-28,11.199999809265137,11.270000457763672,11.015000343322754,11.0600004196167,11.0600004196167,90600
2025-10-29,10.970000267028809,10.989999771118164,10.680000305175781,10.720000267028809,10.720000267028809,65300
2025-10-30,10.8100004196167,11.220000267028809,10.75,11.1899995803833,11.1899995803833,126700
2025-10-31,11.239999771118164,11.371999740600586,11.109999656677246,11.220000267028809,11.220000267028809,148200
2025-11-03,11.199999809265137,11.420000076293945,11.050000190734863,11.289999961853027,11.289999961853027,183100
2025-11-04,11.90999984741211,12.119999885559082,10.979999542236328,11.140000343322754,11.140000343322754,153400
2025-11-05,11.039999961853027,11.739999771118164,10.989999771118164,11.380000114440918,11.380000114440918,223700
2025-11-06,11.460000038146973,11.8100004196167,11.460000038146973,11.670000076293945,11.670000076293945,156500
2025-11-07,11.680000305175781,12.460000038146973,11.550000190734863,12.430000305175781,12.430000305175781,224800
2025-11-10,12.460000038146973,13.055000305175781,12.270000457763672,12.9399995803833,12.9399995803833,285900
2025-11-11,12.9399995803833,13.375,12.739999771118164,13.210000038146973,13.210000038146973,207000
2025-11-12,13.199999809265137,13.800000190734863,13.039999961853027,13.729999542236328,13.729999542236328,216300
2025-11-13,13.729999542236328,13.779999732971191,13.510000228881836,13.65999984741211,13.65999984741211,86900
2025-11-14,13.640000343322754,13.760000228881836,13.411999702453613,13.6899995803833,13.6899995803833,116900
2025-11-17,13.75,13.859999656677246,13.359999656677246,13.380000114440918,13.380000114440918,100500
2025-11-18,13.380000114440918,13.630000114440918,13.140000343322754,13.479999542236328,13.479999542236328,242400
2025-11-19,13.479999542236328,13.550000190734863,13.210000038146973,13.260000228881836,13.260000228881836,104800
2025-11-20,13.350000381469727,13.515000343322754,13.079999923706055,13.270000457763672,13.270000457763672,221800
2025-11-21,13.270000457763672,13.369999885559082,13.199999809265137,13.329999923706055,13.329999923706055,115700
2025-11-24,13.279999732971191,13.430000305175781,13.100000381469727,13.210000038146973,13.210000038146973,144300
2025-11-25,13.300000190734863,13.595000267028809,13.164999961853027,13.390000343322754,13.390000343322754,120000
2025-11-26,13.270000457763672,13.550000190734863,13.270000457763672,13.40999984741211,13.40999984741211,93900
2025-11-28,13.359999656677246,13.550000190734863,13.319999694824219,13.359999656677246,13.359999656677246,21200
2025-12-01,13.289999961853027,13.489999771118164,13.170000076293945,13.199999809265137,13.199999809265137,114600
2025-12-02,13.279999732971191,13.279999732971191,12.930000305175781,13.0,13.0,72300
2025-12-03,12.944999694824219,12.970000267028809,12.789999961853027,12.8100004196167,12.8100004196167,53000
2025-12-04,12.899999618530273,12.899999618530273,12.687000274658203,12.739999771118164,12.739999771118164,61900
2025-12-05,12.699999809265137,12.77299976348877,12.569999694824219,12.619999885559082,12.619999885559082,51700
2025-12-08,12.5600004196167,12.569000244140625,12.399999618530273,12.399999618530273,12.399999618530273,63900
2025-12-09,12.470000267028809,12.595000267028809,12.350000381469727,12.550000190734863,12.550000190734863,179300
2025-12-10,12.470000267028809,12.892000198364258,12.385000228881836,12.720000267028809,12.720000267028809,122700
2025-12-11,12.5,13.059000015258789,12.380000114440918,12.930000305175781,12.930000305175781,128400
2025-12-12,13.020000457763672,13.0600004196167,12.800000190734863,12.989999771118164,12.989999771118164,73900
2025-12-15,13.100000381469727,13.15999984741211,12.579999923706055,12.970000267028809,12.970000267028809,204200
2025-12-16,12.970000267028809,13.010000228881836,12.789999961853027,12.90999984741211,12.90999984741211,82300
2025-12-17,12.859999656677246,12.961999893188477,12.710000038146973,12.760000228881836,12.760000228881836,78200
2025-12-18,12.770000457763672,13.0600004196167,12.770000457763672,13.029999732971191,13.029999732971191,112200
2025-12-19,13.029999732971191,13.1899995803833,12.930000305175781,13.130000114440918,13.130000114440918,115700
2025-12-22,13.180000305175781,13.59000015258789,13.180000305175781,13.5600004196167,13.5600004196167,121400
2025-12-23,13.569999694824219,13.609999656677246,13.350000381469727,13.359999656677246,13.359999656677246,61400
2025-12-24,13.380000114440918,13.579999923706055,12.930000305175781,13.5600004196167,13.5600004196167,45000
2025-12-26,13.550000190734863,13.899999618530273,13.444999694824219,13.819999694824219,13.819999694824219,113200
2025-12-29,13.859999656677246,14.0,13.520000457763672,13.600000381469727,13.600000381469727,91800
2025-12-30,13.600000381469727,13.871999740600586,13.293999671936035,13.40999984741211,13.40999984741211,192600
