date,open,high,low,close,adj_close,volume
,MCRB,MCRB,MCRB,MCRB,MCRB,MCRB
2020-01-02,69.4000015258789,69.5999984741211,64.80000305175781,67.0,67.0,15515
2020-01-03,65.80000305175781,68.80000305175781,65.0,65.4000015258789,65.4000015258789,14090
2020-01-06,65.4000015258789,67.80000305175781,62.20000076293945,65.5999984741211,65.5999984741211,8905
2020-01-07,65.4000015258789,66.5999984741211,62.599998474121094,63.79999923706055,63.79999923706055,13860
2020-01-08,63.20000076293945,65.5999984741211,62.400001525878906,62.400001525878906,62.400001525878906,11770
2020-01-09,62.79999923706055,63.599998474121094,62.0,62.20000076293945,62.20000076293945,8195
2020-01-10,62.400001525878906,62.880001068115234,56.900001525878906,57.400001525878906,57.400001525878906,18095
2020-01-13,59.20000076293945,60.20000076293945,57.20000076293945,59.79999923706055,59.79999923706055,11760
2020-01-14,60.400001525878906,62.79999923706055,58.939998626708984,61.79999923706055,61.79999923706055,12910
2020-01-15,61.0,66.0,60.599998474121094,65.4000015258789,65.4000015258789,11075
2020-01-16,66.0,70.5199966430664,64.80000305175781,69.5999984741211,69.5999984741211,11290
2020-01-17,70.19999694824219,70.80000305175781,65.95999908447266,68.5999984741211,68.5999984741211,13260
2020-01-21,68.0,70.19999694824219,67.19999694824219,68.4000015258789,68.4000015258789,16935
2020-01-22,68.80000305175781,70.16000366210938,66.80000305175781,69.0,69.0,3950
2020-01-23,69.0,72.4000015258789,67.0,70.4000015258789,70.4000015258789,18875
2020-01-24,70.19999694824219,71.08000183105469,61.599998474121094,62.599998474121094,62.599998474121094,13915
2020-01-27,58.599998474121094,65.0,58.599998474121094,64.4000015258789,64.4000015258789,8505
2020-01-28,65.19999694824219,66.4000015258789,63.79999923706055,64.4000015258789,64.4000015258789,4705
2020-01-29,64.80000305175781,67.19999694824219,64.19999694824219,66.0,66.0,4540
2020-01-30,65.0,67.19999694824219,64.0,66.80000305175781,66.80000305175781,11155
2020-01-31,66.4000015258789,66.4000015258789,61.400001525878906,65.19999694824219,65.19999694824219,12235
2020-02-03,66.0,69.4000015258789,65.23999786376953,68.80000305175781,68.80000305175781,6490
2020-02-04,69.19999694824219,71.08000183105469,68.5999984741211,70.5999984741211,70.5999984741211,11765
2020-02-05,71.5999984741211,75.4000015258789,71.0,73.0,73.0,13730
2020-02-06,74.19999694824219,75.19999694824219,71.0,73.5999984741211,73.5999984741211,12335
2020-02-07,73.19999694824219,75.19999694824219,70.19999694824219,70.4000015258789,70.4000015258789,15885
2020-02-10,69.80000305175781,74.5999984741211,69.80000305175781,73.5999984741211,73.5999984741211,6700
2020-02-11,73.0,76.0,72.19999694824219,72.80000305175781,72.80000305175781,7150
2020-02-12,73.80000305175781,75.19999694824219,71.4000015258789,72.0,72.0,8855
2020-02-13,72.0,73.0,68.80000305175781,71.19999694824219,71.19999694824219,8620
2020-02-14,71.0,74.80000305175781,69.80000305175781,70.19999694824219,70.19999694824219,9315
2020-02-18,70.19999694824219,76.80000305175781,68.41999816894531,72.4000015258789,72.4000015258789,7870
2020-02-19,73.19999694824219,79.0,71.4000015258789,72.19999694824219,72.19999694824219,14130
2020-02-20,72.19999694824219,78.0,72.19999694824219,76.19999694824219,76.19999694824219,9845
2020-02-21,76.4000015258789,78.0,74.0,76.4000015258789,76.4000015258789,10205
2020-02-24,74.0,74.19999694824219,70.0,70.4000015258789,70.4000015258789,6315
2020-02-25,70.5999984741211,72.44000244140625,65.19999694824219,67.19999694824219,67.19999694824219,7805
2020-02-26,67.4000015258789,71.4000015258789,67.19999694824219,71.4000015258789,71.4000015258789,7210
2020-02-27,70.0,70.80000305175781,65.19999694824219,68.4000015258789,68.4000015258789,13115
2020-02-28,65.0,68.19999694824219,62.79999923706055,62.79999923706055,62.79999923706055,13530
2020-03-02,60.20000076293945,67.5999984741211,60.20000076293945,64.5999984741211,64.5999984741211,12180
2020-03-03,63.400001525878906,68.0,61.599998474121094,67.4000015258789,67.4000015258789,11865
2020-03-04,68.5999984741211,75.80000305175781,66.80000305175781,73.19999694824219,73.19999694824219,12935
2020-03-05,71.19999694824219,78.0,69.19999694824219,70.80000305175781,70.80000305175781,12655
2020-03-06,67.80000305175781,71.19999694824219,67.80000305175781,70.4000015258789,70.4000015258789,4910
2020-03-09,65.4000015258789,68.0,62.20000076293945,63.400001525878906,63.400001525878906,9605
2020-03-10,65.19999694824219,65.5999984741211,56.599998474121094,60.400001525878906,60.400001525878906,13465
2020-03-11,60.20000076293945,61.29999923706055,51.79999923706055,52.79999923706055,52.79999923706055,36095
2020-03-12,51.0,65.5999984741211,50.400001525878906,59.79999923706055,59.79999923706055,20725
2020-03-13,58.599998474121094,66.18000030517578,56.0,64.4000015258789,64.4000015258789,38420
2020-03-16,61.0,62.900001525878906,53.79999923706055,54.400001525878906,54.400001525878906,9190
2020-03-17,55.400001525878906,64.0,53.599998474121094,62.400001525878906,62.400001525878906,14715
2020-03-18,58.0,60.20000076293945,55.20000076293945,56.400001525878906,56.400001525878906,14105
2020-03-19,57.20000076293945,64.4000015258789,54.0,64.4000015258789,64.4000015258789,14865
2020-03-20,66.19999694824219,67.0,61.20000076293945,62.0,62.0,13770
2020-03-23,62.79999923706055,72.0,60.70000076293945,68.0,68.0,26530
2020-03-24,69.4000015258789,79.80000305175781,63.20000076293945,70.5999984741211,70.5999984741211,31245
2020-03-25,70.4000015258789,79.5999984741211,66.19999694824219,68.5999984741211,68.5999984741211,22655
2020-03-26,70.0,75.80000305175781,68.5999984741211,70.0,70.0,12985
2020-03-27,69.4000015258789,77.0,66.0,68.5999984741211,68.5999984741211,12670
2020-03-30,68.80000305175781,76.80000305175781,68.80000305175781,74.0,74.0,16390
2020-03-31,73.80000305175781,74.19999694824219,65.4000015258789,71.4000015258789,71.4000015258789,9350
2020-04-01,71.5999984741211,71.5999984741211,65.4000015258789,65.80000305175781,65.80000305175781,7270
2020-04-02,64.4000015258789,65.68000030517578,60.79999923706055,63.20000076293945,63.20000076293945,13965
2020-04-03,62.0,64.80000305175781,60.20000076293945,60.79999923706055,60.79999923706055,6335
2020-04-06,62.79999923706055,69.4000015258789,62.79999923706055,66.4000015258789,66.4000015258789,12395
2020-04-07,68.19999694824219,71.0,62.0,63.20000076293945,63.20000076293945,9470
2020-04-08,63.0,70.19999694824219,61.599998474121094,66.80000305175781,66.80000305175781,8175
2020-04-09,69.4000015258789,71.4000015258789,67.0,67.80000305175781,67.80000305175781,12315
2020-04-13,67.5999984741211,75.41999816894531,67.19999694824219,71.0,71.0,17040
2020-04-14,71.4000015258789,79.80000305175781,67.19999694824219,71.0,71.0,32730
2020-04-15,69.4000015258789,78.4000015258789,69.4000015258789,74.0,74.0,10480
2020-04-16,74.4000015258789,77.5999984741211,73.4000015258789,75.80000305175781,75.80000305175781,11475
2020-04-17,78.4000015258789,79.5999984741211,74.80000305175781,78.0,78.0,16640
2020-04-20,76.0,86.19999694824219,74.0,78.19999694824219,78.19999694824219,22860
2020-04-21,76.4000015258789,78.5999984741211,70.0,73.5999984741211,73.5999984741211,10260
2020-04-22,74.5999984741211,78.19999694824219,73.80000305175781,74.80000305175781,74.80000305175781,8365
2020-04-23,76.80000305175781,78.80000305175781,71.19999694824219,71.19999694824219,71.19999694824219,12910
2020-04-24,71.0,74.4000015258789,69.5999984741211,72.5999984741211,72.5999984741211,10680
2020-04-27,74.5999984741211,85.80000305175781,72.0,77.5999984741211,77.5999984741211,38530
2020-04-28,80.19999694824219,81.5999984741211,73.30000305175781,75.5999984741211,75.5999984741211,20245
2020-04-29,79.0,84.0,76.19999694824219,78.19999694824219,78.19999694824219,21615
2020-04-30,77.19999694824219,79.80000305175781,73.4000015258789,73.5999984741211,73.5999984741211,14890
2020-05-01,71.19999694824219,74.0,69.0,70.0,70.0,17260
2020-05-04,69.19999694824219,74.80000305175781,68.19999694824219,73.4000015258789,73.4000015258789,10615
2020-05-05,74.4000015258789,79.4000015258789,70.5999984741211,74.19999694824219,74.19999694824219,19030
2020-05-06,74.0,77.80000305175781,73.0,76.0,76.0,15790
2020-05-07,75.19999694824219,88.0,75.19999694824219,85.4000015258789,85.4000015258789,36600
2020-05-08,87.4000015258789,98.0,85.0,92.0,92.0,56815
2020-05-11,93.0,111.80000305175781,93.0,103.69999694824219,103.69999694824219,49570
2020-05-12,105.4000015258789,110.5999984741211,98.19999694824219,98.4000015258789,98.4000015258789,35080
2020-05-13,98.5999984741211,102.4800033569336,91.5999984741211,94.19999694824219,94.19999694824219,18355
2020-05-14,91.5999984741211,94.4000015258789,86.80000305175781,88.19999694824219,88.19999694824219,18975
2020-05-15,88.4000015258789,94.19999694824219,86.4000015258789,92.0,92.0,13495
2020-05-18,96.19999694824219,101.4000015258789,96.0,99.0,99.0,20610
2020-05-19,98.4000015258789,110.19999694824219,97.16000366210938,100.9000015258789,100.9000015258789,22420
2020-05-20,104.0,111.4000015258789,103.19999694824219,108.5999984741211,108.5999984741211,22730
2020-05-21,108.5999984741211,111.80000305175781,105.0,105.80000305175781,105.80000305175781,22090
2020-05-22,105.4000015258789,111.19999694824219,102.5999984741211,110.5999984741211,110.5999984741211,12255
2020-05-26,114.0,131.6999969482422,114.0,123.9000015258789,123.9000015258789,42335
2020-05-27,125.80000305175781,126.19999694824219,112.4000015258789,115.0,115.0,30920
2020-05-28,115.5999984741211,123.19999694824219,110.80000305175781,110.80000305175781,110.80000305175781,22990
2020-05-29,111.4000015258789,113.80000305175781,107.5999984741211,109.80000305175781,109.80000305175781,17130
2020-06-01,110.80000305175781,113.19999694824219,102.0,102.5999984741211,102.5999984741211,26375
2020-06-02,102.80000305175781,109.19999694824219,92.4000015258789,108.19999694824219,108.19999694824219,30375
2020-06-03,108.4000015258789,108.80000305175781,99.80000305175781,100.5999984741211,100.5999984741211,23750
2020-06-04,96.5999984741211,100.5999984741211,93.0,95.0,95.0,18910
2020-06-05,98.4000015258789,98.4000015258789,82.0,93.5999984741211,93.5999984741211,26450
2020-06-08,92.5999984741211,98.4000015258789,92.0,96.0,96.0,14910
2020-06-09,96.0,97.94000244140625,92.19999694824219,93.0,93.0,17480
2020-06-10,93.19999694824219,95.5999984741211,90.0,93.19999694824219,93.19999694824219,13095
2020-06-11,89.4000015258789,91.19999694824219,87.4000015258789,88.80000305175781,88.80000305175781,20245
2020-06-12,91.4000015258789,93.5999984741211,83.19999694824219,87.5999984741211,87.5999984741211,18730
2020-06-15,87.0,93.4000015258789,82.4000015258789,91.4000015258789,91.4000015258789,17530
2020-06-16,93.0,99.0,90.9000015258789,94.0,94.0,21950
2020-06-17,94.0,97.80000305175781,92.19999694824219,94.4000015258789,94.4000015258789,10515
2020-06-18,93.80000305175781,97.5999984741211,85.5999984741211,88.0,88.0,52405
2020-06-19,89.4000015258789,107.0199966430664,88.5999984741211,96.0,96.0,111535
2020-06-22,96.19999694824219,100.4000015258789,92.4000015258789,97.19999694824219,97.19999694824219,28000
2020-06-23,98.80000305175781,102.4000015258789,98.4000015258789,99.80000305175781,99.80000305175781,22205
2020-06-24,98.80000305175781,102.83999633789062,91.5999984741211,94.5999984741211,94.5999984741211,22225
2020-06-25,95.19999694824219,101.80000305175781,93.80000305175781,98.4000015258789,98.4000015258789,18150
2020-06-26,98.4000015258789,99.9000015258789,92.5999984741211,95.0,95.0,84025
2020-06-29,94.4000015258789,99.0,91.5999984741211,93.4000015258789,93.4000015258789,23630
2020-06-30,96.0,105.5999984741211,92.4000015258789,95.19999694824219,95.19999694824219,42000
2020-07-01,96.0,98.0,93.0999984741211,96.0,96.0,27785
2020-07-02,98.4000015258789,104.5999984741211,95.4000015258789,99.80000305175781,99.80000305175781,37650
2020-07-06,102.5999984741211,110.4000015258789,100.19999694824219,101.80000305175781,101.80000305175781,58435
2020-07-07,101.5999984741211,114.4000015258789,101.27999877929688,112.80000305175781,112.80000305175781,90980
2020-07-08,115.0,135.0,112.19999694824219,118.0,118.0,72400
2020-07-09,118.80000305175781,123.77999877929688,109.0,110.0,110.0,43970
2020-07-10,110.0,110.80000305175781,89.5999984741211,90.19999694824219,90.19999694824219,65715
2020-07-13,95.5999984741211,97.0,83.4000015258789,83.69999694824219,83.69999694824219,52780
2020-07-14,83.80000305175781,85.0,79.18000030517578,82.5999984741211,82.5999984741211,57025
2020-07-15,84.5999984741211,92.19999694824219,82.5999984741211,91.80000305175781,91.80000305175781,42420
2020-07-16,90.4000015258789,94.0,87.80000305175781,92.19999694824219,92.19999694824219,56750
2020-07-17,90.80000305175781,96.5999984741211,89.9000015258789,90.80000305175781,90.80000305175781,50465
2020-07-20,91.0,99.0,88.80000305175781,96.5999984741211,96.5999984741211,49435
2020-07-21,97.5999984741211,98.4000015258789,93.5999984741211,95.0,95.0,27135
2020-07-22,94.80000305175781,96.4000015258789,91.19999694824219,94.0,94.0,24065
2020-07-23,92.80000305175781,95.5999984741211,88.0,88.4000015258789,88.4000015258789,26215
2020-07-24,87.19999694824219,87.19999694824219,80.4000015258789,82.0,82.0,36370
2020-07-27,83.4000015258789,86.19999694824219,80.5999984741211,84.0,84.0,31835
2020-07-28,84.0,86.80000305175781,75.0,79.80000305175781,79.80000305175781,45625
2020-07-29,79.5999984741211,84.0,78.0,81.4000015258789,81.4000015258789,51835
2020-07-30,79.4000015258789,81.4000015258789,74.4000015258789,75.5999984741211,75.5999984741211,45325
2020-07-31,75.80000305175781,77.19999694824219,73.4000015258789,74.80000305175781,74.80000305175781,35410
2020-08-03,76.80000305175781,85.5999984741211,76.80000305175781,81.80000305175781,81.80000305175781,60535
2020-08-04,81.80000305175781,86.0,81.80000305175781,84.0,84.0,44540
2020-08-05,85.0,87.5999984741211,83.80000305175781,86.19999694824219,86.19999694824219,46555
2020-08-06,86.0,89.80000305175781,86.0,88.5999984741211,88.5999984741211,32490
2020-08-07,88.0,94.9000015258789,86.19999694824219,92.80000305175781,92.80000305175781,34480
2020-08-10,402.6000061035156,660.0,360.0,454.0,454.0,4770510
2020-08-11,447.79998779296875,474.3999938964844,392.0,400.79998779296875,400.79998779296875,491115
2020-08-12,387.0,480.20001220703125,384.20001220703125,471.20001220703125,471.20001220703125,320810
2020-08-13,485.0,623.5999755859375,485.0,571.5999755859375,571.5999755859375,892785
2020-08-14,550.0,591.0,531.2000122070312,545.2000122070312,545.2000122070312,157950
2020-08-17,525.7999877929688,540.0,510.0,523.2000122070312,523.2000122070312,95225
2020-08-18,540.2000122070312,548.5999755859375,484.6000061035156,485.20001220703125,485.20001220703125,92865
2020-08-19,481.0,555.5999755859375,476.79998779296875,500.0,500.0,88355
2020-08-20,497.79998779296875,516.3800048828125,492.0,503.79998779296875,503.79998779296875,57515
2020-08-21,504.79998779296875,528.2000122070312,483.0,491.6000061035156,491.6000061035156,68940
2020-08-24,491.79998779296875,497.79998779296875,445.20001220703125,460.20001220703125,460.20001220703125,98190
2020-08-25,454.0,507.20001220703125,453.20001220703125,490.3999938964844,490.3999938964844,77460
2020-08-26,491.79998779296875,497.6000061035156,474.20001220703125,491.5,491.5,47885
2020-08-27,492.0,507.3999938964844,481.0,494.0,494.0,32950
2020-08-28,493.3999938964844,503.6000061035156,482.6000061035156,489.6000061035156,489.6000061035156,24520
2020-08-31,504.79998779296875,544.5999755859375,503.5,529.7999877929688,529.7999877929688,77655
2020-09-01,529.4000244140625,543.5999755859375,514.3599853515625,517.7999877929688,517.7999877929688,72040
2020-09-02,514.0,521.7999877929688,483.79998779296875,512.7999877929688,512.7999877929688,40055
2020-09-03,504.20001220703125,522.7999877929688,485.20001220703125,487.79998779296875,487.79998779296875,31270
2020-09-04,484.3999938964844,491.0,440.6000061035156,478.3999938964844,478.3999938964844,42440
2020-09-08,460.79998779296875,489.0,458.20001220703125,468.0,468.0,37585
2020-09-09,477.0,499.6000061035156,477.0,488.3999938964844,488.3999938964844,51910
2020-09-10,489.79998779296875,508.6000061035156,489.6000061035156,506.20001220703125,506.20001220703125,45320
2020-09-11,488.0,510.20001220703125,483.20001220703125,510.0,510.0,49615
2020-09-14,511.3999938964844,555.7999877929688,504.79998779296875,540.0,540.0,33810
2020-09-15,541.0,566.2000122070312,535.4000244140625,546.4000244140625,546.4000244140625,41570
2020-09-16,551.5999755859375,556.7999877929688,540.0,546.5999755859375,546.5999755859375,25485
2020-09-17,540.7999877929688,547.5999755859375,528.2000122070312,537.2000122070312,537.2000122070312,17950
2020-09-18,523.2000122070312,524.7999877929688,485.20001220703125,513.0,513.0,113290
2020-09-21,507.3999938964844,531.4000244140625,489.79998779296875,525.4000244140625,525.4000244140625,34705
2020-09-22,532.4000244140625,536.2000122070312,505.20001220703125,529.7999877929688,529.7999877929688,23975
2020-09-23,527.0,529.7999877929688,501.5,509.3999938964844,509.3999938964844,25330
2020-09-24,501.79998779296875,519.2000122070312,492.3999938964844,505.0,505.0,31240
2020-09-25,505.0,529.7999877929688,500.6000061035156,527.2000122070312,527.2000122070312,29335
2020-09-28,529.1400146484375,542.0,514.7999877929688,535.7999877929688,535.7999877929688,25965
2020-09-29,538.0,589.2000122070312,530.0,574.7999877929688,574.7999877929688,51065
2020-09-30,579.5999755859375,584.7999877929688,558.7000122070312,566.2000122070312,566.2000122070312,33995
2020-10-01,565.7999877929688,568.0,532.7999877929688,554.0,554.0,32465
2020-10-02,542.5999755859375,571.5999755859375,538.2000122070312,553.7999877929688,553.7999877929688,21295
2020-10-05,553.5999755859375,593.7999877929688,553.5999755859375,593.0,593.0,38615
2020-10-06,600.0,617.5999755859375,558.0,564.4000244140625,564.4000244140625,33130
2020-10-07,570.4000244140625,612.0,567.2000122070312,607.5999755859375,607.5999755859375,34320
2020-10-08,623.0,648.7999877929688,608.5999755859375,632.4000244140625,632.4000244140625,45055
2020-10-09,644.0,645.0,626.3599853515625,636.0,636.0,33280
2020-10-12,640.0,658.4000244140625,629.5999755859375,637.0,637.0,41560
2020-10-13,625.2000122070312,686.7999877929688,621.0,685.0,685.0,39245
2020-10-14,686.5999755859375,700.4600219726562,647.0,648.5999755859375,648.5999755859375,36155
2020-10-15,636.5999755859375,655.5999755859375,621.2000122070312,652.4000244140625,652.4000244140625,14395
2020-10-16,651.7999877929688,684.4000244140625,651.7999877929688,681.0,681.0,20540
2020-10-19,689.4000244140625,698.4000244140625,641.8800048828125,652.0,652.0,20315
2020-10-20,652.5999755859375,667.4000244140625,632.0,632.0,632.0,19490
2020-10-21,632.7999877929688,637.47998046875,562.2000122070312,564.0,564.0,31785
2020-10-22,561.5999755859375,585.0,546.7999877929688,569.0,569.0,16405
2020-10-23,570.5999755859375,609.2000122070312,558.7999877929688,603.0999755859375,603.0999755859375,30300
2020-10-26,595.2000122070312,619.5999755859375,586.4000244140625,596.7999877929688,596.7999877929688,12970
2020-10-27,610.7999877929688,611.7999877929688,593.0999755859375,604.2000122070312,604.2000122070312,14330
2020-10-28,586.7999877929688,593.4000244140625,568.5999755859375,582.2000122070312,582.2000122070312,16785
2020-10-29,581.0,602.2000122070312,567.4000244140625,597.2000122070312,597.2000122070312,24975
2020-10-30,594.0,594.0,543.7999877929688,557.7999877929688,557.7999877929688,22095
2020-11-02,562.4000244140625,594.0,556.0,590.2000122070312,590.2000122070312,26030
2020-11-03,594.2000122070312,619.7999877929688,582.5999755859375,607.0,607.0,23610
2020-11-04,614.2000122070312,668.4000244140625,614.2000122070312,664.0,664.0,58290
2020-11-05,681.2000122070312,715.4000244140625,678.5999755859375,704.4000244140625,704.4000244140625,43955
2020-11-06,715.0,720.0,675.2000122070312,691.7999877929688,691.7999877929688,38690
2020-11-09,691.7999877929688,717.7999877929688,646.5999755859375,664.7999877929688,664.7999877929688,35735
2020-11-10,671.2000122070312,679.2999877929688,638.5999755859375,664.7999877929688,664.7999877929688,26620
2020-11-11,664.7999877929688,694.5999755859375,664.4000244140625,679.4000244140625,679.4000244140625,37855
2020-11-12,675.5999755859375,705.7999877929688,671.7999877929688,688.2000122070312,688.2000122070312,36855
2020-11-13,699.5999755859375,713.0,672.7999877929688,689.2000122070312,689.2000122070312,34580
2020-11-16,680.719970703125,705.0,679.2000122070312,691.2000122070312,691.2000122070312,16935
2020-11-17,706.1199951171875,760.0,702.0,754.5999755859375,754.5999755859375,56815
2020-11-18,756.0,770.0,688.0,690.5999755859375,690.5999755859375,39955
2020-11-19,692.2000122070312,701.5,634.4000244140625,641.0,641.0,42830
2020-11-20,628.5999755859375,696.0,628.5999755859375,689.7999877929688,689.7999877929688,50910
2020-11-23,693.7999877929688,714.2000122070312,680.0,681.5999755859375,681.5999755859375,52070
2020-11-24,667.0,678.2000122070312,600.2000122070312,613.5999755859375,613.5999755859375,57420
2020-11-25,613.5999755859375,621.2000122070312,584.4000244140625,587.7999877929688,587.7999877929688,32060
2020-11-27,585.0,598.5999755859375,570.0,580.2000122070312,580.2000122070312,34775
2020-11-30,567.7999877929688,588.7999877929688,536.0,552.2000122070312,552.2000122070312,114710
2020-12-01,550.7999877929688,571.5999755859375,520.0,527.0,527.0,86865
2020-12-02,520.2000122070312,531.0,494.8599853515625,502.6000061035156,502.6000061035156,69640
2020-12-03,504.0,522.0,503.6000061035156,505.3999938964844,505.3999938964844,31105
2020-12-04,501.0,520.0,491.3999938964844,508.3999938964844,508.3999938964844,43990
2020-12-07,507.0,534.4000244140625,502.20001220703125,505.0,505.0,48405
2020-12-08,504.20001220703125,518.0,492.20001220703125,507.20001220703125,507.20001220703125,44305
2020-12-09,532.5999755859375,533.2000122070312,477.3999938964844,477.6000061035156,477.6000061035156,48030
2020-12-10,473.20001220703125,505.79998779296875,455.6000061035156,500.79998779296875,500.79998779296875,43080
2020-12-11,502.6000061035156,513.2000122070312,484.20001220703125,486.79998779296875,486.79998779296875,48470
2020-12-14,488.79998779296875,522.0,488.6000061035156,496.20001220703125,496.20001220703125,54685
2020-12-15,514.7000122070312,519.5999755859375,488.3999938964844,514.4000244140625,514.4000244140625,41170
2020-12-16,515.0,516.5999755859375,483.79998779296875,484.3999938964844,484.3999938964844,38760
2020-12-17,480.0,500.0,471.0,495.6000061035156,495.6000061035156,30340
2020-12-18,497.79998779296875,515.1599731445312,481.3999938964844,482.3999938964844,482.3999938964844,253295
2020-12-21,475.79998779296875,518.0,475.79998779296875,493.79998779296875,493.79998779296875,71335
2020-12-22,502.79998779296875,538.7999877929688,495.3999938964844,495.6000061035156,495.6000061035156,72455
2020-12-23,515.4000244140625,547.4000244140625,491.0,510.6000061035156,510.6000061035156,72995
2020-12-24,515.0,517.4000244140625,479.0,485.6000061035156,485.6000061035156,29045
2020-12-28,480.0,502.79998779296875,463.20001220703125,465.0,465.0,48320
2020-12-29,467.3999938964844,495.20001220703125,457.3999938964844,489.6000061035156,489.6000061035156,56990
2020-12-30,497.0,527.7999877929688,495.0,525.0,525.0,74090
2020-12-31,526.0,530.5999755859375,471.20001220703125,490.0,490.0,92240
2021-01-04,494.3999938964844,516.2000122070312,483.20001220703125,501.20001220703125,501.20001220703125,61810
2021-01-05,498.0,504.5,481.79998779296875,488.0,488.0,38845
2021-01-06,480.3999938964844,535.7999877929688,480.3999938964844,514.2000122070312,514.2000122070312,52080
2021-01-07,516.0,566.2999877929688,516.0,560.7999877929688,560.7999877929688,57380
2021-01-08,563.0,584.5,517.4000244140625,552.0,552.0,68480
2021-01-11,531.5999755859375,549.4000244140625,526.2000122070312,535.7999877929688,535.7999877929688,49515
2021-01-12,536.0,547.2000122070312,517.4000244140625,530.4000244140625,530.4000244140625,41760
2021-01-13,530.2000122070312,538.5999755859375,515.0,517.2000122070312,517.2000122070312,38015
2021-01-14,520.0,559.2000122070312,519.7999877929688,534.2000122070312,534.2000122070312,46240
2021-01-15,529.0,533.9000244140625,487.3999938964844,489.6000061035156,489.6000061035156,63255
2021-01-19,500.79998779296875,515.3599853515625,485.0,499.20001220703125,499.20001220703125,71170
2021-01-20,509.20001220703125,538.5999755859375,501.20001220703125,508.0,508.0,69495
2021-01-21,512.5999755859375,518.2000122070312,475.3999938964844,483.3999938964844,483.3999938964844,74410
2021-01-22,477.79998779296875,485.6000061035156,465.79998779296875,481.0,481.0,40890
2021-01-25,477.6000061035156,498.79998779296875,467.6000061035156,496.79998779296875,496.79998779296875,38330
2021-01-26,500.20001220703125,507.0,476.79998779296875,481.0,481.0,29645
2021-01-27,468.6000061035156,479.0,435.3999938964844,456.6000061035156,456.6000061035156,48530
2021-01-28,460.79998779296875,494.0,453.3999938964844,478.20001220703125,478.20001220703125,29320
2021-01-29,473.6000061035156,491.79998779296875,461.79998779296875,475.0,475.0,30660
2021-02-01,480.0,504.0,467.6000061035156,500.0,500.0,46555
2021-02-02,504.0,549.5999755859375,499.20001220703125,528.0,528.0,67000
2021-02-03,532.0,549.7999877929688,515.0,515.0,515.0,39885
2021-02-04,518.0,536.97998046875,506.70001220703125,526.7999877929688,526.7999877929688,31435
2021-02-05,533.7999877929688,555.4000244140625,527.2000122070312,540.7999877929688,540.7999877929688,35190
2021-02-08,546.2000122070312,597.7999877929688,546.2000122070312,578.4000244140625,578.4000244140625,67640
2021-02-09,586.5999755859375,598.0,568.4000244140625,568.5999755859375,568.5999755859375,48795
2021-02-10,573.0,582.7999877929688,509.0,515.7999877929688,515.7999877929688,45655
2021-02-11,531.5999755859375,539.0,501.29998779296875,521.2000122070312,521.2000122070312,41150
2021-02-12,517.0,534.2000122070312,504.3999938964844,518.7999877929688,518.7999877929688,28030
2021-02-16,530.9000244140625,550.4000244140625,493.20001220703125,498.20001220703125,498.20001220703125,57105
2021-02-17,490.20001220703125,501.79998779296875,460.20001220703125,481.6000061035156,481.6000061035156,48150
2021-02-18,469.6000061035156,487.79998779296875,452.0,469.6000061035156,469.6000061035156,42820
2021-02-19,472.20001220703125,510.0,472.20001220703125,489.0,489.0,33225
2021-02-22,479.3999938964844,489.0,438.3999938964844,441.6000061035156,441.6000061035156,42895
2021-02-23,421.3999938964844,436.3999938964844,370.5,421.0,421.0,76310
2021-02-24,416.20001220703125,425.29998779296875,386.0,396.0,396.0,50945
2021-02-25,393.20001220703125,410.0,366.3999938964844,375.79998779296875,375.79998779296875,51560
2021-02-26,378.6000061035156,392.3999938964844,353.20001220703125,380.79998779296875,380.79998779296875,59470
2021-03-01,394.3999938964844,424.79998779296875,388.0,412.3999938964844,412.3999938964844,75790
2021-03-02,411.79998779296875,432.0,381.20001220703125,392.3999938964844,392.3999938964844,52405
2021-03-03,388.3999938964844,399.6000061035156,342.6000061035156,353.20001220703125,353.20001220703125,69345
2021-03-04,354.20001220703125,374.20001220703125,334.79998779296875,362.20001220703125,362.20001220703125,83385
2021-03-05,384.6000061035156,385.3999938964844,331.6000061035156,381.20001220703125,381.20001220703125,147840
2021-03-08,378.6000061035156,387.0,349.0,355.0,355.0,87155
2021-03-09,369.6000061035156,417.20001220703125,369.6000061035156,405.79998779296875,405.79998779296875,84300
2021-03-10,416.3999938964844,436.79998779296875,400.0,409.6000061035156,409.6000061035156,65120
2021-03-11,432.20001220703125,455.20001220703125,415.79998779296875,454.0,454.0,62970
2021-03-12,437.3999938964844,443.8999938964844,415.0,427.3999938964844,427.3999938964844,58220
2021-03-15,428.20001220703125,453.6000061035156,422.79998779296875,440.20001220703125,440.20001220703125,30255
2021-03-16,443.20001220703125,450.5,409.0,425.6000061035156,425.6000061035156,49680
2021-03-17,409.6000061035156,438.3999938964844,396.79998779296875,431.3999938964844,431.3999938964844,31890
2021-03-18,418.20001220703125,421.6000061035156,398.6000061035156,400.3999938964844,400.3999938964844,42555
2021-03-19,398.20001220703125,430.6000061035156,390.20001220703125,429.0,429.0,102740
2021-03-22,426.79998779296875,449.6000061035156,423.20001220703125,438.79998779296875,438.79998779296875,32440
2021-03-23,438.79998779296875,438.79998779296875,407.0,409.20001220703125,409.20001220703125,41005
2021-03-24,414.6000061035156,419.0,376.3999938964844,381.79998779296875,381.79998779296875,53280
2021-03-25,369.6000061035156,396.20001220703125,357.20001220703125,387.3999938964844,387.3999938964844,97290
2021-03-26,393.3999938964844,393.3999938964844,358.20001220703125,377.3999938964844,377.3999938964844,55765
2021-03-29,374.79998779296875,380.0,355.6000061035156,363.20001220703125,363.20001220703125,68970
2021-03-30,359.3999938964844,402.0,352.6000061035156,388.6000061035156,388.6000061035156,61595
2021-03-31,394.79998779296875,425.55999755859375,393.0,411.79998779296875,411.79998779296875,62745
2021-04-01,420.20001220703125,453.3999938964844,407.6000061035156,409.0,409.0,55425
2021-04-05,418.3999938964844,433.6000061035156,400.79998779296875,412.20001220703125,412.20001220703125,22755
2021-04-06,410.79998779296875,427.20001220703125,404.20001220703125,410.0,410.0,29360
2021-04-07,406.0,410.6000061035156,392.20001220703125,394.79998779296875,394.79998779296875,24570
2021-04-08,401.6000061035156,411.79998779296875,397.20001220703125,411.20001220703125,411.20001220703125,21510
2021-04-09,404.79998779296875,421.3999938964844,395.79998779296875,411.6000061035156,411.6000061035156,27210
2021-04-12,406.0,409.3999938964844,389.79998779296875,403.20001220703125,403.20001220703125,44800
2021-04-13,404.0,427.3999938964844,400.20001220703125,420.0,420.0,34705
2021-04-14,421.3999938964844,450.0,410.79998779296875,413.0,413.0,32420
2021-04-15,422.3999938964844,442.6000061035156,415.3999938964844,427.79998779296875,427.79998779296875,30895
2021-04-16,426.79998779296875,426.79998779296875,403.1000061035156,414.6000061035156,414.6000061035156,33240
2021-04-19,406.79998779296875,412.20001220703125,386.3999938964844,394.0,394.0,29125
2021-04-20,388.79998779296875,402.20001220703125,373.3999938964844,392.0,392.0,67975
2021-04-21,387.3999938964844,409.79998779296875,377.79998779296875,409.79998779296875,409.79998779296875,18905
2021-04-22,413.79998779296875,441.0,405.20001220703125,414.0,414.0,33315
2021-04-23,404.3999938964844,417.79998779296875,400.0,409.20001220703125,409.20001220703125,18120
2021-04-26,413.0,434.3999938964844,411.6000061035156,428.3999938964844,428.3999938964844,28270
2021-04-27,431.79998779296875,440.0,418.0,423.79998779296875,423.79998779296875,22305
2021-04-28,420.20001220703125,442.79998779296875,410.6000061035156,435.79998779296875,435.79998779296875,20655
2021-04-29,440.0,440.0,411.5199890136719,423.6000061035156,423.6000061035156,20175
2021-04-30,417.3999938964844,428.79998779296875,411.3999938964844,416.20001220703125,416.20001220703125,23755
2021-05-03,424.0,424.3999938964844,402.3999938964844,407.0,407.0,21185
2021-05-04,401.79998779296875,439.79998779296875,396.6000061035156,429.6000061035156,429.6000061035156,63450
2021-05-05,429.3999938964844,469.3999938964844,420.0,422.3999938964844,422.3999938964844,52240
2021-05-06,420.0,441.0,408.0,439.79998779296875,439.79998779296875,35830
2021-05-07,453.0,469.20001220703125,411.0,414.6000061035156,414.6000061035156,46555
2021-05-10,410.3999938964844,417.20001220703125,393.6000061035156,400.79998779296875,400.79998779296875,47295
2021-05-11,384.79998779296875,456.0,376.79998779296875,445.79998779296875,445.79998779296875,54845
2021-05-12,430.0,442.0,408.79998779296875,419.6000061035156,419.6000061035156,33420
2021-05-13,427.6000061035156,454.0,407.6000061035156,413.20001220703125,413.20001220703125,53445
2021-05-14,419.20001220703125,464.0,419.20001220703125,450.79998779296875,450.79998779296875,51750
2021-05-17,441.6000061035156,454.0,417.3999938964844,436.0,436.0,31630
2021-05-18,443.79998779296875,473.0,431.79998779296875,449.79998779296875,449.79998779296875,35645
2021-05-19,428.20001220703125,449.3999938964844,424.79998779296875,436.6000061035156,436.6000061035156,25275
2021-05-20,445.0,458.0,434.6000061035156,435.0,435.0,34025
2021-05-21,436.0,443.5,413.0,425.6000061035156,425.6000061035156,32875
2021-05-24,428.79998779296875,433.3999938964844,408.6000061035156,419.79998779296875,419.79998779296875,30340
2021-05-25,422.0,439.79998779296875,414.0,414.6000061035156,414.6000061035156,25390
2021-05-26,419.20001220703125,436.0,416.0,429.3999938964844,429.3999938964844,20885
2021-05-27,440.6000061035156,440.6000061035156,420.1000061035156,429.79998779296875,429.79998779296875,28420
2021-05-28,433.0,450.6000061035156,421.3999938964844,422.20001220703125,422.20001220703125,29635
2021-06-01,425.20001220703125,426.3999938964844,401.0,403.79998779296875,403.79998779296875,27535
2021-06-02,404.6000061035156,405.0,381.0,383.6000061035156,383.6000061035156,53150
2021-06-03,380.3999938964844,387.20001220703125,368.0,369.20001220703125,369.20001220703125,45090
2021-06-04,374.20001220703125,384.3999938964844,370.20001220703125,375.3999938964844,375.3999938964844,29550
2021-06-07,374.0,404.0,374.0,389.6000061035156,389.6000061035156,49235
2021-06-08,397.0,408.0,380.79998779296875,394.0,394.0,33595
2021-06-09,400.79998779296875,412.0,390.6000061035156,401.3999938964844,401.3999938964844,37305
2021-06-10,405.3999938964844,419.6000061035156,397.0,409.6000061035156,409.6000061035156,39000
2021-06-11,409.20001220703125,429.6000061035156,407.79998779296875,410.79998779296875,410.79998779296875,28840
2021-06-14,413.0,427.79998779296875,407.0,413.20001220703125,413.20001220703125,28705
2021-06-15,411.6000061035156,411.6000061035156,392.0,401.20001220703125,401.20001220703125,22900
2021-06-16,402.3999938964844,404.0,373.3999938964844,394.79998779296875,394.79998779296875,25330
2021-06-17,391.79998779296875,427.6000061035156,391.6000061035156,418.0,418.0,44135
2021-06-18,426.3999938964844,448.5,420.0,436.6000061035156,436.6000061035156,101820
2021-06-21,450.0,472.0,437.20001220703125,449.20001220703125,449.20001220703125,53115
2021-06-22,443.6000061035156,466.79998779296875,443.6000061035156,466.6000061035156,466.6000061035156,36580
2021-06-23,469.0,480.0,452.0,465.0,465.0,48980
2021-06-24,472.3999938964844,479.6199951171875,463.3999938964844,472.0,472.0,38105
2021-06-25,474.0,483.0,466.0,471.3999938964844,471.3999938964844,125180
2021-06-28,479.79998779296875,499.70001220703125,478.3999938964844,487.20001220703125,487.20001220703125,40215
2021-06-29,490.6000061035156,500.0,477.79998779296875,477.79998779296875,477.79998779296875,28010
2021-06-30,477.79998779296875,501.1000061035156,471.20001220703125,477.0,477.0,42010
2021-07-01,457.6000061035156,477.79998779296875,438.20001220703125,452.0,452.0,85270
2021-07-02,452.3999938964844,458.8599853515625,422.6000061035156,423.3999938964844,423.3999938964844,62885
2021-07-06,440.29998779296875,440.29998779296875,402.79998779296875,402.79998779296875,402.79998779296875,50560
2021-07-07,404.20001220703125,410.6000061035156,390.0,399.79998779296875,399.79998779296875,54595
2021-07-08,390.0,415.20001220703125,381.3999938964844,410.79998779296875,410.79998779296875,73275
2021-07-09,411.6000061035156,428.20001220703125,400.0,426.0,426.0,38985
2021-07-12,429.20001220703125,437.79998779296875,420.3999938964844,425.6000061035156,425.6000061035156,36625
2021-07-13,424.20001220703125,433.6000061035156,400.6000061035156,416.3999938964844,416.3999938964844,46365
2021-07-14,420.79998779296875,433.6000061035156,402.29998779296875,410.0,410.0,40555
2021-07-15,407.3999938964844,409.6000061035156,392.79998779296875,405.3999938964844,405.3999938964844,48870
2021-07-16,411.6000061035156,424.79998779296875,407.3999938964844,416.0,416.0,38230
2021-07-19,403.0,414.3999938964844,392.6000061035156,395.20001220703125,395.20001220703125,43535
2021-07-20,392.6000061035156,416.20001220703125,389.20001220703125,414.6000061035156,414.6000061035156,43915
2021-07-21,418.3999938964844,420.0,403.6000061035156,416.6000061035156,416.6000061035156,43615
2021-07-22,175.0,218.0,157.0,159.0,159.0,671585
2021-07-23,158.8000030517578,161.16000366210938,145.0,147.8000030517578,147.8000030517578,552850
2021-07-26,149.0,162.1999969482422,147.8000030517578,153.60000610351562,153.60000610351562,123430
2021-07-27,150.1999969482422,152.39999389648438,140.39999389648438,142.39999389648438,142.39999389648438,107720
2021-07-28,145.8000030517578,152.8000030517578,143.60000610351562,150.0,150.0,63700
2021-07-29,151.47999572753906,159.8000030517578,136.1999969482422,139.8000030517578,139.8000030517578,208040
2021-07-30,136.8000030517578,146.8000030517578,136.60000610351562,142.0,142.0,125995
2021-08-02,142.60000610351562,144.0,137.1999969482422,140.60000610351562,140.60000610351562,83830
2021-08-03,143.8000030517578,143.8000030517578,136.39999389648438,139.1999969482422,139.1999969482422,120755
2021-08-04,136.8000030517578,146.1999969482422,136.39999389648438,141.8000030517578,141.8000030517578,124640
2021-08-05,140.1999969482422,143.8000030517578,137.8000030517578,139.60000610351562,139.60000610351562,112520
2021-08-06,140.1999969482422,141.0,134.0,139.60000610351562,139.60000610351562,79955
2021-08-09,140.1999969482422,140.39999389648438,136.0,139.1999969482422,139.1999969482422,94860
2021-08-10,139.39999389648438,140.02000427246094,133.8000030517578,134.60000610351562,134.60000610351562,42340
2021-08-11,134.60000610351562,139.60000610351562,132.0,139.0,139.0,72325
2021-08-12,137.6999969482422,140.6999969482422,135.3000030517578,136.0,136.0,64110
2021-08-13,135.0,137.5,132.10000610351562,133.0,133.0,37475
2021-08-16,133.17999267578125,134.1999969482422,127.80000305175781,130.8000030517578,130.8000030517578,89770
2021-08-17,129.0,131.3000030517578,123.0,127.80000305175781,127.80000305175781,67790
2021-08-18,128.8000030517578,130.8000030517578,125.4000015258789,126.0,126.0,34045
2021-08-19,124.0,125.5999984741211,120.5999984741211,120.5999984741211,120.5999984741211,39190
2021-08-20,120.80000305175781,124.80000305175781,118.4000015258789,121.5999984741211,121.5999984741211,39015
2021-08-23,123.0,129.39999389648438,122.0,126.80000305175781,126.80000305175781,64435
2021-08-24,129.0,129.24000549316406,122.5,124.80000305175781,124.80000305175781,42995
2021-08-25,125.4000015258789,126.80000305175781,122.5999984741211,123.5999984741211,123.5999984741211,46340
2021-08-26,123.0,126.19999694824219,118.80000305175781,120.5999984741211,120.5999984741211,67645
2021-08-27,121.76000213623047,131.8000030517578,117.0,125.0,125.0,172610
2021-08-30,126.0,128.1999969482422,122.4000015258789,123.0,123.0,132780
2021-08-31,123.5999984741211,128.39999389648438,123.5999984741211,128.1999969482422,128.1999969482422,103770
2021-09-01,129.1999969482422,132.1999969482422,126.80000305175781,131.1999969482422,131.1999969482422,111660
2021-09-02,131.8000030517578,135.60000610351562,130.8000030517578,135.1999969482422,135.1999969482422,109075
2021-09-03,134.60000610351562,139.8000030517578,132.0,133.60000610351562,133.60000610351562,105700
2021-09-07,134.0,137.10000610351562,132.89999389648438,134.1999969482422,134.1999969482422,112510
2021-09-08,134.1999969482422,135.1999969482422,130.8000030517578,132.8000030517578,132.8000030517578,72675
2021-09-09,131.39999389648438,134.1999969482422,116.0,121.5999984741211,121.5999984741211,137780
2021-09-10,122.0,127.30000305175781,119.0,125.4000015258789,125.4000015258789,78590
2021-09-13,127.0,129.0,113.80000305175781,117.80000305175781,117.80000305175781,227530
2021-09-14,118.19999694824219,118.19999694824219,108.19999694824219,109.19999694824219,109.19999694824219,142475
2021-09-15,111.0,130.0,110.0,127.0,127.0,326925
2021-09-16,125.19999694824219,134.02000427246094,124.80000305175781,130.1999969482422,130.1999969482422,103485
2021-09-17,129.8000030517578,143.0,126.5999984741211,142.39999389648438,142.39999389648438,416095
2021-09-20,136.0,139.1999969482422,132.60000610351562,134.8000030517578,134.8000030517578,114500
2021-09-21,135.39999389648438,140.6999969482422,135.39999389648438,138.1999969482422,138.1999969482422,58620
2021-09-22,138.8000030517578,142.6999969482422,137.39999389648438,140.39999389648438,140.39999389648438,71915
2021-09-23,141.1999969482422,141.8000030517578,132.1999969482422,141.8000030517578,141.8000030517578,57315
2021-09-24,138.8000030517578,144.0,137.60000610351562,138.8000030517578,138.8000030517578,41000
2021-09-27,139.60000610351562,145.0,137.97999572753906,143.1999969482422,143.1999969482422,63125
2021-09-28,142.39999389648438,142.39999389648438,135.1999969482422,138.8000030517578,138.8000030517578,66320
2021-09-29,140.0,143.60000610351562,135.8000030517578,136.1999969482422,136.1999969482422,63775
2021-09-30,134.39999389648438,140.60000610351562,133.60000610351562,139.1999969482422,139.1999969482422,35470
2021-10-01,139.60000610351562,145.3000030517578,137.0,144.8000030517578,144.8000030517578,53810
2021-10-04,145.0,146.0,138.1999969482422,138.8000030517578,138.8000030517578,58575
2021-10-05,138.1999969482422,138.8000030517578,128.39999389648438,129.1999969482422,129.1999969482422,60155
2021-10-06,126.5,128.1999969482422,123.19999694824219,126.4000015258789,126.4000015258789,54810
2021-10-07,128.1999969482422,132.0,126.0,128.60000610351562,128.60000610351562,77005
2021-10-08,128.60000610351562,128.8000030517578,124.4000015258789,126.5999984741211,126.5999984741211,27305
2021-10-11,127.0,131.1999969482422,125.5999984741211,128.60000610351562,128.60000610351562,27315
2021-10-12,128.60000610351562,131.60000610351562,127.5999984741211,129.1999969482422,129.1999969482422,55250
2021-10-13,128.8000030517578,135.60000610351562,128.39999389648438,135.0,135.0,36625
2021-10-14,136.60000610351562,142.0,134.8000030517578,136.0,136.0,77260
2021-10-15,138.1999969482422,138.1999969482422,126.0,126.19999694824219,126.19999694824219,63215
2021-10-18,125.19999694824219,129.3000030517578,124.0,127.0,127.0,83295
2021-10-19,127.80000305175781,131.39999389648438,126.5999984741211,127.0,127.0,45705
2021-10-20,126.5999984741211,127.0,120.4000015258789,120.4000015258789,120.4000015258789,51110
2021-10-21,120.5999984741211,123.80000305175781,119.4000015258789,122.0,122.0,34005
2021-10-22,120.80000305175781,125.19999694824219,119.5999984741211,124.5999984741211,124.5999984741211,57995
2021-10-25,124.5999984741211,127.5999984741211,122.80000305175781,126.4000015258789,126.4000015258789,41425
2021-10-26,127.4000015258789,127.4000015258789,121.0,124.4000015258789,124.4000015258789,38675
2021-10-27,124.19999694824219,127.19999694824219,122.80000305175781,123.80000305175781,123.80000305175781,51080
2021-10-28,123.80000305175781,129.8000030517578,122.69999694824219,129.0,129.0,48455
2021-10-29,128.1999969482422,129.8000030517578,121.5999984741211,121.5999984741211,121.5999984741211,47670
2021-11-01,122.0,128.8000030517578,119.0,128.8000030517578,128.8000030517578,94935
2021-11-02,128.60000610351562,134.60000610351562,125.19999694824219,134.1999969482422,134.1999969482422,63595
2021-11-03,134.0,140.60000610351562,129.0,140.60000610351562,140.60000610351562,60285
2021-11-04,141.22000122070312,144.8000030517578,138.39999389648438,140.0,140.0,53070
2021-11-05,142.60000610351562,146.39999389648438,135.60000610351562,139.60000610351562,139.60000610351562,75005
2021-11-08,141.1999969482422,145.60000610351562,136.60000610351562,141.39999389648438,141.39999389648438,52465
2021-11-09,140.8000030517578,142.0,136.3000030517578,137.39999389648438,137.39999389648438,50825
2021-11-10,146.8000030517578,184.47999572753906,146.8000030517578,165.39999389648438,165.39999389648438,565255
2021-11-11,163.86000061035156,164.8000030517578,147.39999389648438,151.60000610351562,151.60000610351562,137800
2021-11-12,153.8000030517578,158.0,147.10000610351562,154.39999389648438,154.39999389648438,61070
2021-11-15,156.39999389648438,161.60000610351562,154.1999969482422,156.1999969482422,156.1999969482422,55520
2021-11-16,156.39999389648438,163.8000030517578,154.55999755859375,163.60000610351562,163.60000610351562,72025
2021-11-17,166.0,169.5,160.39999389648438,168.1999969482422,168.1999969482422,78100
2021-11-18,167.8000030517578,173.8000030517578,167.1999969482422,173.39999389648438,173.39999389648438,82775
2021-11-19,170.1999969482422,184.0,170.1999969482422,183.1999969482422,183.1999969482422,102800
2021-11-22,184.1999969482422,191.60000610351562,182.60000610351562,183.39999389648438,183.39999389648438,125755
2021-11-23,182.8000030517578,192.0,177.0,191.8000030517578,191.8000030517578,105475
2021-11-24,191.8000030517578,196.8000030517578,186.1999969482422,193.39999389648438,193.39999389648438,69330
2021-11-26,190.0,199.0,180.1999969482422,187.0,187.0,84095
2021-11-29,191.60000610351562,197.0,176.1999969482422,176.39999389648438,176.39999389648438,90725
2021-11-30,172.60000610351562,215.60000610351562,172.39999389648438,215.1999969482422,215.1999969482422,310080
2021-12-01,212.39999389648438,229.8000030517578,205.60000610351562,214.8000030517578,214.8000030517578,206420
2021-12-02,213.1999969482422,228.8000030517578,207.1999969482422,228.60000610351562,228.60000610351562,104310
2021-12-03,228.0,233.8000030517578,210.8000030517578,213.60000610351562,213.60000610351562,126335
2021-12-06,210.0,219.5,196.39999389648438,200.39999389648438,200.39999389648438,97460
2021-12-07,202.89999389648438,217.6999969482422,202.89999389648438,210.8000030517578,210.8000030517578,94265
2021-12-08,210.8000030517578,213.4199981689453,198.1999969482422,202.1999969482422,202.1999969482422,95185
2021-12-09,202.39999389648438,211.39999389648438,197.0,197.0,197.0,62940
2021-12-10,201.1999969482422,203.0,190.1999969482422,191.39999389648438,191.39999389648438,58685
2021-12-13,189.8000030517578,189.8000030517578,159.60000610351562,162.1999969482422,162.1999969482422,147180
2021-12-14,159.0,164.8000030517578,157.39999389648438,161.1999969482422,161.1999969482422,125095
2021-12-15,162.60000610351562,174.8000030517578,157.60000610351562,174.60000610351562,174.60000610351562,129375
2021-12-16,175.10000610351562,176.39999389648438,160.39999389648438,164.39999389648438,164.39999389648438,112365
2021-12-17,167.1999969482422,175.8000030517578,165.0,166.1999969482422,166.1999969482422,845025
2021-12-20,163.0,173.1999969482422,161.39999389648438,170.60000610351562,170.60000610351562,81880
2021-12-21,170.60000610351562,174.60000610351562,164.1999969482422,172.0,172.0,65455
2021-12-22,173.39999389648438,177.8000030517578,169.0,172.0,172.0,71500
2021-12-23,170.1999969482422,185.60000610351562,169.1999969482422,183.39999389648438,183.39999389648438,52435
2021-12-27,184.0,184.8000030517578,175.0,175.8000030517578,175.8000030517578,48155
2021-12-28,176.6999969482422,181.1999969482422,174.1999969482422,175.39999389648438,175.39999389648438,31995
2021-12-29,173.1999969482422,177.8000030517578,171.0,174.39999389648438,174.39999389648438,33930
2021-12-30,173.1999969482422,180.0,169.8000030517578,171.0,171.0,32750
2021-12-31,172.60000610351562,174.60000610351562,166.60000610351562,166.60000610351562,166.60000610351562,29680
2022-01-03,165.60000610351562,178.60000610351562,165.1999969482422,176.8000030517578,176.8000030517578,39760
2022-01-04,174.0,180.0,170.1999969482422,173.1999969482422,173.1999969482422,43895
2022-01-05,176.1999969482422,178.60000610351562,162.8000030517578,163.39999389648438,163.39999389648438,66580
2022-01-06,163.8000030517578,176.39999389648438,162.1999969482422,173.39999389648438,173.39999389648438,44420
2022-01-07,173.39999389648438,178.0,170.52000427246094,171.0,171.0,35980
2022-01-10,170.60000610351562,172.8000030517578,162.60000610351562,168.8000030517578,168.8000030517578,51105
2022-01-11,167.60000610351562,173.8000030517578,165.60000610351562,170.8000030517578,170.8000030517578,20970
2022-01-12,173.1999969482422,173.39999389648438,160.60000610351562,161.1999969482422,161.1999969482422,47165
2022-01-13,162.1999969482422,167.60000610351562,154.8000030517578,155.60000610351562,155.60000610351562,44310
2022-01-14,153.60000610351562,160.8000030517578,150.39999389648438,160.8000030517578,160.8000030517578,40090
2022-01-18,159.60000610351562,159.60000610351562,147.1999969482422,147.60000610351562,147.60000610351562,46920
2022-01-19,150.8000030517578,157.1999969482422,149.1999969482422,151.39999389648438,151.39999389648438,48805
2022-01-20,153.60000610351562,163.8000030517578,152.0,152.39999389648438,152.39999389648438,39225
2022-01-21,152.39999389648438,159.86000061035156,150.1999969482422,150.1999969482422,150.1999969482422,43495
2022-01-24,146.1999969482422,152.0,135.60000610351562,150.1999969482422,150.1999969482422,78740
2022-01-25,148.39999389648438,158.1999969482422,145.60000610351562,154.8000030517578,154.8000030517578,43330
2022-01-26,158.39999389648438,165.60000610351562,153.0,154.0,154.0,47445
2022-01-27,160.0,160.0,148.1999969482422,148.60000610351562,148.60000610351562,39285
2022-01-28,148.1999969482422,157.1999969482422,146.0,157.1999969482422,157.1999969482422,46080
2022-01-31,157.8000030517578,167.10000610351562,154.60000610351562,166.8000030517578,166.8000030517578,60630
2022-02-01,166.8000030517578,169.32000732421875,163.8000030517578,166.0,166.0,40190
2022-02-02,165.39999389648438,166.8000030517578,154.10000610351562,154.60000610351562,154.60000610351562,38090
2022-02-03,153.1999969482422,157.8000030517578,148.1999969482422,148.8000030517578,148.8000030517578,37250
2022-02-04,149.60000610351562,151.8000030517578,145.8000030517578,147.60000610351562,147.60000610351562,35815
2022-02-07,147.0,154.60000610351562,147.0,152.0,152.0,35960
2022-02-08,149.8000030517578,152.8000030517578,145.10000610351562,148.39999389648438,148.39999389648438,30520
2022-02-09,151.0,159.8000030517578,151.0,159.0,159.0,56070
2022-02-10,155.0,169.60000610351562,154.0,158.0,158.0,61775
2022-02-11,157.8000030517578,166.39999389648438,156.39999389648438,164.39999389648438,164.39999389648438,34740
2022-02-14,165.1999969482422,165.1999969482422,157.1999969482422,158.0,158.0,30295
2022-02-15,160.0,171.8000030517578,160.0,168.8000030517578,168.8000030517578,37960
2022-02-16,165.39999389648438,173.0,164.8000030517578,172.1999969482422,172.1999969482422,37215
2022-02-17,169.39999389648438,172.1999969482422,163.0,164.39999389648438,164.39999389648438,44900
2022-02-18,164.60000610351562,168.39999389648438,158.60000610351562,161.0,161.0,33325
2022-02-22,158.1999969482422,170.3800048828125,158.1999969482422,164.0,164.0,36595
2022-02-23,164.39999389648438,167.60000610351562,155.60000610351562,155.8000030517578,155.8000030517578,37895
2022-02-24,150.0,166.1999969482422,149.60000610351562,165.8000030517578,165.8000030517578,42025
2022-02-25,165.39999389648438,165.39999389648438,156.8000030517578,165.0,165.0,26055
2022-02-28,163.1999969482422,166.0,158.5,160.0,160.0,27045
2022-03-01,155.60000610351562,159.0,140.8000030517578,147.89999389648438,147.89999389648438,52210
2022-03-02,148.1999969482422,150.39999389648438,140.0,148.39999389648438,148.39999389648438,36340
2022-03-03,150.60000610351562,150.8000030517578,137.39999389648438,139.1999969482422,139.1999969482422,39860
2022-03-04,135.39999389648438,140.1999969482422,124.5,126.0,126.0,51965
2022-03-07,126.19999694824219,132.0,125.19999694824219,131.8000030517578,131.8000030517578,37170
2022-03-08,131.0,139.39999389648438,127.5999984741211,135.1999969482422,135.1999969482422,37285
2022-03-09,137.39999389648438,143.60000610351562,137.39999389648438,143.0,143.0,41350
2022-03-10,140.39999389648438,149.0,139.8000030517578,149.0,149.0,26530
2022-03-11,149.1999969482422,155.0,142.39999389648438,142.39999389648438,142.39999389648438,41285
2022-03-14,142.1999969482422,145.8000030517578,131.1999969482422,133.0,133.0,48580
2022-03-15,134.39999389648438,137.39999389648438,131.8000030517578,137.39999389648438,137.39999389648438,34085
2022-03-16,138.8000030517578,145.8000030517578,135.39999389648438,145.8000030517578,145.8000030517578,44230
2022-03-17,144.8000030517578,151.60000610351562,143.60000610351562,151.60000610351562,151.60000610351562,44070
2022-03-18,148.60000610351562,157.60000610351562,148.60000610351562,150.60000610351562,150.60000610351562,117235
2022-03-21,151.0,154.10000610351562,145.0,145.60000610351562,145.60000610351562,31305
2022-03-22,145.60000610351562,151.8000030517578,144.0,150.8000030517578,150.8000030517578,29985
2022-03-23,148.60000610351562,148.60000610351562,143.8000030517578,143.8000030517578,143.8000030517578,33935
2022-03-24,146.60000610351562,152.39999389648438,144.0,152.1999969482422,152.1999969482422,24670
2022-03-25,151.60000610351562,152.1999969482422,143.1999969482422,143.39999389648438,143.39999389648438,23165
2022-03-28,143.60000610351562,146.39999389648438,137.60000610351562,141.39999389648438,141.39999389648438,29660
2022-03-29,146.1999969482422,149.39999389648438,141.60000610351562,149.39999389648438,149.39999389648438,38160
2022-03-30,148.1999969482422,152.6999969482422,143.8000030517578,144.0,144.0,25925
2022-03-31,145.1999969482422,148.25999450683594,142.1999969482422,142.39999389648438,142.39999389648438,22505
2022-04-01,142.8000030517578,148.1999969482422,142.6199951171875,146.8000030517578,146.8000030517578,33480
2022-04-04,148.0,153.0,148.0,152.39999389648438,152.39999389648438,24660
2022-04-05,152.0,153.39999389648438,144.1999969482422,144.39999389648438,144.39999389648438,28965
2022-04-06,141.8000030517578,147.0,139.8000030517578,145.1999969482422,145.1999969482422,28775
2022-04-07,144.39999389648438,145.8000030517578,140.60000610351562,141.39999389648438,141.39999389648438,21205
2022-04-08,141.1999969482422,143.97999572753906,135.10000610351562,135.8000030517578,135.8000030517578,23610
2022-04-11,134.1999969482422,135.1999969482422,129.60000610351562,130.60000610351562,130.60000610351562,27665
2022-04-12,134.8000030517578,135.39999389648438,127.5999984741211,129.60000610351562,129.60000610351562,20205
2022-04-13,129.60000610351562,133.1999969482422,129.1999969482422,131.60000610351562,131.60000610351562,32510
2022-04-14,131.1999969482422,131.1999969482422,121.5,121.5999984741211,121.5999984741211,27675
2022-04-18,121.19999694824219,122.30000305175781,111.76000213623047,112.80000305175781,112.80000305175781,47585
2022-04-19,113.80000305175781,117.80000305175781,112.4000015258789,116.0,116.0,38395
2022-04-20,116.19999694824219,117.19999694824219,110.4000015258789,112.19999694824219,112.19999694824219,27385
2022-04-21,113.0,115.0,104.80000305175781,105.19999694824219,105.19999694824219,40325
2022-04-22,106.5999984741211,107.0,103.5999984741211,104.80000305175781,104.80000305175781,38035
2022-04-25,104.5999984741211,108.4000015258789,103.5999984741211,106.5999984741211,106.5999984741211,18915
2022-04-26,104.80000305175781,107.5999984741211,96.19999694824219,96.80000305175781,96.80000305175781,40465
2022-04-27,96.19999694824219,101.80000305175781,96.0,96.80000305175781,96.80000305175781,30535
2022-04-28,98.19999694824219,98.5,92.19999694824219,97.4000015258789,97.4000015258789,33495
2022-04-29,96.19999694824219,99.4000015258789,94.4000015258789,94.5999984741211,94.5999984741211,31230
2022-05-02,94.80000305175781,99.5999984741211,93.4000015258789,99.4000015258789,99.4000015258789,30065
2022-05-03,99.19999694824219,99.4000015258789,94.19999694824219,96.80000305175781,96.80000305175781,26930
2022-05-04,96.19999694824219,97.19999694824219,86.0,94.4000015258789,94.4000015258789,39565
2022-05-05,91.80000305175781,94.4000015258789,81.4000015258789,87.0,87.0,46715
2022-05-06,86.0,87.0,80.80000305175781,81.0,81.0,51110
2022-05-09,80.19999694824219,81.9000015258789,74.4000015258789,74.80000305175781,74.80000305175781,79985
2022-05-10,80.4000015258789,82.80000305175781,77.5999984741211,79.0,79.0,68385
2022-05-11,80.5999984741211,81.0,70.5,71.0,71.0,44775
2022-05-12,71.0,76.0,70.0,74.0,74.0,40585
2022-05-13,77.19999694824219,78.80000305175781,74.5999984741211,75.80000305175781,75.80000305175781,47555
2022-05-16,75.0,78.4000015258789,71.0,71.4000015258789,71.4000015258789,39795
2022-05-17,73.80000305175781,75.19999694824219,70.5999984741211,72.4000015258789,72.4000015258789,53025
2022-05-18,71.5999984741211,72.19999694824219,64.4000015258789,66.80000305175781,66.80000305175781,47375
2022-05-19,66.80000305175781,69.0999984741211,65.22000122070312,68.19999694824219,68.19999694824219,38010
2022-05-20,69.5999984741211,71.4000015258789,64.80000305175781,71.4000015258789,71.4000015258789,51310
2022-05-23,74.19999694824219,74.19999694824219,65.19999694824219,66.0,66.0,50490
2022-05-24,64.4000015258789,65.5999984741211,59.29999923706055,60.79999923706055,60.79999923706055,40980
2022-05-25,60.599998474121094,61.400001525878906,58.099998474121094,60.20000076293945,60.20000076293945,40625
2022-05-26,60.400001525878906,62.099998474121094,59.0,60.0,60.0,25515
2022-05-27,60.400001525878906,64.4000015258789,59.400001525878906,63.79999923706055,63.79999923706055,42730
2022-05-31,64.19999694824219,65.0,61.599998474121094,62.0,62.0,52000
2022-06-01,63.20000076293945,64.19999694824219,59.599998474121094,61.79999923706055,61.79999923706055,41170
2022-06-02,61.79999923706055,65.0,61.400001525878906,63.79999923706055,63.79999923706055,37330
2022-06-03,63.599998474121094,67.80000305175781,63.0,67.4000015258789,67.4000015258789,54935
2022-06-06,69.0,70.5,64.0,64.5999984741211,64.5999984741211,46955
2022-06-07,65.19999694824219,83.80000305175781,64.5999984741211,83.19999694824219,83.19999694824219,159390
2022-06-08,83.0,85.80000305175781,77.0,77.19999694824219,77.19999694824219,94215
2022-06-09,78.19999694824219,79.80000305175781,73.9000015258789,74.4000015258789,74.4000015258789,64655
2022-06-10,74.4000015258789,75.0,64.19999694824219,64.80000305175781,64.80000305175781,63530
2022-06-13,61.0,61.900001525878906,55.0,55.400001525878906,55.400001525878906,77075
2022-06-14,56.20000076293945,57.0,51.70000076293945,54.0,54.0,58675
2022-06-15,54.400001525878906,57.400001525878906,51.099998474121094,56.400001525878906,56.400001525878906,91090
2022-06-16,54.20000076293945,55.599998474121094,50.0,55.0,55.0,103745
2022-06-17,55.0,60.20000076293945,54.79999923706055,57.20000076293945,57.20000076293945,334865
2022-06-21,59.599998474121094,65.69999694824219,59.400001525878906,63.20000076293945,63.20000076293945,68490
2022-06-22,61.599998474121094,66.63999938964844,61.0,64.4000015258789,64.4000015258789,39190
2022-06-23,65.4000015258789,68.19999694824219,64.44000244140625,68.19999694824219,68.19999694824219,34115
2022-06-24,69.19999694824219,70.4000015258789,67.19999694824219,67.5999984741211,67.5999984741211,55965
2022-06-27,67.19999694824219,69.69999694824219,65.5999984741211,68.4000015258789,68.4000015258789,29515
2022-06-28,68.4000015258789,68.5999984741211,62.20000076293945,63.79999923706055,63.79999923706055,43720
2022-06-29,64.80000305175781,65.19999694824219,62.20000076293945,63.0,63.0,23890
2022-06-30,61.599998474121094,69.0999984741211,61.599998474121094,68.5999984741211,68.5999984741211,63385
2022-07-01,66.80000305175781,75.0,66.80000305175781,72.5999984741211,72.5999984741211,81120
2022-07-05,72.0,76.5999984741211,70.4000015258789,76.5999984741211,76.5999984741211,81130
2022-07-06,76.4000015258789,78.69999694824219,73.69999694824219,75.0,75.0,33295
2022-07-07,75.19999694824219,76.0,69.5999984741211,70.80000305175781,70.80000305175781,42690
2022-07-08,75.0,82.19999694824219,74.0199966430664,81.0,81.0,141255
2022-07-11,81.80000305175781,83.5999984741211,74.4000015258789,76.4000015258789,76.4000015258789,53640
2022-07-12,75.80000305175781,77.0,69.30000305175781,75.0,75.0,41615
2022-07-13,72.0,77.5999984741211,71.5999984741211,75.0,75.0,30585
2022-07-14,74.19999694824219,75.0,70.9000015258789,72.80000305175781,72.80000305175781,43985
2022-07-15,75.19999694824219,75.19999694824219,69.4000015258789,72.19999694824219,72.19999694824219,26340
2022-07-18,73.0,78.4000015258789,68.5999984741211,70.0,70.0,48200
2022-07-19,71.5999984741211,76.69999694824219,70.4000015258789,76.4000015258789,76.4000015258789,41960
2022-07-20,76.19999694824219,82.4000015258789,75.80000305175781,79.0,79.0,41610
2022-07-21,78.4000015258789,78.80000305175781,72.41999816894531,73.80000305175781,73.80000305175781,38955
2022-07-22,74.0,74.9000015258789,67.4000015258789,73.0,73.0,96210
2022-07-25,74.0,79.80000305175781,73.4000015258789,78.80000305175781,78.80000305175781,86580
2022-07-26,77.80000305175781,84.5999984741211,74.19999694824219,83.80000305175781,83.80000305175781,77420
2022-07-27,84.0,86.19999694824219,80.0999984741211,86.0,86.0,105175
2022-07-28,84.80000305175781,85.80000305175781,81.19999694824219,83.4000015258789,83.4000015258789,54540
2022-07-29,84.4000015258789,84.4000015258789,80.0999984741211,82.19999694824219,82.19999694824219,70470
2022-08-01,81.19999694824219,82.19999694824219,79.19999694824219,80.5999984741211,80.5999984741211,45675
2022-08-02,80.5999984741211,85.5999984741211,78.23999786376953,82.0,82.0,43815
2022-08-03,84.4000015258789,100.80000305175781,83.19999694824219,89.0,89.0,77150
2022-08-04,91.19999694824219,99.69999694824219,85.5999984741211,97.5999984741211,97.5999984741211,64830
2022-08-05,97.0,99.80000305175781,93.22000122070312,99.5999984741211,99.5999984741211,48350
2022-08-08,100.4000015258789,102.0,94.19999694824219,97.0,97.0,53665
2022-08-09,95.4000015258789,98.19999694824219,93.80000305175781,96.4000015258789,96.4000015258789,31670
2022-08-10,99.5999984741211,105.04000091552734,97.0999984741211,102.19999694824219,102.19999694824219,45660
2022-08-11,102.0,107.0999984741211,98.4000015258789,101.4000015258789,101.4000015258789,37430
2022-08-12,101.5999984741211,107.5999984741211,101.19999694824219,107.4000015258789,107.4000015258789,27675
2022-08-15,108.5999984741211,114.0,107.30000305175781,113.80000305175781,113.80000305175781,27920
2022-08-16,112.0,113.0,107.5999984741211,111.80000305175781,111.80000305175781,33355
2022-08-17,109.80000305175781,112.5999984741211,106.19999694824219,108.5999984741211,108.5999984741211,39375
2022-08-18,108.5999984741211,113.4000015258789,105.5999984741211,113.19999694824219,113.19999694824219,30475
2022-08-19,110.80000305175781,113.19999694824219,107.5,109.4000015258789,109.4000015258789,40490
2022-08-22,105.19999694824219,109.80000305175781,102.80000305175781,103.5999984741211,103.5999984741211,40960
2022-08-23,103.80000305175781,112.0,103.19999694824219,110.0,110.0,31915
2022-08-24,110.0,116.80000305175781,107.4000015258789,114.4000015258789,114.4000015258789,33075
2022-08-25,116.4000015258789,118.80000305175781,113.5999984741211,117.0,117.0,31680
2022-08-26,117.5999984741211,117.5999984741211,108.19999694824219,108.80000305175781,108.80000305175781,36915
2022-08-29,106.19999694824219,109.5999984741211,103.0,103.80000305175781,103.80000305175781,32575
2022-08-30,104.5999984741211,106.0,100.4000015258789,102.80000305175781,102.80000305175781,33770
2022-08-31,104.5999984741211,106.80000305175781,101.9000015258789,102.80000305175781,102.80000305175781,42185
2022-09-01,101.19999694824219,104.5,98.30000305175781,103.80000305175781,103.80000305175781,25145
2022-09-02,104.4000015258789,110.0,103.80000305175781,107.80000305175781,107.80000305175781,33545
2022-09-06,108.0,111.16000366210938,107.0,108.0,108.0,39625
2022-09-07,109.80000305175781,127.30000305175781,108.69999694824219,126.4000015258789,126.4000015258789,104260
2022-09-08,125.0,136.0,124.08000183105469,134.1999969482422,134.1999969482422,65015
2022-09-09,136.0,138.60000610351562,128.8000030517578,129.0,129.0,40705
2022-09-12,129.39999389648438,143.8000030517578,129.39999389648438,138.60000610351562,138.60000610351562,69690
2022-09-13,133.8000030517578,140.8000030517578,133.39999389648438,134.8000030517578,134.8000030517578,61870
2022-09-14,134.0,144.8000030517578,132.60000610351562,144.0,144.0,65540
2022-09-15,143.1999969482422,148.0,139.1999969482422,143.39999389648438,143.39999389648438,72755
2022-09-16,139.0,140.89999389648438,128.60000610351562,139.39999389648438,139.39999389648438,348120
2022-09-19,135.8000030517578,136.1999969482422,128.0,131.60000610351562,131.60000610351562,65900
2022-09-20,129.1999969482422,135.10000610351562,128.05999755859375,132.1999969482422,132.1999969482422,58345
2022-09-21,132.1999969482422,132.1999969482422,122.4000015258789,122.5999984741211,122.5999984741211,42435
2022-09-22,121.5999984741211,122.19999694824219,116.4000015258789,120.5999984741211,120.5999984741211,41615
2022-09-23,119.80000305175781,120.19999694824219,114.5999984741211,117.80000305175781,117.80000305175781,43930
2022-09-26,117.80000305175781,122.19999694824219,116.4000015258789,116.80000305175781,116.80000305175781,33685
2022-09-27,119.4000015258789,123.0,116.5999984741211,118.19999694824219,118.19999694824219,45765
2022-09-28,120.19999694824219,129.60000610351562,120.19999694824219,127.4000015258789,127.4000015258789,44900
2022-09-29,123.5999984741211,126.5999984741211,120.0999984741211,122.5999984741211,122.5999984741211,42555
2022-09-30,124.5999984741211,133.3000030517578,124.30000305175781,128.39999389648438,128.39999389648438,104090
2022-10-03,129.1999969482422,131.0,122.19999694824219,123.80000305175781,123.80000305175781,38465
2022-10-04,126.4000015258789,130.0,125.80000305175781,129.8000030517578,129.8000030517578,39085
2022-10-05,127.4000015258789,131.8000030517578,122.5999984741211,130.60000610351562,130.60000610351562,30150
2022-10-06,130.60000610351562,143.1999969482422,130.5,141.1999969482422,141.1999969482422,33960
2022-10-07,138.60000610351562,144.0,137.3000030517578,138.60000610351562,138.60000610351562,36385
2022-10-10,137.39999389648438,142.60000610351562,134.39999389648438,139.60000610351562,139.60000610351562,22855
2022-10-11,141.1999969482422,145.60000610351562,133.39999389648438,143.8000030517578,143.8000030517578,29565
2022-10-12,144.0,144.0,133.39999389648438,138.8000030517578,138.8000030517578,28155
2022-10-13,134.0,142.1999969482422,130.8000030517578,142.0,142.0,24625
2022-10-14,144.39999389648438,146.60000610351562,137.1999969482422,137.39999389648438,137.39999389648438,23970
2022-10-17,138.8000030517578,143.4600067138672,138.8000030517578,140.0,140.0,42620
2022-10-18,142.8000030517578,143.39999389648438,135.39999389648438,136.1999969482422,136.1999969482422,22615
2022-10-19,135.0,137.1999969482422,122.0,123.4000015258789,123.4000015258789,48770
2022-10-20,123.0,130.8000030517578,120.0,130.1999969482422,130.1999969482422,34160
2022-10-21,131.1999969482422,135.0,128.0,130.60000610351562,130.60000610351562,38195
2022-10-24,131.0,131.6999969482422,113.30000305175781,114.19999694824219,114.19999694824219,36100
2022-10-25,114.83999633789062,117.5999984741211,113.4000015258789,115.4000015258789,115.4000015258789,32375
2022-10-26,117.0,136.0,114.80000305175781,131.8000030517578,131.8000030517578,68460
2022-10-27,135.60000610351562,138.0,128.8000030517578,134.8000030517578,134.8000030517578,31940
2022-10-28,136.0,162.39999389648438,132.1999969482422,161.39999389648438,161.39999389648438,94870
2022-10-31,158.60000610351562,182.1999969482422,156.8000030517578,177.1999969482422,177.1999969482422,101450
2022-11-01,181.0,189.8000030517578,176.0,181.0,181.0,67055
2022-11-02,172.0,178.0,144.1999969482422,163.8000030517578,163.8000030517578,77340
2022-11-03,161.39999389648438,182.60000610351562,159.1999969482422,179.8000030517578,179.8000030517578,60425
2022-11-04,181.0,181.0,154.4199981689453,162.8000030517578,162.8000030517578,60015
2022-11-07,163.39999389648438,166.39999389648438,157.0,157.1999969482422,157.1999969482422,34140
2022-11-08,157.1999969482422,157.39999389648438,148.5,153.8000030517578,153.8000030517578,44315
2022-11-09,152.0,153.39999389648438,141.60000610351562,142.39999389648438,142.39999389648438,44265
2022-11-10,149.1999969482422,152.39999389648438,147.39999389648438,150.0,150.0,69655
2022-11-11,150.0,153.1999969482422,143.10000610351562,143.39999389648438,143.39999389648438,39040
2022-11-14,143.60000610351562,148.0,142.39999389648438,143.0,143.0,44760
2022-11-15,147.8000030517578,148.24000549316406,138.60000610351562,142.8000030517578,142.8000030517578,33465
2022-11-16,140.0,143.8000030517578,136.0,137.0,137.0,32720
2022-11-17,135.1999969482422,136.60000610351562,130.89999389648438,133.60000610351562,133.60000610351562,27235
2022-11-18,136.60000610351562,138.60000610351562,134.6999969482422,136.0,136.0,22655
2022-11-21,135.60000610351562,136.89999389648438,129.1999969482422,130.0,130.0,19290
2022-11-22,130.1999969482422,133.39999389648438,125.19999694824219,132.8000030517578,132.8000030517578,22775
2022-11-23,132.8000030517578,142.1999969482422,132.8000030517578,141.1999969482422,141.1999969482422,23840
2022-11-25,140.8000030517578,145.0,140.39999389648438,143.0,143.0,15630
2022-11-28,143.60000610351562,146.0,139.39999389648438,141.0,141.0,31280
2022-11-29,142.39999389648438,142.8000030517578,132.60000610351562,133.0,133.0,36010
2022-11-30,135.0,142.0,125.80000305175781,130.0,130.0,52810
2022-12-01,132.0,135.60000610351562,125.80000305175781,133.39999389648438,133.39999389648438,38985
2022-12-02,131.60000610351562,143.10000610351562,128.8000030517578,142.60000610351562,142.60000610351562,23295
2022-12-05,141.1999969482422,143.39999389648438,126.4000015258789,130.60000610351562,130.60000610351562,48865
2022-12-06,128.60000610351562,131.1999969482422,118.62000274658203,124.5999984741211,124.5999984741211,57275
2022-12-07,123.19999694824219,124.4000015258789,117.5999984741211,122.19999694824219,122.19999694824219,40255
2022-12-08,123.4000015258789,133.1999969482422,120.19999694824219,130.60000610351562,130.60000610351562,37210
2022-12-09,130.39999389648438,131.39999389648438,128.39999389648438,130.8000030517578,130.8000030517578,27785
2022-12-12,131.39999389648438,131.6999969482422,125.80000305175781,130.0,130.0,28305
2022-12-13,134.0,134.8000030517578,128.89999389648438,133.39999389648438,133.39999389648438,33500
2022-12-14,132.60000610351562,133.39999389648438,122.69999694824219,123.80000305175781,123.80000305175781,40730
2022-12-15,123.19999694824219,124.0,116.5999984741211,116.80000305175781,116.80000305175781,43540
2022-12-16,115.0,117.30000305175781,113.4000015258789,115.0,115.0,82935
2022-12-19,115.4000015258789,115.69999694824219,105.30000305175781,106.19999694824219,106.19999694824219,31355
2022-12-20,106.0,111.19999694824219,104.0,111.19999694824219,111.19999694824219,35700
2022-12-21,112.0,116.80000305175781,109.4000015258789,114.19999694824219,114.19999694824219,31440
2022-12-22,113.0,113.0999984741211,106.30000305175781,108.80000305175781,108.80000305175781,43115
2022-12-23,107.80000305175781,110.0,104.30000305175781,104.80000305175781,104.80000305175781,34965
2022-12-27,104.4000015258789,104.4000015258789,100.0,101.80000305175781,101.80000305175781,39510
2022-12-28,101.4000015258789,104.19999694824219,95.5,102.80000305175781,102.80000305175781,38695
2022-12-29,104.0,114.0,103.5999984741211,112.19999694824219,112.19999694824219,46595
2022-12-30,110.80000305175781,112.5999984741211,108.41999816894531,112.0,112.0,62425
2023-01-03,115.5999984741211,116.0,106.80000305175781,108.0,108.0,35500
2023-01-04,111.19999694824219,111.19999694824219,106.4000015258789,109.4000015258789,109.4000015258789,32735
2023-01-05,109.80000305175781,109.80000305175781,105.5999984741211,107.0,107.0,23640
2023-01-06,108.0,113.19999694824219,105.80000305175781,108.0,108.0,27105
2023-01-09,109.4000015258789,109.4000015258789,103.5999984741211,104.0,104.0,32315
2023-01-10,103.5999984741211,108.0999984741211,101.5,106.80000305175781,106.80000305175781,31005
2023-01-11,106.5999984741211,106.80000305175781,103.19999694824219,105.19999694824219,105.19999694824219,24980
2023-01-12,104.80000305175781,111.0999984741211,102.0,110.19999694824219,110.19999694824219,32660
2023-01-13,109.19999694824219,112.77999877929688,106.0,109.5999984741211,109.5999984741211,33100
2023-01-17,109.19999694824219,110.80000305175781,105.19999694824219,107.19999694824219,107.19999694824219,34610
2023-01-18,108.0,111.30000305175781,103.63999938964844,105.19999694824219,105.19999694824219,18070
2023-01-19,104.80000305175781,106.4000015258789,100.4000015258789,102.19999694824219,102.19999694824219,28670
2023-01-20,104.0,106.19999694824219,100.80000305175781,104.19999694824219,104.19999694824219,33680
2023-01-23,104.5999984741211,106.4000015258789,103.4000015258789,105.80000305175781,105.80000305175781,34005
2023-01-24,105.4000015258789,112.0,104.0,110.0,110.0,33065
2023-01-25,108.0,109.0,104.69999694824219,108.5,108.5,25090
2023-01-26,110.19999694824219,113.0,107.30000305175781,110.19999694824219,110.19999694824219,48175
2023-01-27,110.0,112.80000305175781,109.0,110.5999984741211,110.5999984741211,45460
2023-01-30,109.0,112.80000305175781,108.4000015258789,109.19999694824219,109.19999694824219,28335
2023-01-31,110.0,111.5999984741211,109.0,109.4000015258789,109.4000015258789,29600
2023-02-01,109.5999984741211,111.4000015258789,107.19999694824219,109.80000305175781,109.80000305175781,44865
2023-02-02,111.0,114.19999694824219,110.19999694824219,113.4000015258789,113.4000015258789,48575
2023-02-03,111.19999694824219,112.4000015258789,108.4000015258789,110.0,110.0,38120
2023-02-06,109.0,111.4000015258789,108.0,109.80000305175781,109.80000305175781,41800
2023-02-07,111.19999694824219,111.19999694824219,107.0999984741211,108.80000305175781,108.80000305175781,33495
2023-02-08,107.80000305175781,110.4000015258789,105.5999984741211,106.80000305175781,106.80000305175781,66015
2023-02-09,107.80000305175781,111.0,107.0,108.5999984741211,108.5999984741211,37240
2023-02-10,108.5999984741211,109.80000305175781,107.4000015258789,108.4000015258789,108.4000015258789,32120
2023-02-13,108.5999984741211,109.9000015258789,106.0,107.80000305175781,107.80000305175781,34765
2023-02-14,108.4000015258789,109.5999984741211,105.0999984741211,107.4000015258789,107.4000015258789,38895
2023-02-15,106.80000305175781,107.5,101.5999984741211,102.5999984741211,102.5999984741211,33180
2023-02-16,100.80000305175781,104.0,100.30000305175781,100.5999984741211,100.5999984741211,41545
2023-02-17,101.0,105.4000015258789,99.80000305175781,105.4000015258789,105.4000015258789,33835
2023-02-21,103.80000305175781,104.0,100.0,100.19999694824219,100.19999694824219,34845
2023-02-22,102.4000015258789,103.5999984741211,100.19999694824219,102.19999694824219,102.19999694824219,33445
2023-02-23,103.5999984741211,105.5999984741211,101.4000015258789,103.5999984741211,103.5999984741211,24910
2023-02-24,102.0,102.0,98.9000015258789,99.80000305175781,99.80000305175781,32985
2023-02-27,101.5999984741211,103.0,97.0,99.0,99.0,46625
2023-02-28,100.0,101.5,98.80000305175781,101.0,101.0,33190
2023-03-01,100.0,103.5999984741211,97.80000305175781,103.0,103.0,48435
2023-03-02,102.5999984741211,108.0,101.5,106.0,106.0,29170
2023-03-03,107.4000015258789,108.5999984741211,103.9000015258789,105.5999984741211,105.5999984741211,60090
2023-03-06,106.19999694824219,110.30000305175781,103.19999694824219,109.80000305175781,109.80000305175781,46805
2023-03-07,105.5999984741211,108.5999984741211,97.4000015258789,108.0,108.0,86620
2023-03-08,108.5999984741211,119.5999984741211,108.0199966430664,118.80000305175781,118.80000305175781,110805
2023-03-09,119.0,123.4000015258789,105.83999633789062,106.0,106.0,91265
2023-03-10,106.19999694824219,107.4000015258789,103.69999694824219,105.19999694824219,105.19999694824219,86405
2023-03-13,104.19999694824219,109.19999694824219,104.19999694824219,107.5999984741211,107.5999984741211,46785
2023-03-14,110.19999694824219,113.80000305175781,108.0999984741211,111.4000015258789,111.4000015258789,39025
2023-03-15,109.5999984741211,116.5,107.80000305175781,116.0,116.0,40130
2023-03-16,113.5999984741211,116.0,111.19999694824219,112.0,112.0,36600
2023-03-17,112.5999984741211,114.30000305175781,111.0,112.19999694824219,112.19999694824219,98620
2023-03-20,109.5999984741211,113.19999694824219,105.0,109.80000305175781,109.80000305175781,52035
2023-03-21,112.0,127.19999694824219,112.0,121.80000305175781,121.80000305175781,93055
2023-03-22,122.0,123.4000015258789,116.9000015258789,117.19999694824219,117.19999694824219,83625
2023-03-23,119.80000305175781,120.80000305175781,108.80000305175781,113.4000015258789,113.4000015258789,92630
2023-03-24,112.4000015258789,114.0999984741211,109.69999694824219,113.80000305175781,113.80000305175781,43195
2023-03-27,114.4000015258789,115.0,108.4000015258789,109.19999694824219,109.19999694824219,40560
2023-03-28,109.0,115.0,109.0,111.0,111.0,34140
2023-03-29,112.5999984741211,116.0,110.9000015258789,112.4000015258789,112.4000015258789,34070
2023-03-30,113.0,113.0,105.80000305175781,107.0,107.0,53225
2023-03-31,108.0,115.0,106.80000305175781,113.4000015258789,113.4000015258789,52775
2023-04-03,114.4000015258789,125.0,113.0,119.19999694824219,119.19999694824219,112920
2023-04-04,120.19999694824219,120.19999694824219,114.4000015258789,116.0,116.0,79740
2023-04-05,116.80000305175781,122.4000015258789,110.30000305175781,112.19999694824219,112.19999694824219,122030
2023-04-06,113.19999694824219,118.4000015258789,110.30000305175781,115.4000015258789,115.4000015258789,108825
2023-04-10,115.80000305175781,116.19999694824219,112.0,113.4000015258789,113.4000015258789,89125
2023-04-11,115.19999694824219,120.0,115.19999694824219,117.0,117.0,109375
2023-04-12,119.30000305175781,120.0,114.19999694824219,114.4000015258789,114.4000015258789,68865
2023-04-13,114.5999984741211,121.4000015258789,112.19999694824219,121.0,121.0,119600
2023-04-14,121.0,124.0,116.4000015258789,117.19999694824219,117.19999694824219,126635
2023-04-17,120.4000015258789,135.8000030517578,120.0,131.0,131.0,257955
2023-04-18,136.60000610351562,137.39999389648438,120.4000015258789,120.80000305175781,120.80000305175781,235045
2023-04-19,120.0,127.5999984741211,118.30000305175781,125.19999694824219,125.19999694824219,156050
2023-04-20,124.0,131.8000030517578,122.19999694824219,126.5999984741211,126.5999984741211,172085
2023-04-21,127.0,133.39999389648438,118.9000015258789,128.8000030517578,128.8000030517578,304635
2023-04-24,130.8000030517578,132.8000030517578,123.4000015258789,130.0,130.0,241075
2023-04-25,129.1999969482422,134.60000610351562,120.19999694824219,123.19999694824219,123.19999694824219,292850
2023-04-26,124.80000305175781,129.5,119.4000015258789,128.0,128.0,309185
2023-04-27,132.0,133.0,105.4000015258789,106.4000015258789,106.4000015258789,1037775
2023-04-28,103.80000305175781,106.80000305175781,97.4000015258789,97.5,97.5,503280
2023-05-01,97.19999694824219,98.0,90.19999694824219,97.4000015258789,97.4000015258789,315120
2023-05-02,97.0999984741211,102.5999984741211,91.0,93.4000015258789,93.4000015258789,235330
2023-05-03,94.0,108.9000015258789,94.0,104.4000015258789,104.4000015258789,287000
2023-05-04,101.19999694824219,110.0999984741211,98.19999694824219,109.0,109.0,164725
2023-05-05,112.0,118.80000305175781,109.80000305175781,118.19999694824219,118.19999694824219,191050
2023-05-08,121.0,121.5999984741211,109.4000015258789,111.19999694824219,111.19999694824219,215655
2023-05-09,106.4000015258789,113.5999984741211,105.0,111.4000015258789,111.4000015258789,195875
2023-05-10,111.0,111.0,100.19999694824219,106.19999694824219,106.19999694824219,258720
2023-05-11,105.5999984741211,110.4000015258789,104.80000305175781,109.5999984741211,109.5999984741211,108375
2023-05-12,110.4000015258789,110.4000015258789,101.80000305175781,102.5999984741211,102.5999984741211,118740
2023-05-15,102.5999984741211,108.80000305175781,102.19999694824219,106.5999984741211,106.5999984741211,100285
2023-05-16,102.80000305175781,103.19999694824219,98.30000305175781,101.5999984741211,101.5999984741211,167460
2023-05-17,102.0,102.19999694824219,98.0,98.5999984741211,98.5999984741211,114370
2023-05-18,99.19999694824219,99.19999694824219,93.0,96.4000015258789,96.4000015258789,140745
2023-05-19,97.80000305175781,98.94000244140625,95.0,96.5999984741211,96.5999984741211,112355
2023-05-22,96.80000305175781,101.30000305175781,96.19999694824219,98.4000015258789,98.4000015258789,106195
2023-05-23,98.19999694824219,102.19999694824219,97.5999984741211,101.0,101.0,114015
2023-05-24,100.0,100.13999938964844,93.80000305175781,97.4000015258789,97.4000015258789,105280
2023-05-25,97.19999694824219,97.4000015258789,93.04000091552734,93.4000015258789,93.4000015258789,88470
2023-05-26,93.19999694824219,95.0,91.5999984741211,94.5999984741211,94.5999984741211,101870
2023-05-30,95.0999984741211,95.80000305175781,92.5999984741211,94.0,94.0,111695
2023-05-31,94.19999694824219,99.0999984741211,92.80000305175781,99.0,99.0,105265
2023-06-01,99.4000015258789,102.80000305175781,96.4000015258789,100.19999694824219,100.19999694824219,146325
2023-06-02,100.19999694824219,101.19999694824219,97.0,97.4000015258789,97.4000015258789,113575
2023-06-05,98.5999984741211,98.5999984741211,94.80000305175781,94.80000305175781,94.80000305175781,99550
2023-06-06,94.5999984741211,97.5999984741211,93.0,95.19999694824219,95.19999694824219,100260
2023-06-07,94.5999984741211,108.5,94.5999984741211,107.19999694824219,107.19999694824219,236345
2023-06-08,107.19999694824219,112.0,102.4000015258789,112.0,112.0,138945
2023-06-09,112.19999694824219,118.0999984741211,110.30000305175781,115.80000305175781,115.80000305175781,161080
2023-06-12,116.4000015258789,120.5999984741211,111.9000015258789,114.80000305175781,114.80000305175781,187155
2023-06-13,115.5999984741211,125.0,115.19999694824219,123.80000305175781,123.80000305175781,218900
2023-06-14,123.5999984741211,125.19999694824219,120.5999984741211,122.4000015258789,122.4000015258789,146790
2023-06-15,121.5999984741211,122.08000183105469,114.4000015258789,114.4000015258789,114.4000015258789,113935
2023-06-16,116.0,116.0,105.19999694824219,107.5999984741211,107.5999984741211,765645
2023-06-20,106.5999984741211,109.19999694824219,104.19999694824219,107.4000015258789,107.4000015258789,128655
2023-06-21,106.5999984741211,116.0999984741211,104.5,114.4000015258789,114.4000015258789,110440
2023-06-22,112.5999984741211,116.5999984741211,108.0,109.19999694824219,109.19999694824219,125650
2023-06-23,108.0,108.5999984741211,103.69999694824219,106.0,106.0,261990
2023-06-26,108.80000305175781,110.0,104.5999984741211,108.0,108.0,68800
2023-06-27,108.19999694824219,108.19999694824219,104.22000122070312,104.80000305175781,104.80000305175781,40415
2023-06-28,104.5999984741211,104.5999984741211,92.0,97.4000015258789,97.4000015258789,295695
2023-06-29,97.5999984741211,97.5999984741211,93.0,93.80000305175781,93.80000305175781,155260
2023-06-30,93.80000305175781,96.80000305175781,92.19999694824219,95.80000305175781,95.80000305175781,132625
2023-07-03,96.5999984741211,100.5999984741211,95.4000015258789,98.0,98.0,66210
2023-07-05,99.0,99.0,94.4000015258789,95.19999694824219,95.19999694824219,79155
2023-07-06,94.19999694824219,95.19999694824219,92.0,92.4000015258789,92.4000015258789,72740
2023-07-07,92.5999984741211,95.4000015258789,92.5999984741211,95.19999694824219,95.19999694824219,51520
2023-07-10,95.5999984741211,99.0,94.80000305175781,96.19999694824219,96.19999694824219,97200
2023-07-11,96.0,96.19999694824219,93.5999984741211,93.80000305175781,93.80000305175781,73735
2023-07-12,95.0,95.4000015258789,91.4000015258789,92.0,92.0,91635
2023-07-13,92.4000015258789,94.4000015258789,91.19999694824219,92.19999694824219,92.19999694824219,97110
2023-07-14,92.4000015258789,92.4000015258789,89.4000015258789,90.4000015258789,90.4000015258789,70105
2023-07-17,90.4000015258789,95.5999984741211,90.4000015258789,95.0,95.0,86180
2023-07-18,94.80000305175781,99.0,94.4000015258789,96.19999694824219,96.19999694824219,83585
2023-07-19,96.0,98.19999694824219,93.9000015258789,94.4000015258789,94.4000015258789,57265
2023-07-20,94.5999984741211,94.5999984741211,90.5999984741211,91.0,91.0,59000
2023-07-21,91.4000015258789,94.0999984741211,89.5999984741211,92.19999694824219,92.19999694824219,67675
2023-07-24,91.80000305175781,91.80000305175781,86.4000015258789,87.80000305175781,87.80000305175781,92015
2023-07-25,87.0,90.0,85.80000305175781,88.19999694824219,88.19999694824219,76610
2023-07-26,87.5999984741211,90.0,86.5999984741211,89.4000015258789,89.4000015258789,59330
2023-07-27,90.19999694824219,91.30000305175781,87.80000305175781,88.4000015258789,88.4000015258789,60660
2023-07-28,90.0,93.80000305175781,89.4000015258789,93.80000305175781,93.80000305175781,73570
2023-07-31,94.4000015258789,96.19999694824219,93.19999694824219,96.19999694824219,96.19999694824219,93290
2023-08-01,96.19999694824219,98.5999984741211,93.4000015258789,96.5999984741211,96.5999984741211,79370
2023-08-02,95.0,97.0,93.0999984741211,97.0,97.0,71270
2023-08-03,96.19999694824219,105.80000305175781,95.4000015258789,101.4000015258789,101.4000015258789,196105
2023-08-04,102.4000015258789,103.5999984741211,97.4000015258789,98.80000305175781,98.80000305175781,101625
2023-08-07,100.19999694824219,101.0,90.5999984741211,92.19999694824219,92.19999694824219,139420
2023-08-08,96.19999694824219,104.4000015258789,83.30000305175781,85.80000305175781,85.80000305175781,367100
2023-08-09,84.4000015258789,84.5999984741211,79.80000305175781,80.5999984741211,80.5999984741211,142385
2023-08-10,80.80000305175781,81.5999984741211,78.0999984741211,78.5999984741211,78.5999984741211,112600
2023-08-11,77.80000305175781,79.5999984741211,77.0,77.4000015258789,77.4000015258789,97970
2023-08-14,77.0,77.80000305175781,75.80000305175781,76.80000305175781,76.80000305175781,98895
2023-08-15,76.9000015258789,77.0,74.80000305175781,75.0,75.0,70575
2023-08-16,74.4000015258789,74.80000305175781,69.0,69.0,69.0,167100
2023-08-17,70.19999694824219,71.4000015258789,65.0999984741211,70.0,70.0,142185
2023-08-18,69.19999694824219,72.5,68.4000015258789,71.0,71.0,90515
2023-08-21,70.4000015258789,72.9000015258789,69.5999984741211,71.4000015258789,71.4000015258789,115090
2023-08-22,71.19999694824219,72.19999694824219,69.5999984741211,71.4000015258789,71.4000015258789,84525
2023-08-23,71.0,72.5999984741211,70.9000015258789,71.19999694824219,71.19999694824219,60755
2023-08-24,71.19999694824219,71.4000015258789,69.19999694824219,70.5999984741211,70.5999984741211,85655
2023-08-25,70.5999984741211,72.0999984741211,68.5999984741211,70.5999984741211,70.5999984741211,56675
2023-08-28,70.80000305175781,72.0999984741211,70.4000015258789,71.19999694824219,71.19999694824219,49740
2023-08-29,70.80000305175781,72.0999984741211,69.80000305175781,71.19999694824219,71.19999694824219,55525
2023-08-30,71.19999694824219,71.4000015258789,68.9000015258789,70.5999984741211,70.5999984741211,92065
2023-08-31,70.19999694824219,71.0,68.80000305175781,69.0,69.0,83045
2023-09-01,69.5999984741211,72.5999984741211,69.4000015258789,72.5999984741211,72.5999984741211,89705
2023-09-05,73.4000015258789,73.4000015258789,69.4000015258789,70.4000015258789,70.4000015258789,160110
2023-09-06,69.80000305175781,70.4000015258789,63.20000076293945,63.79999923706055,63.79999923706055,165510
2023-09-07,63.20000076293945,65.80000305175781,61.20000076293945,64.80000305175781,64.80000305175781,99120
2023-09-08,64.19999694824219,65.5,62.599998474121094,64.5999984741211,64.5999984741211,61645
2023-09-11,64.0,64.80000305175781,61.0,61.400001525878906,61.400001525878906,81515
2023-09-12,61.400001525878906,62.70000076293945,59.79999923706055,60.79999923706055,60.79999923706055,125005
2023-09-13,61.0,63.70000076293945,58.79999923706055,59.20000076293945,59.20000076293945,98300
2023-09-14,59.400001525878906,60.0,57.599998474121094,59.20000076293945,59.20000076293945,97580
2023-09-15,59.79999923706055,59.79999923706055,56.20000076293945,57.20000076293945,57.20000076293945,203365
2023-09-18,56.400001525878906,56.900001525878906,54.599998474121094,55.0,55.0,115955
2023-09-19,54.400001525878906,55.400001525878906,53.599998474121094,55.400001525878906,55.400001525878906,76955
2023-09-20,55.20000076293945,55.599998474121094,53.20000076293945,53.400001525878906,53.400001525878906,92165
2023-09-21,53.0,55.599998474121094,52.040000915527344,54.400001525878906,54.400001525878906,87925
2023-09-22,54.400001525878906,54.79999923706055,52.0,52.20000076293945,52.20000076293945,117530
2023-09-25,52.20000076293945,53.0,47.400001525878906,48.20000076293945,48.20000076293945,201055
2023-09-26,48.20000076293945,51.20000076293945,46.400001525878906,46.599998474121094,46.599998474121094,147790
2023-09-27,46.599998474121094,48.20000076293945,46.099998474121094,47.79999923706055,47.79999923706055,81910
2023-09-28,48.0,48.29999923706055,45.599998474121094,47.79999923706055,47.79999923706055,134465
2023-09-29,47.79999923706055,49.20000076293945,46.0,47.599998474121094,47.599998474121094,111915
2023-10-02,47.599998474121094,47.599998474121094,42.79999923706055,43.0,43.0,84090
2023-10-03,42.599998474121094,42.79999923706055,40.20000076293945,41.20000076293945,41.20000076293945,165760
2023-10-04,41.20000076293945,41.400001525878906,39.400001525878906,40.0,40.0,110475
2023-10-05,39.79999923706055,42.20000076293945,39.20000076293945,41.900001525878906,41.900001525878906,154635
2023-10-06,41.0,41.20000076293945,37.599998474121094,39.099998474121094,39.099998474121094,73440
2023-10-09,38.400001525878906,38.400001525878906,36.79999923706055,36.900001525878906,36.900001525878906,56100
2023-10-10,36.0,36.58000183105469,33.20000076293945,36.20000076293945,36.20000076293945,166765
2023-10-11,37.599998474121094,38.20000076293945,33.599998474121094,33.79999923706055,33.79999923706055,73520
2023-10-12,33.400001525878906,33.599998474121094,29.200000762939453,29.5,29.5,354440
2023-10-13,29.600000381469727,30.799999237060547,26.399999618530273,30.0,30.0,176035
2023-10-16,29.399999618530273,30.600000381469727,28.899999618530273,29.200000762939453,29.200000762939453,87380
2023-10-17,29.0,32.400001525878906,27.799999237060547,29.0,29.0,147855
2023-10-18,28.399999618530273,28.600000381469727,26.600000381469727,27.0,27.0,132455
2023-10-19,27.200000762939453,27.399999618530273,25.600000381469727,26.100000381469727,26.100000381469727,133480
2023-10-20,26.399999618530273,29.399999618530273,25.5,28.399999618530273,28.399999618530273,154765
2023-10-23,27.799999237060547,32.0,27.399999618530273,30.600000381469727,30.600000381469727,472615
2023-10-24,29.799999237060547,32.0,29.799999237060547,30.700000762939453,30.700000762939453,138380
2023-10-25,31.0,31.0,27.399999618530273,27.5,27.5,53095
2023-10-26,27.799999237060547,30.399999618530273,27.200000762939453,29.799999237060547,29.799999237060547,81245
2023-10-27,29.799999237060547,29.799999237060547,27.399999618530273,27.600000381469727,27.600000381469727,102730
2023-10-30,27.200000762939453,29.799999237060547,25.399999618530273,29.0,29.0,89695
2023-10-31,29.799999237060547,32.599998474121094,28.299999237060547,30.600000381469727,30.600000381469727,218340
2023-11-01,30.200000762939453,31.399999618530273,26.600000381469727,28.799999237060547,28.799999237060547,163665
2023-11-02,32.599998474121094,32.599998474121094,18.200000762939453,18.639999389648438,18.639999389648438,837990
2023-11-03,19.600000381469727,31.0,19.399999618530273,26.0,26.0,1551110
2023-11-06,26.399999618530273,26.600000381469727,22.600000381469727,22.799999237060547,22.799999237060547,222870
2023-11-07,23.200000762939453,24.600000381469727,21.399999618530273,24.399999618530273,24.399999618530273,213130
2023-11-08,24.600000381469727,24.600000381469727,20.399999618530273,20.799999237060547,20.799999237060547,133850
2023-11-09,21.200000762939453,21.200000762939453,18.420000076293945,20.200000762939453,20.200000762939453,202285
2023-11-10,20.200000762939453,20.399999618530273,19.239999771118164,20.299999237060547,20.299999237060547,163340
2023-11-13,20.600000381469727,21.600000381469727,19.600000381469727,21.399999618530273,21.399999618530273,62855
2023-11-14,21.399999618530273,24.799999237060547,21.299999237060547,24.799999237060547,24.799999237060547,127390
2023-11-15,24.399999618530273,27.200000762939453,24.0,24.0,24.0,120850
2023-11-16,24.399999618530273,24.399999618530273,22.200000762939453,23.200000762939453,23.200000762939453,90560
2023-11-17,23.399999618530273,28.799999237060547,23.299999237060547,28.399999618530273,28.399999618530273,130215
2023-11-20,28.0,28.399999618530273,19.31999969482422,19.399999618530273,19.399999618530273,671630
2023-11-21,21.399999618530273,23.600000381469727,20.600000381469727,20.899999618530273,20.899999618530273,275880
2023-11-22,21.399999618530273,22.5,20.0,22.399999618530273,22.399999618530273,159000
2023-11-24,21.600000381469727,23.799999237060547,21.600000381469727,23.0,23.0,58980
2023-11-27,22.399999618530273,23.299999237060547,21.200000762939453,23.200000762939453,23.200000762939453,82815
2023-11-28,22.600000381469727,23.200000762939453,22.0,22.600000381469727,22.600000381469727,64185
2023-11-29,22.600000381469727,24.0,22.200000762939453,22.399999618530273,22.399999618530273,116885
2023-11-30,23.0,23.200000762939453,20.200000762939453,20.799999237060547,20.799999237060547,217580
2023-12-01,20.399999618530273,21.799999237060547,19.600000381469727,21.399999618530273,21.399999618530273,137315
2023-12-04,21.799999237060547,23.0,20.799999237060547,22.799999237060547,22.799999237060547,132920
2023-12-05,22.399999618530273,22.399999618530273,20.799999237060547,21.200000762939453,21.200000762939453,95720
2023-12-06,21.799999237060547,22.899999618530273,20.81999969482422,21.600000381469727,21.600000381469727,109930
2023-12-07,22.200000762939453,22.799999237060547,21.399999618530273,22.0,22.0,84830
2023-12-08,22.600000381469727,23.399999618530273,21.399999618530273,21.799999237060547,21.799999237060547,93265
2023-12-11,21.600000381469727,22.0,19.5,19.940000534057617,19.940000534057617,200965
2023-12-12,20.600000381469727,21.0,18.780000686645508,19.260000228881836,19.260000228881836,315200
2023-12-13,19.799999237060547,21.0,18.299999237060547,21.0,21.0,262570
2023-12-14,20.799999237060547,21.780000686645508,20.0,21.600000381469727,21.600000381469727,241150
2023-12-15,20.799999237060547,21.799999237060547,19.440000534057617,19.860000610351562,19.860000610351562,897500
2023-12-18,20.399999618530273,24.600000381469727,20.200000762939453,22.600000381469727,22.600000381469727,378850
2023-12-19,23.0,24.0,22.100000381469727,22.799999237060547,22.799999237060547,175550
2023-12-20,22.600000381469727,23.200000762939453,21.200000762939453,21.399999618530273,21.399999618530273,132580
2023-12-21,22.0,24.5,22.0,22.200000762939453,22.200000762939453,227580
2023-12-22,23.0,25.799999237060547,22.559999465942383,25.399999618530273,25.399999618530273,208760
2023-12-26,26.600000381469727,27.600000381469727,25.399999618530273,26.799999237060547,26.799999237060547,171695
2023-12-27,27.600000381469727,30.600000381469727,27.0,28.200000762939453,28.200000762939453,245160
2023-12-28,29.600000381469727,30.200000762939453,27.200000762939453,28.0,28.0,204255
2023-12-29,28.799999237060547,29.299999237060547,27.600000381469727,28.0,28.0,139375
2024-01-02,27.399999618530273,29.600000381469727,27.100000381469727,28.0,28.0,126310
2024-01-03,28.600000381469727,29.200000762939453,26.600000381469727,26.600000381469727,26.600000381469727,138525
2024-01-04,27.0,28.559999465942383,26.399999618530273,28.0,28.0,89820
2024-01-05,28.200000762939453,29.0,27.200000762939453,28.0,28.0,110485
2024-01-08,28.0,31.600000381469727,26.700000762939453,31.200000762939453,31.200000762939453,124270
2024-01-09,39.599998474121094,41.0,28.399999618530273,28.600000381469727,28.600000381469727,2399020
2024-01-10,28.799999237060547,29.799999237060547,23.799999237060547,24.200000762939453,24.200000762939453,548350
2024-01-11,24.600000381469727,24.600000381469727,21.399999618530273,23.399999618530273,23.399999618530273,323155
2024-01-12,23.600000381469727,24.200000762939453,23.0,24.0,24.0,145950
2024-01-16,24.600000381469727,25.600000381469727,23.399999618530273,24.600000381469727,24.600000381469727,421475
2024-01-17,24.0,26.200000762939453,23.600000381469727,25.799999237060547,25.799999237060547,247910
2024-01-18,26.399999618530273,26.600000381469727,23.5,24.600000381469727,24.600000381469727,297730
2024-01-19,24.600000381469727,25.200000762939453,23.799999237060547,24.600000381469727,24.600000381469727,179045
2024-01-22,24.799999237060547,26.0,24.219999313354492,25.0,25.0,230380
2024-01-23,25.0,25.600000381469727,24.100000381469727,24.200000762939453,24.200000762939453,125865
2024-01-24,24.200000762939453,24.399999618530273,21.0,23.0,23.0,214055
2024-01-25,22.399999618530273,23.0,21.200000762939453,22.600000381469727,22.600000381469727,124050
2024-01-26,22.799999237060547,23.799999237060547,22.799999237060547,23.0,23.0,135380
2024-01-29,23.600000381469727,25.200000762939453,22.600000381469727,25.0,25.0,240775
2024-01-30,24.799999237060547,25.0,23.200000762939453,23.399999618530273,23.399999618530273,154015
2024-01-31,23.399999618530273,24.299999237060547,22.399999618530273,22.600000381469727,22.600000381469727,136875
2024-02-01,23.0,23.200000762939453,22.399999618530273,23.0,23.0,112620
2024-02-02,22.600000381469727,22.799999237060547,21.600000381469727,22.0,22.0,142580
2024-02-05,22.0,22.399999618530273,21.399999618530273,21.799999237060547,21.799999237060547,93020
2024-02-06,21.799999237060547,22.399999618530273,21.200000762939453,22.0,22.0,73885
2024-02-07,22.0,22.0,20.399999618530273,20.399999618530273,20.399999618530273,185740
2024-02-08,20.600000381469727,21.600000381469727,20.200000762939453,20.700000762939453,20.700000762939453,141140
2024-02-09,20.799999237060547,23.0,20.799999237060547,22.399999618530273,22.399999618530273,166700
2024-02-12,22.399999618530273,23.600000381469727,22.399999618530273,23.0,23.0,153505
2024-02-13,22.200000762939453,22.399999618530273,21.200000762939453,21.200000762939453,21.200000762939453,126750
2024-02-14,21.799999237060547,22.200000762939453,21.299999237060547,22.0,22.0,102215
2024-02-15,22.0,22.799999237060547,21.899999618530273,22.399999618530273,22.399999618530273,112580
2024-02-16,21.600000381469727,22.799999237060547,20.600000381469727,21.0,21.0,250475
2024-02-20,21.600000381469727,22.200000762939453,20.799999237060547,20.799999237060547,20.799999237060547,146670
2024-02-21,21.200000762939453,21.899999618530273,20.799999237060547,21.0,21.0,171340
2024-02-22,22.200000762939453,22.399999618530273,21.200000762939453,22.0,22.0,218985
2024-02-23,21.600000381469727,22.0,21.200000762939453,21.200000762939453,21.200000762939453,132290
2024-02-26,21.0,21.799999237060547,20.600000381469727,21.399999618530273,21.399999618530273,190710
2024-02-27,21.399999618530273,23.200000762939453,21.399999618530273,22.799999237060547,22.799999237060547,253140
2024-02-28,22.799999237060547,24.600000381469727,22.600000381469727,23.0,23.0,216400
2024-02-29,23.799999237060547,24.600000381469727,22.799999237060547,22.799999237060547,22.799999237060547,208040
2024-03-01,23.0,24.799999237060547,22.600000381469727,24.600000381469727,24.600000381469727,134295
2024-03-04,24.399999618530273,24.700000762939453,22.600000381469727,22.799999237060547,22.799999237060547,237565
2024-03-05,21.0,22.0,20.399999618530273,21.200000762939453,21.200000762939453,336715
2024-03-06,21.0,21.299999237060547,19.399999618530273,20.200000762939453,20.200000762939453,653755
2024-03-07,20.200000762939453,20.399999618530273,19.540000915527344,19.600000381469727,19.600000381469727,226385
2024-03-08,19.600000381469727,20.600000381469727,19.31999969482422,19.420000076293945,19.420000076293945,210670
2024-03-11,19.600000381469727,19.700000762939453,17.0,17.200000762939453,17.200000762939453,431435
2024-03-12,17.200000762939453,17.200000762939453,15.199999809265137,15.460000038146973,15.460000038146973,419700
2024-03-13,15.800000190734863,16.479999542236328,15.199999809265137,15.520000457763672,15.520000457763672,200425
2024-03-14,15.800000190734863,16.600000381469727,15.220000267028809,15.220000267028809,15.220000267028809,163325
2024-03-15,15.220000267028809,16.0,14.640000343322754,15.720000267028809,15.720000267028809,185340
2024-03-18,16.200000762939453,16.200000762939453,15.020000457763672,15.15999984741211,15.15999984741211,189725
2024-03-19,15.199999809265137,17.079999923706055,15.199999809265137,16.1200008392334,16.1200008392334,215970
2024-03-20,16.1200008392334,16.760000228881836,15.520000457763672,16.6200008392334,16.6200008392334,119485
2024-03-21,16.600000381469727,16.739999771118164,15.5,15.899999618530273,15.899999618530273,132425
2024-03-22,16.020000457763672,16.139999389648438,15.380000114440918,15.380000114440918,15.380000114440918,128315
2024-03-25,15.600000381469727,16.399999618530273,15.420000076293945,15.739999771118164,15.739999771118164,135870
2024-03-26,15.920000076293945,16.34000015258789,15.039999961853027,15.039999961853027,15.039999961853027,135940
2024-03-27,15.119999885559082,16.0,15.039999961853027,15.600000381469727,15.600000381469727,167465
2024-03-28,15.739999771118164,15.960000038146973,15.239999771118164,15.479999542236328,15.479999542236328,151040
2024-04-01,15.600000381469727,15.979999542236328,15.039999961853027,15.34000015258789,15.34000015258789,162265
2024-04-02,15.579999923706055,15.579999923706055,15.0,15.260000228881836,15.260000228881836,100125
2024-04-03,15.220000267028809,15.399999618530273,14.199999809265137,14.520000457763672,14.520000457763672,305610
2024-04-04,14.65999984741211,15.819999694824219,14.300000190734863,15.100000381469727,15.100000381469727,216450
2024-04-05,15.399999618530273,15.600000381469727,14.619999885559082,15.260000228881836,15.260000228881836,166135
2024-04-08,15.020000457763672,15.079999923706055,14.5,14.640000343322754,14.640000343322754,144675
2024-04-09,14.399999618530273,14.960000038146973,13.739999771118164,14.180000305175781,14.180000305175781,348270
2024-04-10,13.899999618530273,13.960000038146973,13.199999809265137,13.779999732971191,13.779999732971191,248235
2024-04-11,13.899999618530273,14.0,13.220000267028809,13.640000343322754,13.640000343322754,233130
2024-04-12,14.0,14.020000457763672,12.619999885559082,13.100000381469727,13.100000381469727,206675
2024-04-15,12.800000190734863,13.079999923706055,12.220000267028809,12.359999656677246,12.359999656677246,192620
2024-04-16,12.319999694824219,13.199999809265137,12.140000343322754,12.720000267028809,12.720000267028809,208060
2024-04-17,13.0600004196167,13.100000381469727,12.039999961853027,12.539999961853027,12.539999961853027,241245
2024-04-18,12.539999961853027,12.65999984741211,11.619999885559082,11.680000305175781,11.680000305175781,189430
2024-04-19,11.600000381469727,12.119999885559082,10.800000190734863,11.199999809265137,11.199999809265137,187430
2024-04-22,12.0,12.699999809265137,11.619999885559082,12.5,12.5,211195
2024-04-23,12.779999732971191,16.059999465942383,12.579999923706055,15.199999809265137,15.199999809265137,593820
2024-04-24,15.0,15.720000267028809,13.920000076293945,14.600000381469727,14.600000381469727,290610
2024-04-25,14.260000228881836,16.579999923706055,14.0,14.859999656677246,14.859999656677246,172055
2024-04-26,14.819999694824219,16.600000381469727,14.800000190734863,16.5,16.5,198925
2024-04-29,17.1200008392334,18.479999542236328,16.600000381469727,18.18000030517578,18.18000030517578,375195
2024-04-30,18.260000228881836,20.0,16.799999237060547,19.81999969482422,19.81999969482422,568685
2024-05-01,20.399999618530273,23.0,20.0,21.600000381469727,21.600000381469727,342840
2024-05-02,21.399999618530273,22.200000762939453,20.0,22.200000762939453,22.200000762939453,162740
2024-05-03,22.200000762939453,23.799999237060547,21.600000381469727,23.200000762939453,23.200000762939453,223235
2024-05-06,23.200000762939453,25.600000381469727,21.600000381469727,23.799999237060547,23.799999237060547,311195
2024-05-07,24.200000762939453,25.0,21.200000762939453,22.200000762939453,22.200000762939453,341490
2024-05-08,15.600000381469727,15.819999694824219,14.079999923706055,14.979999542236328,14.979999542236328,752250
2024-05-09,15.399999618530273,22.0,15.220000267028809,20.600000381469727,20.600000381469727,839065
2024-05-10,21.200000762939453,21.600000381469727,19.299999237060547,20.399999618530273,20.399999618530273,193725
2024-05-13,20.600000381469727,21.399999618530273,19.200000762939453,19.299999237060547,19.299999237060547,173235
2024-05-14,19.0,19.459999084472656,17.280000686645508,17.920000076293945,17.920000076293945,195065
2024-05-15,18.799999237060547,20.600000381469727,18.079999923706055,19.15999984741211,19.15999984741211,176720
2024-05-16,18.799999237060547,19.600000381469727,17.700000762939453,18.479999542236328,18.479999542236328,135180
2024-05-17,18.799999237060547,19.979999542236328,18.020000457763672,18.399999618530273,18.399999618530273,100490
2024-05-20,18.299999237060547,19.600000381469727,18.200000762939453,18.979999542236328,18.979999542236328,103040
2024-05-21,19.0,19.5,18.0,18.200000762939453,18.200000762939453,84435
2024-05-22,18.600000381469727,19.979999542236328,18.200000762939453,18.739999771118164,18.739999771118164,153525
2024-05-23,19.200000762939453,19.5,18.040000915527344,18.15999984741211,18.15999984741211,95275
2024-05-24,18.200000762939453,18.579999923706055,18.0,18.34000015258789,18.34000015258789,74180
2024-05-28,18.799999237060547,19.5,18.18000030517578,18.600000381469727,18.600000381469727,109485
2024-05-29,18.6200008392334,19.139999389648438,18.200000762939453,18.440000534057617,18.440000534057617,50240
2024-05-30,18.600000381469727,20.600000381469727,18.299999237060547,19.479999542236328,19.479999542236328,173370
2024-05-31,19.799999237060547,21.399999618530273,19.600000381469727,20.0,20.0,104605
2024-06-03,20.0,21.799999237060547,20.0,21.600000381469727,21.600000381469727,92020
2024-06-04,21.799999237060547,22.799999237060547,20.600000381469727,21.399999618530273,21.399999618530273,146300
2024-06-05,21.799999237060547,23.399999618530273,21.200000762939453,22.799999237060547,22.799999237060547,179850
2024-06-06,23.0,23.0,17.0,17.059999465942383,17.059999465942383,704135
2024-06-07,15.800000190734863,16.399999618530273,11.260000228881836,12.279999732971191,12.279999732971191,917200
2024-06-10,13.800000190734863,18.579999923706055,13.4399995803833,14.800000190734863,14.800000190734863,789890
2024-06-11,15.039999961853027,17.0,14.399999618530273,15.899999618530273,15.899999618530273,214845
2024-06-12,16.0,16.559999465942383,14.520000457763672,14.920000076293945,14.920000076293945,116165
2024-06-13,15.0,15.199999809265137,14.020000457763672,14.199999809265137,14.199999809265137,84070
2024-06-14,14.220000267028809,14.680000305175781,13.680000305175781,14.15999984741211,14.15999984741211,105220
2024-06-17,13.600000381469727,14.239999771118164,13.0600004196167,13.420000076293945,13.420000076293945,113055
2024-06-18,13.399999618530273,15.600000381469727,13.0,14.199999809265137,14.199999809265137,183835
2024-06-20,15.199999809265137,16.0,14.600000381469727,15.039999961853027,15.039999961853027,131360
2024-06-21,15.100000381469727,16.200000762939453,15.100000381469727,15.520000457763672,15.520000457763672,128020
2024-06-24,15.399999618530273,16.260000228881836,15.119999885559082,15.180000305175781,15.180000305175781,92910
2024-06-25,15.199999809265137,15.720000267028809,14.720000267028809,15.020000457763672,15.020000457763672,99570
2024-06-26,15.34000015258789,16.100000381469727,15.0,15.020000457763672,15.020000457763672,75130
2024-06-27,14.9399995803833,15.699999809265137,14.5,15.699999809265137,15.699999809265137,100500
2024-06-28,15.600000381469727,16.0,14.479999542236328,14.479999542236328,14.479999542236328,594225
2024-07-01,15.180000305175781,15.800000190734863,14.4399995803833,14.4399995803833,14.4399995803833,90200
2024-07-02,15.0,15.0600004196167,14.0,14.020000457763672,14.020000457763672,108500
2024-07-03,14.020000457763672,14.800000190734863,13.920000076293945,14.039999961853027,14.039999961853027,60820
2024-07-05,14.600000381469727,16.399999618530273,14.399999618530273,16.239999771118164,16.239999771118164,216755
2024-07-08,16.5,19.459999084472656,16.219999313354492,19.459999084472656,19.459999084472656,509345
2024-07-09,18.799999237060547,20.799999237060547,17.700000762939453,20.399999618530273,20.399999618530273,164935
2024-07-10,19.600000381469727,20.600000381469727,19.0,19.739999771118164,19.739999771118164,142265
2024-07-11,20.0,22.0,18.84000015258789,19.559999465942383,19.559999465942383,218335
2024-07-12,20.200000762939453,22.0,19.68000030517578,21.399999618530273,21.399999618530273,144420
2024-07-15,21.0,23.799999237060547,20.799999237060547,23.799999237060547,23.799999237060547,245850
2024-07-16,23.799999237060547,28.799999237060547,23.799999237060547,25.399999618530273,25.399999618530273,560970
2024-07-17,25.399999618530273,30.399999618530273,25.299999237060547,29.600000381469727,29.600000381469727,591650
2024-07-18,30.0,30.600000381469727,24.600000381469727,25.200000762939453,25.200000762939453,260930
2024-07-19,25.200000762939453,25.799999237060547,23.0,24.5,24.5,112075
2024-07-22,25.0,25.5,24.100000381469727,24.600000381469727,24.600000381469727,84560
2024-07-23,24.200000762939453,24.200000762939453,20.600000381469727,22.600000381469727,22.600000381469727,220055
2024-07-24,22.600000381469727,27.0,22.200000762939453,25.799999237060547,25.799999237060547,213545
2024-07-25,26.200000762939453,28.0,23.600000381469727,27.200000762939453,27.200000762939453,170195
2024-07-26,27.799999237060547,28.600000381469727,25.799999237060547,26.399999618530273,26.399999618530273,111020
2024-07-29,27.399999618530273,29.0,26.799999237060547,28.600000381469727,28.600000381469727,115250
2024-07-30,29.0,29.399999618530273,25.200000762939453,25.200000762939453,25.200000762939453,172100
2024-07-31,26.0,28.200000762939453,24.799999237060547,26.799999237060547,26.799999237060547,103140
2024-08-01,27.0,27.399999618530273,24.600000381469727,25.200000762939453,25.200000762939453,99970
2024-08-02,24.600000381469727,25.700000762939453,23.399999618530273,25.0,25.0,147710
2024-08-05,21.600000381469727,26.0,21.5,25.600000381469727,25.600000381469727,153815
2024-08-06,19.600000381469727,21.399999618530273,17.0,20.200000762939453,20.200000762939453,724300
2024-08-07,20.200000762939453,20.200000762939453,17.360000610351562,17.600000381469727,17.600000381469727,239550
2024-08-08,17.299999237060547,18.6200008392334,17.0,18.299999237060547,18.299999237060547,117190
2024-08-09,19.0,19.600000381469727,18.0,18.139999389648438,18.139999389648438,80630
2024-08-12,19.0,19.200000762939453,17.799999237060547,17.799999237060547,17.799999237060547,71445
2024-08-13,19.0,19.0,16.399999618530273,16.559999465942383,16.559999465942383,168035
2024-08-14,17.600000381469727,18.260000228881836,16.6200008392334,18.059999465942383,18.059999465942383,121525
2024-08-15,18.0,18.780000686645508,17.399999618530273,17.700000762939453,17.700000762939453,103345
2024-08-16,17.399999618530273,18.31999969482422,16.799999237060547,17.600000381469727,17.600000381469727,73780
2024-08-19,17.799999237060547,19.399999618530273,17.6200008392334,18.979999542236328,18.979999542236328,115095
2024-08-20,18.239999771118164,19.0,17.219999313354492,17.219999313354492,17.219999313354492,86365
2024-08-21,17.399999618530273,17.979999542236328,16.799999237060547,17.479999542236328,17.479999542236328,50990
2024-08-22,17.799999237060547,18.0,17.200000762939453,17.200000762939453,17.200000762939453,43960
2024-08-23,17.360000610351562,18.399999618530273,17.360000610351562,17.420000076293945,17.420000076293945,42870
2024-08-26,17.399999618530273,18.700000762939453,17.399999618530273,17.5,17.5,92845
2024-08-27,17.760000228881836,18.3799991607666,16.600000381469727,16.600000381469727,16.600000381469727,88980
2024-08-28,16.81999969482422,16.860000610351562,15.760000228881836,16.18000030517578,16.18000030517578,55215
2024-08-29,16.799999237060547,17.440000534057617,15.399999618530273,15.800000190734863,15.800000190734863,137530
2024-08-30,16.600000381469727,16.899999618530273,15.800000190734863,16.020000457763672,16.020000457763672,62605
2024-09-03,16.200000762939453,16.399999618530273,15.479999542236328,15.65999984741211,15.65999984741211,69170
2024-09-04,15.399999618530273,16.600000381469727,15.399999618530273,16.399999618530273,16.399999618530273,62670
2024-09-05,16.799999237060547,18.0,16.059999465942383,18.0,18.0,180285
2024-09-06,18.200000762939453,26.399999618530273,17.239999771118164,19.079999923706055,19.079999923706055,1246760
2024-09-09,19.200000762939453,22.200000762939453,18.219999313354492,20.600000381469727,20.600000381469727,289735
2024-09-10,20.600000381469727,21.299999237060547,19.31999969482422,20.600000381469727,20.600000381469727,164540
2024-09-11,20.600000381469727,21.5,20.0,21.0,21.0,92505
2024-09-12,22.0,24.0,18.399999618530273,19.200000762939453,19.200000762939453,404205
2024-09-13,18.799999237060547,20.0,18.200000762939453,19.979999542236328,19.979999542236328,154365
2024-09-16,19.799999237060547,21.399999618530273,19.639999389648438,20.399999618530273,20.399999618530273,129985
2024-09-17,20.600000381469727,22.799999237060547,20.399999618530273,22.0,22.0,217775
2024-09-18,22.0,22.600000381469727,20.799999237060547,21.0,21.0,144480
2024-09-19,21.799999237060547,22.0,20.399999618530273,21.0,21.0,125410
2024-09-20,20.399999618530273,22.600000381469727,19.920000076293945,22.600000381469727,22.600000381469727,320540
2024-09-23,22.600000381469727,24.200000762939453,21.899999618530273,23.200000762939453,23.200000762939453,259695
2024-09-24,22.799999237060547,23.200000762939453,22.0,22.200000762939453,22.200000762939453,190915
2024-09-25,21.799999237060547,22.0,18.1200008392334,18.299999237060547,18.299999237060547,602910
2024-09-26,19.600000381469727,19.600000381469727,15.960000038146973,16.639999389648438,16.639999389648438,537130
2024-09-27,17.399999618530273,20.200000762939453,16.799999237060547,18.3799991607666,18.3799991607666,602430
2024-09-30,19.399999618530273,21.399999618530273,18.81999969482422,18.920000076293945,18.920000076293945,346040
2024-10-01,16.399999618530273,19.31999969482422,16.0,19.219999313354492,19.219999313354492,473705
2024-10-02,18.6200008392334,19.0,17.420000076293945,18.040000915527344,18.040000915527344,130245
2024-10-03,17.0,18.0,16.739999771118164,16.739999771118164,16.739999771118164,166950
2024-10-04,17.0,17.299999237060547,16.600000381469727,16.979999542236328,16.979999542236328,105995
2024-10-07,16.860000610351562,17.440000534057617,16.399999618530273,16.559999465942383,16.559999465942383,85675
2024-10-08,16.399999618530273,16.760000228881836,15.0600004196167,15.420000076293945,15.420000076293945,238455
2024-10-09,15.239999771118164,15.760000228881836,14.539999961853027,14.859999656677246,14.859999656677246,190590
2024-10-10,14.800000190734863,17.0,14.0600004196167,15.399999618530273,15.399999618530273,482575
2024-10-11,15.399999618530273,16.459999084472656,15.300000190734863,16.139999389648438,16.139999389648438,193565
2024-10-14,15.739999771118164,17.200000762939453,15.739999771118164,16.719999313354492,16.719999313354492,98180
2024-10-15,16.600000381469727,17.0,16.1200008392334,16.31999969482422,16.31999969482422,60350
2024-10-16,16.200000762939453,17.18000030517578,16.200000762939453,16.860000610351562,16.860000610351562,65005
2024-10-17,16.399999618530273,17.399999618530273,16.399999618530273,16.860000610351562,16.860000610351562,48195
2024-10-18,16.959999084472656,17.200000762939453,16.639999389648438,16.940000534057617,16.940000534057617,39720
2024-10-21,17.0,17.0,16.18000030517578,16.280000686645508,16.280000686645508,46490
2024-10-22,16.260000228881836,16.600000381469727,15.520000457763672,15.65999984741211,15.65999984741211,46495
2024-10-23,15.399999618530273,16.020000457763672,15.020000457763672,15.140000343322754,15.140000343322754,76390
2024-10-24,15.140000343322754,15.399999618530273,14.199999809265137,14.199999809265137,14.199999809265137,149070
2024-10-25,14.420000076293945,14.960000038146973,13.600000381469727,14.100000381469727,14.100000381469727,112640
2024-10-28,13.800000190734863,15.199999809265137,13.800000190734863,14.0,14.0,125950
2024-10-29,14.199999809265137,15.800000190734863,14.199999809265137,15.420000076293945,15.420000076293945,219125
2024-10-30,15.119999885559082,16.200000762939453,15.020000457763672,15.65999984741211,15.65999984741211,100005
2024-10-31,15.640000343322754,16.540000915527344,15.119999885559082,16.399999618530273,16.399999618530273,115345
2024-11-01,15.760000228881836,16.5,15.760000228881836,16.440000534057617,16.440000534057617,112190
2024-11-04,16.5,16.959999084472656,15.84000015258789,16.139999389648438,16.139999389648438,85650
2024-11-05,15.800000190734863,16.399999618530273,15.199999809265137,16.239999771118164,16.239999771118164,69500
2024-11-06,16.799999237060547,16.799999237060547,14.880000114440918,15.100000381469727,15.100000381469727,83270
2024-11-07,14.9399995803833,15.300000190734863,14.199999809265137,14.300000190734863,14.300000190734863,110435
2024-11-08,14.0,14.600000381469727,14.0,14.300000190734863,14.300000190734863,84090
2024-11-11,14.699999809265137,15.15999984741211,13.720000267028809,13.84000015258789,13.84000015258789,122295
2024-11-12,13.800000190734863,14.100000381469727,12.619999885559082,13.279999732971191,13.279999732971191,173570
2024-11-13,13.0,13.739999771118164,11.760000228881836,11.800000190734863,11.800000190734863,272025
2024-11-14,11.800000190734863,12.300000190734863,11.600000381469727,11.84000015258789,11.84000015258789,100865
2024-11-15,12.079999923706055,12.079999923706055,11.0,11.0,11.0,174205
2024-11-18,10.819999694824219,12.399999618530273,10.819999694824219,11.579999923706055,11.579999923706055,168430
2024-11-19,11.640000343322754,13.979999542236328,11.640000343322754,13.760000228881836,13.760000228881836,220085
2024-11-20,13.65999984741211,17.700000762939453,13.420000076293945,16.280000686645508,16.280000686645508,610200
2024-11-21,16.600000381469727,17.600000381469727,14.460000038146973,14.640000343322754,14.640000343322754,208435
2024-11-22,14.899999618530273,15.619999885559082,14.420000076293945,15.380000114440918,15.380000114440918,79160
2024-11-25,15.800000190734863,18.0,15.319999694824219,17.700000762939453,17.700000762939453,343385
2024-11-26,19.239999771118164,19.239999771118164,16.059999465942383,17.540000915527344,17.540000915527344,144040
2024-11-27,17.540000915527344,18.5,17.18000030517578,18.299999237060547,18.299999237060547,83290
2024-11-29,19.0,19.799999237060547,18.760000228881836,19.600000381469727,19.600000381469727,179280
2024-12-02,20.200000762939453,20.200000762939453,17.360000610351562,18.540000915527344,18.540000915527344,146020
2024-12-03,18.299999237060547,18.600000381469727,17.399999618530273,17.540000915527344,17.540000915527344,71425
2024-12-04,17.299999237060547,17.360000610351562,16.0,16.3799991607666,16.3799991607666,95155
2024-12-05,16.399999618530273,16.760000228881836,15.600000381469727,16.299999237060547,16.299999237060547,66945
2024-12-06,16.440000534057617,17.920000076293945,16.200000762939453,16.459999084472656,16.459999084472656,58215
2024-12-09,18.020000457763672,18.959999084472656,16.219999313354492,17.100000381469727,17.100000381469727,696525
2024-12-10,16.65999984741211,18.860000610351562,16.65999984741211,18.68000030517578,18.68000030517578,177195
2024-12-11,18.979999542236328,18.979999542236328,17.200000762939453,18.0,18.0,54935
2024-12-12,18.0,18.34000015258789,17.0,17.219999313354492,17.219999313354492,53935
2024-12-13,18.100000381469727,19.200000762939453,17.299999237060547,17.579999923706055,17.579999923706055,106215
2024-12-16,17.579999923706055,19.0,17.579999923706055,17.799999237060547,17.799999237060547,74035
2024-12-17,17.600000381469727,18.200000762939453,17.0,17.600000381469727,17.600000381469727,86045
2024-12-18,18.0,18.399999618530273,17.0,17.200000762939453,17.200000762939453,90180
2024-12-19,18.079999923706055,19.479999542236328,17.479999542236328,18.420000076293945,18.420000076293945,133195
2024-12-20,18.600000381469727,19.239999771118164,18.299999237060547,18.31999969482422,18.31999969482422,139465
2024-12-23,18.399999618530273,20.0,18.31999969482422,19.299999237060547,19.299999237060547,151450
2024-12-24,19.0,19.799999237060547,19.0,19.200000762939453,19.200000762939453,46940
2024-12-26,18.8799991607666,19.31999969482422,18.399999618530273,18.479999542236328,18.479999542236328,44285
2024-12-27,18.600000381469727,18.600000381469727,17.399999618530273,17.739999771118164,17.739999771118164,66040
2024-12-30,17.639999389648438,17.860000610351562,16.459999084472656,16.6200008392334,16.6200008392334,138030
2024-12-31,17.0,17.0,16.059999465942383,16.6200008392334,16.6200008392334,76925
2025-01-02,17.0,17.0,16.1200008392334,16.860000610351562,16.860000610351562,54485
2025-01-03,16.600000381469727,18.200000762939453,16.479999542236328,18.100000381469727,18.100000381469727,76575
2025-01-06,17.799999237060547,19.0,17.799999237060547,18.139999389648438,18.139999389648438,76400
2025-01-07,18.200000762939453,18.84000015258789,17.040000915527344,17.399999618530273,17.399999618530273,68820
2025-01-08,17.0,17.579999923706055,16.799999237060547,17.0,17.0,35385
2025-01-10,17.959999084472656,18.100000381469727,16.700000762939453,16.8799991607666,16.8799991607666,37590
2025-01-13,16.600000381469727,16.760000228881836,16.0,16.459999084472656,16.459999084472656,53225
2025-01-14,16.200000762939453,16.540000915527344,15.0,15.319999694824219,15.319999694824219,127840
2025-01-15,15.600000381469727,16.200000762939453,15.0600004196167,15.600000381469727,15.600000381469727,56310
2025-01-16,15.0,16.0,14.220000267028809,14.699999809265137,14.699999809265137,532700
2025-01-17,14.779999732971191,15.739999771118164,14.779999732971191,15.34000015258789,15.34000015258789,41515
2025-01-21,15.380000114440918,15.380000114440918,14.420000076293945,14.619999885559082,14.619999885559082,60555
2025-01-22,14.760000228881836,19.040000915527344,14.760000228881836,18.239999771118164,18.239999771118164,569660
2025-01-23,17.799999237060547,19.040000915527344,16.81999969482422,17.739999771118164,17.739999771118164,127765
2025-01-24,17.739999771118164,18.5,17.0,17.239999771118164,17.239999771118164,63960
2025-01-27,17.0,18.399999618530273,16.399999618530273,16.84000015258789,16.84000015258789,87845
2025-01-28,16.600000381469727,17.15999984741211,16.059999465942383,16.280000686645508,16.280000686645508,38605
2025-01-29,16.459999084472656,16.739999771118164,15.880000114440918,16.100000381469727,16.100000381469727,46880
2025-01-30,16.200000762939453,17.600000381469727,16.200000762939453,17.1200008392334,17.1200008392334,50640
2025-01-31,17.399999618530273,17.600000381469727,16.6200008392334,16.899999618530273,16.899999618530273,37570
2025-02-03,17.0,17.299999237060547,16.139999389648438,16.6200008392334,16.6200008392334,41820
2025-02-04,16.200000762939453,16.799999237060547,16.020000457763672,16.1200008392334,16.1200008392334,42515
2025-02-05,16.200000762939453,16.6200008392334,15.800000190734863,15.819999694824219,15.819999694824219,39540
2025-02-06,15.600000381469727,16.700000762939453,15.600000381469727,15.619999885559082,15.619999885559082,53280
2025-02-07,15.619999885559082,15.84000015258789,15.399999618530273,15.640000343322754,15.640000343322754,37710
2025-02-10,15.819999694824219,16.059999465942383,15.399999618530273,15.720000267028809,15.720000267028809,42590
2025-02-11,15.479999542236328,16.100000381469727,15.039999961853027,15.979999542236328,15.979999542236328,44825
2025-02-12,16.200000762939453,16.799999237060547,15.760000228881836,16.360000610351562,16.360000610351562,45675
2025-02-13,16.600000381469727,16.799999237060547,16.0,16.799999237060547,16.799999237060547,22410
2025-02-14,16.799999237060547,17.200000762939453,16.600000381469727,16.65999984741211,16.65999984741211,24720
2025-02-18,16.600000381469727,17.200000762939453,16.200000762939453,16.6200008392334,16.6200008392334,61515
2025-02-19,16.399999618530273,17.0,16.31999969482422,16.600000381469727,16.600000381469727,14665
2025-02-20,16.399999618530273,17.0,16.0,16.239999771118164,16.239999771118164,32630
2025-02-21,16.239999771118164,16.600000381469727,15.979999542236328,16.079999923706055,16.079999923706055,45410
2025-02-24,16.200000762939453,16.34000015258789,15.4399995803833,15.800000190734863,15.800000190734863,18820
2025-02-25,15.800000190734863,15.9399995803833,15.220000267028809,15.539999961853027,15.539999961853027,34925
2025-02-26,15.199999809265137,15.800000190734863,14.399999618530273,15.0,15.0,55655
2025-02-27,15.739999771118164,15.739999771118164,14.460000038146973,14.5,14.5,21490
2025-02-28,14.479999542236328,15.380000114440918,14.399999618530273,15.180000305175781,15.180000305175781,36750
2025-03-03,15.180000305175781,15.600000381469727,14.520000457763672,14.979999542236328,14.979999542236328,25670
2025-03-04,14.420000076293945,14.600000381469727,12.600000381469727,13.399999618530273,13.399999618530273,129470
2025-03-05,13.800000190734863,15.300000190734863,13.600000381469727,15.300000190734863,15.300000190734863,48040
2025-03-06,15.0,15.260000228881836,14.479999542236328,14.699999809265137,14.699999809265137,13455
2025-03-07,14.65999984741211,15.460000038146973,14.34000015258789,15.319999694824219,15.319999694824219,25190
2025-03-10,15.34000015258789,15.619999885559082,14.420000076293945,14.520000457763672,14.520000457763672,24895
2025-03-11,14.199999809265137,14.979999542236328,14.0,14.359999656677246,14.359999656677246,21760
2025-03-12,14.5,15.039999961853027,13.5600004196167,13.859999656677246,13.859999656677246,43955
2025-03-13,13.600000381469727,14.039999961853027,12.460000038146973,12.760000228881836,12.760000228881836,84055
2025-03-14,13.0,13.800000190734863,12.800000190734863,13.800000190734863,13.800000190734863,40670
2025-03-17,14.199999809265137,14.800000190734863,13.800000190734863,14.760000228881836,14.760000228881836,34295
2025-03-18,14.800000190734863,16.1200008392334,14.460000038146973,14.9399995803833,14.9399995803833,66750
2025-03-19,15.380000114440918,15.800000190734863,14.359999656677246,15.600000381469727,15.600000381469727,29240
2025-03-20,15.319999694824219,15.319999694824219,14.220000267028809,14.640000343322754,14.640000343322754,49980
2025-03-21,14.779999732971191,14.779999732971191,14.039999961853027,14.220000267028809,14.220000267028809,43505
2025-03-24,14.399999618530273,14.399999618530273,13.800000190734863,14.260000228881836,14.260000228881836,34135
2025-03-25,14.359999656677246,14.399999618530273,14.0,14.239999771118164,14.239999771118164,30810
2025-03-26,14.199999809265137,14.600000381469727,13.819999694824219,14.600000381469727,14.600000381469727,34965
2025-03-27,14.600000381469727,15.199999809265137,14.279999732971191,15.100000381469727,15.100000381469727,56155
2025-03-28,15.100000381469727,15.15999984741211,14.020000457763672,14.420000076293945,14.420000076293945,35480
2025-03-31,14.319999694824219,14.420000076293945,13.819999694824219,14.0,14.0,35195
2025-04-01,14.0,14.399999618530273,13.399999618530273,13.520000457763672,13.520000457763672,35175
2025-04-02,13.600000381469727,13.899999618530273,13.420000076293945,13.5600004196167,13.5600004196167,34460
2025-04-03,13.199999809265137,14.579999923706055,13.199999809265137,13.760000228881836,13.760000228881836,48755
2025-04-04,13.600000381469727,14.0,12.640000343322754,12.800000190734863,12.800000190734863,54495
2025-04-07,12.399999618530273,12.399999618530273,11.119999885559082,11.4399995803833,11.4399995803833,58850
2025-04-08,12.0,12.0,10.399999618530273,10.399999618530273,10.399999618530273,57630
2025-04-09,10.0600004196167,11.020000457763672,9.180000305175781,10.720000267028809,10.720000267028809,117000
2025-04-10,10.720000267028809,11.800000190734863,10.34000015258789,11.619999885559082,11.619999885559082,52635
2025-04-11,11.800000190734863,12.279999732971191,11.300000190734863,11.819999694824219,11.819999694824219,40520
2025-04-14,12.380000114440918,13.399999618530273,11.859999656677246,13.260000228881836,13.260000228881836,65895
2025-04-15,11.5600004196167,12.0,9.239999771118164,9.239999771118164,9.239999771118164,145790
2025-04-16,9.600000381469727,9.800000190734863,7.199999809265137,8.0,8.0,223540
2025-04-17,8.380000114440918,8.779999732971191,7.28000020980835,7.400000095367432,7.400000095367432,132985
2025-04-21,7.900000095367432,8.279999732971191,7.400000095367432,7.480000019073486,7.480000019073486,94745
2025-04-22,7.619999885559082,8.640000343322754,7.178999900817871,8.15999984741211,8.15999984741211,276500
2025-04-23,7.300000190734863,10.550000190734863,7.199999809265137,9.729999542236328,9.729999542236328,642500
2025-04-24,9.649999618530273,10.239999771118164,8.779999732971191,9.079999923706055,9.079999923706055,138100
2025-04-25,9.0,10.255000114440918,8.869999885559082,10.079999923706055,10.079999923706055,272000
2025-04-28,10.020000457763672,10.199999809265137,9.25,9.3100004196167,9.3100004196167,83100
2025-04-29,9.329999923706055,9.696000099182129,9.170000076293945,9.399999618530273,9.399999618530273,56200
2025-04-30,9.289999961853027,10.119999885559082,8.920000076293945,9.699999809265137,9.699999809265137,131000
2025-05-01,9.760000228881836,9.760000228881836,9.255000114440918,9.5,9.5,43200
2025-05-02,9.510000228881836,9.970000267028809,9.295999526977539,9.630000114440918,9.630000114440918,66600
2025-05-05,9.539999961853027,9.729999542236328,9.140000343322754,9.229999542236328,9.229999542236328,46500
2025-05-06,9.100000381469727,9.100000381469727,8.5,8.550000190734863,8.550000190734863,83100
2025-05-07,8.550000190734863,8.892999649047852,8.211000442504883,8.289999961853027,8.289999961853027,57700
2025-05-08,8.0,8.069999694824219,6.900000095367432,6.954999923706055,6.954999923706055,221400
2025-05-09,6.900000095367432,7.238999843597412,6.639999866485596,7.054999828338623,7.054999828338623,131000
2025-05-12,7.150000095367432,8.09000015258789,7.150000095367432,7.880000114440918,7.880000114440918,99900
2025-05-13,7.864999771118164,7.875,7.309999942779541,7.369999885559082,7.369999885559082,127000
2025-05-14,7.5,7.599999904632568,6.75,6.769999980926514,6.769999980926514,191500
2025-05-15,7.0,7.690999984741211,6.53000020980835,7.409999847412109,7.409999847412109,141100
2025-05-16,7.28000020980835,7.550000190734863,7.139999866485596,7.460000038146973,7.460000038146973,76900
2025-05-19,7.460000038146973,8.3100004196167,7.335000038146973,7.980000019073486,7.980000019073486,107300
2025-05-20,7.940000057220459,8.329999923706055,7.730000019073486,8.239999771118164,8.239999771118164,72300
2025-05-21,8.09000015258789,8.329999923706055,7.699999809265137,7.699999809265137,7.699999809265137,44200
2025-05-22,7.539999961853027,7.755000114440918,7.320000171661377,7.440000057220459,7.440000057220459,59400
2025-05-23,7.340000152587891,7.855000019073486,7.340000152587891,7.670000076293945,7.670000076293945,69300
2025-05-27,7.789999961853027,7.789999961853027,7.110000133514404,7.230000019073486,7.230000019073486,61800
2025-05-28,7.309999942779541,7.309999942779541,7.0,7.050000190734863,7.050000190734863,67100
2025-05-29,7.019999980926514,7.160999774932861,6.920000076293945,7.090000152587891,7.090000152587891,57100
2025-05-30,7.019999980926514,7.329999923706055,6.840000152587891,7.050000190734863,7.050000190734863,88700
2025-06-02,7.079999923706055,7.139999866485596,6.730000019073486,7.0,7.0,81300
2025-06-03,7.099999904632568,7.409999847412109,6.989999771118164,7.0,7.0,140000
2025-06-04,7.010000228881836,7.190000057220459,6.960000038146973,7.130000114440918,7.130000114440918,62700
2025-06-05,7.159999847412109,7.284999847412109,7.0,7.260000228881836,7.260000228881836,63400
2025-06-06,7.289999961853027,8.3100004196167,7.289999961853027,8.229999542236328,8.229999542236328,120300
2025-06-09,8.229999542236328,8.468000411987305,7.831999778747559,8.149999618530273,8.149999618530273,94800
2025-06-10,8.140000343322754,8.350000381469727,7.940000057220459,8.260000228881836,8.260000228881836,78400
2025-06-11,8.239999771118164,8.489999771118164,7.96999979019165,8.029999732971191,8.029999732971191,86600
2025-06-12,8.020000457763672,8.25,7.7870001792907715,7.989999771118164,7.989999771118164,60000
2025-06-13,7.920000076293945,8.079999923706055,7.420000076293945,7.5,7.5,37800
2025-06-16,7.53000020980835,7.809999942779541,7.429999828338623,7.5,7.5,27800
2025-06-17,7.460000038146973,7.539999961853027,7.25,7.320000171661377,7.320000171661377,93600
2025-06-18,7.389999866485596,7.889999866485596,7.255000114440918,7.730000019073486,7.730000019073486,65400
2025-06-20,7.71999979019165,7.815999984741211,7.309999942779541,7.400000095367432,7.400000095367432,85100
2025-06-23,7.329999923706055,7.619999885559082,7.170000076293945,7.420000076293945,7.420000076293945,88600
2025-06-24,7.590000152587891,8.4399995803833,7.480000019073486,8.420000076293945,8.420000076293945,106400
2025-06-25,8.34000015258789,9.779999732971191,8.164999961853027,9.510000228881836,9.510000228881836,199800
2025-06-26,9.449999809265137,9.579999923706055,8.845000267028809,9.510000228881836,9.510000228881836,100300
2025-06-27,9.510000228881836,9.699999809265137,8.904999732971191,9.100000381469727,9.100000381469727,78200
2025-06-30,9.029999732971191,11.579999923706055,9.005000114440918,11.109999656677246,11.109999656677246,370900
2025-07-01,11.109999656677246,11.109999656677246,9.800999641418457,10.704999923706055,10.704999923706055,192900
2025-07-02,10.640000343322754,11.319000244140625,10.380000114440918,10.859999656677246,10.859999656677246,59700
2025-07-03,11.0,12.180000305175781,10.689000129699707,11.869999885559082,11.869999885559082,107200
2025-07-07,11.170000076293945,11.859999656677246,10.670000076293945,10.850000381469727,10.850000381469727,91300
2025-07-08,10.739999771118164,11.645000457763672,10.739999771118164,11.600000381469727,11.600000381469727,75900
2025-07-09,11.479999542236328,12.84000015258789,11.454999923706055,12.380000114440918,12.380000114440918,190500
2025-07-10,12.369999885559082,12.75,11.949000358581543,12.350000381469727,12.350000381469727,90000
2025-07-11,12.25,12.869999885559082,11.989999771118164,12.569999694824219,12.569999694824219,56700
2025-07-14,12.329999923706055,15.979999542236328,12.079999923706055,14.850000381469727,14.850000381469727,739600
2025-07-15,14.920000076293945,15.5,14.223999977111816,14.670000076293945,14.670000076293945,167400
2025-07-16,14.699999809265137,14.765000343322754,13.84000015258789,13.970000267028809,13.970000267028809,90800
2025-07-17,13.899999618530273,14.506999969482422,13.1899995803833,14.079999923706055,14.079999923706055,49500
2025-07-18,14.5600004196167,14.777999877929688,14.039999961853027,14.069999694824219,14.069999694824219,86200
2025-07-21,14.069999694824219,14.680000305175781,13.800000190734863,13.850000381469727,13.850000381469727,75100
2025-07-22,13.640000343322754,13.699999809265137,11.149999618530273,12.390000343322754,12.390000343322754,275200
2025-07-23,13.0,13.199999809265137,12.5,13.09000015258789,13.09000015258789,169000
2025-07-24,13.079999923706055,13.670000076293945,12.6899995803833,13.399999618530273,13.399999618530273,77300
2025-07-25,13.489999771118164,15.40999984741211,13.319999694824219,14.529999732971191,14.529999732971191,247700
2025-07-28,15.0,15.069999694824219,13.149999618530273,13.239999771118164,13.239999771118164,143000
2025-07-29,13.270000457763672,13.553000450134277,12.149999618530273,12.149999618530273,12.149999618530273,71900
2025-07-30,12.239999771118164,14.399999618530273,12.239999771118164,14.399999618530273,14.399999618530273,125000
2025-07-31,14.390000343322754,15.402999877929688,14.010000228881836,14.260000228881836,14.260000228881836,116800
2025-08-01,14.0,14.100000381469727,13.380000114440918,13.989999771118164,13.989999771118164,47100
2025-08-04,14.0,14.850000381469727,13.779999732971191,14.779999732971191,14.779999732971191,83400
2025-08-05,14.649999618530273,15.380000114440918,14.109999656677246,14.279999732971191,14.279999732971191,147500
2025-08-06,14.149999618530273,15.449999809265137,13.510000228881836,13.78499984741211,13.78499984741211,116500
2025-08-07,14.1899995803833,15.960000038146973,14.1899995803833,15.289999961853027,15.289999961853027,289300
2025-08-08,15.050000190734863,15.54800033569336,14.09000015258789,14.210000038146973,14.210000038146973,105300
2025-08-11,14.0600004196167,15.840999603271484,14.0600004196167,14.529999732971191,14.529999732971191,122700
2025-08-12,14.819999694824219,15.4399995803833,14.359999656677246,15.4399995803833,15.4399995803833,82900
2025-08-13,15.420000076293945,15.989999771118164,15.140000343322754,15.970000267028809,15.970000267028809,99700
2025-08-14,15.760000228881836,17.520000457763672,15.760000228881836,16.860000610351562,16.860000610351562,208900
2025-08-15,17.010000228881836,17.174999237060547,16.489999771118164,16.690000534057617,16.690000534057617,55400
2025-08-18,16.649999618530273,18.1200008392334,15.789999961853027,17.690000534057617,17.690000534057617,188400
2025-08-19,17.850000381469727,17.850000381469727,16.25,16.25,16.25,98300
2025-08-20,16.280000686645508,18.1200008392334,16.280000686645508,17.940000534057617,17.940000534057617,130100
2025-08-21,18.270000457763672,19.0,17.56999969482422,18.31999969482422,18.31999969482422,126500
2025-08-22,18.260000228881836,19.59000015258789,18.260000228881836,19.440000534057617,19.440000534057617,167900
2025-08-25,19.165000915527344,19.40999984741211,18.125,19.229999542236328,19.229999542236328,69700
2025-08-26,19.270000457763672,20.59000015258789,19.149999618530273,19.350000381469727,19.350000381469727,194600
2025-08-27,19.0,19.8799991607666,18.858999252319336,18.8799991607666,18.8799991607666,89700
2025-08-28,18.75,19.1200008392334,18.441999435424805,18.989999771118164,18.989999771118164,84100
2025-08-29,18.899999618530273,19.209999084472656,18.43000030517578,18.940000534057617,18.940000534057617,38000
2025-09-02,18.75,19.8700008392334,18.75,19.520000457763672,19.520000457763672,95800
2025-09-03,19.280000686645508,19.850000381469727,18.354999542236328,18.5,18.5,105300
2025-09-04,18.170000076293945,19.040000915527344,17.81999969482422,18.799999237060547,18.799999237060547,81100
2025-09-05,18.639999389648438,19.690000534057617,18.600000381469727,19.360000610351562,19.360000610351562,91200
2025-09-08,23.850000381469727,24.665000915527344,21.0,22.850000381469727,22.850000381469727,1006200
2025-09-09,23.469999313354492,23.950000762939453,17.469999313354492,18.645000457763672,18.645000457763672,759800
2025-09-10,19.0,19.906999588012695,17.0,17.59000015258789,17.59000015258789,431200
2025-09-11,17.829999923706055,18.690000534057617,17.170000076293945,17.56999969482422,17.56999969482422,306500
2025-09-12,17.270000457763672,17.75,14.220000267028809,15.90999984741211,15.90999984741211,809700
2025-09-15,15.8100004196167,16.25,15.260000228881836,15.6899995803833,15.6899995803833,151700
2025-09-16,15.8100004196167,17.420000076293945,15.6899995803833,17.399999618530273,17.399999618530273,154400
2025-09-17,17.5,17.989999771118164,16.8799991607666,17.610000610351562,17.610000610351562,106200
2025-09-18,17.84000015258789,18.25,16.82699966430664,18.030000686645508,18.030000686645508,102200
2025-09-19,18.209999084472656,18.780000686645508,16.850000381469727,17.450000762939453,17.450000762939453,205400
2025-09-22,17.049999237060547,17.25,16.360000610351562,16.520000457763672,16.520000457763672,92800
2025-09-23,16.40999984741211,17.75,15.8100004196167,17.559999465942383,17.559999465942383,213100
2025-09-24,17.889999389648438,19.850000381469727,17.100000381469727,19.389999389648438,19.389999389648438,376700
2025-09-25,19.030000686645508,19.899999618530273,18.420000076293945,18.899999618530273,18.899999618530273,67500
2025-09-26,18.979999542236328,19.030000686645508,18.402999877929688,18.93000030517578,18.93000030517578,54900
2025-09-29,18.989999771118164,19.969999313354492,18.639999389648438,18.690000534057617,18.690000534057617,76500
2025-09-30,18.860000610351562,19.690000534057617,18.179000854492188,19.239999771118164,19.239999771118164,111700
2025-10-01,20.0,21.40999984741211,19.360000610351562,20.5,20.5,151900
2025-10-02,20.8700008392334,21.209999084472656,20.170000076293945,21.040000915527344,21.040000915527344,92000
2025-10-03,21.350000381469727,22.0,19.135000228881836,20.59000015258789,20.59000015258789,264800
2025-10-06,20.5,21.0,20.024999618530273,21.0,21.0,50700
2025-10-07,21.100000381469727,21.665000915527344,20.09000015258789,20.09000015258789,20.09000015258789,148000
2025-10-08,20.0,20.246999740600586,19.299999237060547,19.639999389648438,19.639999389648438,73000
2025-10-09,19.450000762939453,20.0,19.40999984741211,19.5,19.5,61800
2025-10-10,19.600000381469727,20.020000457763672,18.540000915527344,19.1200008392334,19.1200008392334,83900
2025-10-13,19.5,20.0,18.780000686645508,19.229999542236328,19.229999542236328,107300
2025-10-14,19.450000762939453,20.190000534057617,19.200000762939453,19.700000762939453,19.700000762939453,161800
2025-10-15,19.698999404907227,20.850000381469727,19.170000076293945,19.700000762939453,19.700000762939453,108800
2025-10-16,20.040000915527344,20.850000381469727,19.110000610351562,19.260000228881836,19.260000228881836,93600
2025-10-17,19.299999237060547,19.299999237060547,18.719999313354492,18.90999984741211,18.90999984741211,79400
2025-10-20,20.059999465942383,20.059999465942383,18.450000762939453,18.520000457763672,18.520000457763672,99700
2025-10-21,18.899999618530273,19.25,18.25,18.7549991607666,18.7549991607666,96300
2025-10-22,18.809999465942383,19.299999237060547,17.6299991607666,18.15999984741211,18.15999984741211,72800
2025-10-23,18.25,18.459999084472656,17.60300064086914,17.729999542236328,17.729999542236328,50600
2025-10-24,17.780000686645508,18.209999084472656,17.5,17.850000381469727,17.850000381469727,65900
2025-10-27,18.360000610351562,18.378999710083008,16.924999237060547,17.170000076293945,17.170000076293945,71400
2025-10-28,17.010000228881836,17.39699935913086,16.75,17.15999984741211,17.15999984741211,76500
2025-10-29,16.899999618530273,17.3700008392334,16.516000747680664,16.889999389648438,16.889999389648438,106000
2025-10-30,16.690000534057617,17.149999618530273,15.510000228881836,15.779999732971191,15.779999732971191,188100
2025-10-31,15.989999771118164,16.719999313354492,15.6899995803833,16.100000381469727,16.100000381469727,45000
2025-11-03,16.049999237060547,16.65999984741211,15.079999923706055,15.239999771118164,15.239999771118164,112100
2025-11-04,15.130000114440918,15.34000015258789,13.75,13.75,13.75,181900
2025-11-05,13.699999809265137,13.899999618530273,12.47599983215332,12.699999809265137,12.699999809265137,149100
2025-11-06,12.859999656677246,14.350000381469727,12.75,13.859999656677246,13.859999656677246,103300
2025-11-07,13.930000305175781,14.270000457763672,13.5,14.020000457763672,14.020000457763672,32700
2025-11-10,14.170000076293945,14.59000015258789,14.0,14.050000190734863,14.050000190734863,28900
2025-11-11,14.079999923706055,15.039999961853027,14.0600004196167,14.899999618530273,14.899999618530273,63100
2025-11-12,14.850000381469727,16.299999237060547,14.850000381469727,16.010000228881836,16.010000228881836,111600
2025-11-13,15.779999732971191,16.8700008392334,15.779999732971191,16.764999389648438,16.764999389648438,95700
2025-11-14,16.43000030517578,17.809999465942383,16.43000030517578,16.65999984741211,16.65999984741211,102700
2025-11-17,17.299999237060547,21.815000534057617,17.299999237060547,21.639999389648438,21.639999389648438,788500
2025-11-18,18.809999465942383,25.850000381469727,18.290000915527344,24.709999084472656,24.709999084472656,891000
2025-11-19,23.790000915527344,29.649999618530273,23.56399917602539,28.6299991607666,28.6299991607666,957200
2025-11-20,29.979999542236328,29.979999542236328,16.40999984741211,21.700000762939453,21.700000762939453,1822000
2025-11-21,20.299999237060547,20.299999237060547,16.40999984741211,17.709999084472656,17.709999084472656,472100
2025-11-24,17.649999618530273,18.270000457763672,16.299999237060547,16.969999313354492,16.969999313354492,181100
2025-11-25,16.969999313354492,17.600000381469727,16.538000106811523,16.920000076293945,16.920000076293945,92100
2025-11-26,16.899999618530273,17.270000457763672,16.510000228881836,16.8700008392334,16.8700008392334,140300
2025-11-28,17.079999923706055,18.399999618530273,16.7450008392334,17.989999771118164,17.989999771118164,169700
2025-12-01,17.5,18.860000610351562,17.0,17.34000015258789,17.34000015258789,76800
2025-12-02,16.959999084472656,18.0,16.61400032043457,16.700000762939453,16.700000762939453,81500
2025-12-03,16.959999084472656,17.950000762939453,16.868999481201172,17.440000534057617,17.440000534057617,105400
2025-12-04,17.5,17.899999618530273,16.799999237060547,17.899999618530273,17.899999618530273,116000
2025-12-05,17.780000686645508,17.899999618530273,16.530000686645508,16.65999984741211,16.65999984741211,90100
2025-12-08,16.8700008392334,17.420000076293945,16.600000381469727,17.18000030517578,17.18000030517578,112800
2025-12-09,17.030000686645508,17.520000457763672,16.549999237060547,16.780000686645508,16.780000686645508,95800
2025-12-10,16.739999771118164,17.1200008392334,16.5,16.979999542236328,16.979999542236328,104700
2025-12-11,17.079999923706055,17.299999237060547,16.94499969482422,17.15999984741211,17.15999984741211,68300
2025-12-12,17.270000457763672,17.899999618530273,16.889999389648438,16.940000534057617,16.940000534057617,44900
2025-12-15,17.020000457763672,17.450000762939453,15.680000305175781,15.899999618530273,15.899999618530273,114400
2025-12-16,16.0,16.625,15.899999618530273,16.200000762939453,16.200000762939453,52900
2025-12-17,16.329999923706055,16.329999923706055,15.350000381469727,15.4399995803833,15.4399995803833,90200
2025-12-18,15.6899995803833,15.84000015258789,15.100000381469727,15.279999732971191,15.279999732971191,60000
2025-12-19,15.220000267028809,15.788000106811523,14.029999732971191,14.979999542236328,14.979999542236328,169700
2025-12-22,14.979999542236328,15.279999732971191,14.454999923706055,14.630000114440918,14.630000114440918,73400
2025-12-23,14.649999618530273,15.25,14.484999656677246,15.0,15.0,52300
2025-12-24,15.0,15.406999588012695,14.960000038146973,15.300000190734863,15.300000190734863,15200
2025-12-26,15.210000038146973,15.28499984741211,14.649999618530273,14.649999618530273,14.649999618530273,34600
2025-12-29,14.630000114440918,15.149999618530273,14.010000228881836,14.920000076293945,14.920000076293945,104500
2025-12-30,15.0,15.0,14.350000381469727,14.4399995803833,14.4399995803833,46000
