date,open,high,low,close,adj_close,volume
,QDMI,QDMI,QDMI,QDMI,QDMI,QDMI
2020-01-02,204.00210571289062,244.8025360107422,204.00210571289062,214.2022247314453,214.2022247314453,0
2020-01-03,244.8025360107422,244.8025360107422,244.8025360107422,244.8025360107422,244.8025360107422,0
2020-01-06,244.8025360107422,244.8025360107422,244.8025360107422,244.8025360107422,244.8025360107422,0
2020-01-07,234.60243225097656,234.60243225097656,234.60243225097656,234.60243225097656,234.60243225097656,0
2020-01-08,193.802001953125,193.802001953125,193.802001953125,193.802001953125,193.802001953125,0
2020-01-09,204.71612548828125,204.71612548828125,204.00210571289062,204.00210571289062,204.00210571289062,0
2020-01-10,204.00210571289062,248.37257385253906,204.00210571289062,248.37257385253906,248.37257385253906,0
2020-01-13,205.02212524414062,244.8025360107422,205.02212524414062,244.8025360107422,244.8025360107422,0
2020-01-14,211.14218139648438,244.8025360107422,211.14218139648438,244.8025360107422,244.8025360107422,0
2020-01-15,204.00210571289062,285.60296630859375,204.00210571289062,204.00210571289062,204.00210571289062,0
2020-01-16,214.71221923828125,285.60296630859375,143.8214874267578,198.9020538330078,198.9020538330078,3
2020-01-17,198.9020538330078,198.9020538330078,198.9020538330078,198.9020538330078,198.9020538330078,0
2020-01-21,198.9020538330078,198.9020538330078,198.9020538330078,198.9020538330078,198.9020538330078,0
2020-01-22,265.2027587890625,265.2027587890625,265.2027587890625,265.2027587890625,265.2027587890625,0
2020-01-23,265.2027587890625,265.2027587890625,265.2027587890625,265.2027587890625,265.2027587890625,0
2020-01-24,153.0015869140625,214.1002197265625,112.20116424560547,112.20116424560547,112.20116424560547,0
2020-01-27,188.7019500732422,188.7019500732422,188.7019500732422,188.7019500732422,188.7019500732422,0
2020-01-28,188.7019500732422,188.7019500732422,188.7019500732422,188.7019500732422,188.7019500732422,0
2020-01-29,122.4012680053711,224.30032348632812,122.4012680053711,224.30032348632812,224.30032348632812,0
2020-01-30,202.9821014404297,204.00210571289062,202.9821014404297,204.00210571289062,204.00210571289062,3
2020-01-31,204.00210571289062,204.00210571289062,204.00210571289062,204.00210571289062,204.00210571289062,0
2020-02-03,265.2027587890625,265.2027587890625,265.2027587890625,265.2027587890625,265.2027587890625,0
2020-02-04,265.2027587890625,265.2027587890625,265.2027587890625,265.2027587890625,265.2027587890625,0
2020-02-05,265.2027587890625,265.2027587890625,132.60137939453125,204.00210571289062,204.00210571289062,2
2020-02-06,204.00210571289062,204.00210571289062,173.40179443359375,173.40179443359375,173.40179443359375,3
2020-02-07,173.40179443359375,173.40179443359375,173.40179443359375,173.40179443359375,173.40179443359375,0
2020-02-10,173.40179443359375,173.40179443359375,173.40179443359375,173.40179443359375,173.40179443359375,0
2020-02-11,173.40179443359375,173.40179443359375,173.40179443359375,173.40179443359375,173.40179443359375,0
2020-02-12,224.40232849121094,224.40232849121094,224.40232849121094,224.40232849121094,224.40232849121094,0
2020-02-13,224.40232849121094,224.40232849121094,224.40232849121094,224.40232849121094,224.40232849121094,0
2020-02-14,224.40232849121094,224.40232849121094,224.40232849121094,224.40232849121094,224.40232849121094,0
2020-02-18,265.2027587890625,265.2027587890625,204.00210571289062,204.00210571289062,204.00210571289062,0
2020-02-19,198.9020538330078,204.00210571289062,173.40179443359375,173.40179443359375,173.40179443359375,1
2020-02-20,174.42181396484375,174.42181396484375,173.40179443359375,173.40179443359375,173.40179443359375,0
2020-02-21,224.40232849121094,224.40232849121094,173.40179443359375,173.40179443359375,173.40179443359375,1
2020-02-24,173.40179443359375,173.40179443359375,173.40179443359375,173.40179443359375,173.40179443359375,0
2020-02-25,234.60243225097656,234.60243225097656,173.40179443359375,173.40179443359375,173.40179443359375,4
2020-02-26,173.40179443359375,173.40179443359375,173.40179443359375,173.40179443359375,173.40179443359375,0
2020-02-27,214.2022247314453,239.70248413085938,173.40179443359375,239.70248413085938,239.70248413085938,0
2020-02-28,275.30084228515625,275.30084228515625,204.00210571289062,204.00210571289062,204.00210571289062,1
2020-03-02,204.00210571289062,204.00210571289062,204.00210571289062,204.00210571289062,204.00210571289062,0
2020-03-03,112.20116424560547,112.20116424560547,112.20116424560547,112.20116424560547,112.20116424560547,0
2020-03-04,158.1016387939453,244.8025360107422,112.20116424560547,239.70248413085938,239.70248413085938,5
2020-03-05,239.70248413085938,244.8025360107422,191.76199340820312,191.76199340820312,191.76199340820312,4
2020-03-06,191.76199340820312,191.76199340820312,191.76199340820312,191.76199340820312,191.76199340820312,0
2020-03-09,191.76199340820312,191.76199340820312,191.76199340820312,191.76199340820312,191.76199340820312,0
2020-03-10,191.76199340820312,191.76199340820312,191.76199340820312,191.76199340820312,191.76199340820312,0
2020-03-11,191.76199340820312,191.76199340820312,191.76199340820312,191.76199340820312,191.76199340820312,0
2020-03-12,191.76199340820312,191.76199340820312,191.76199340820312,191.76199340820312,191.76199340820312,0
2020-03-13,224.40232849121094,499.80517578125,224.40232849121094,377.4039001464844,377.4039001464844,7
2020-03-16,367.20379638671875,367.20379638671875,367.20379638671875,367.20379638671875,367.20379638671875,0
2020-03-17,339.15350341796875,339.15350341796875,255.0026397705078,255.0026397705078,255.0026397705078,0
2020-03-18,284.58294677734375,284.58294677734375,284.58294677734375,284.58294677734375,284.58294677734375,0
2020-03-19,285.60296630859375,285.60296630859375,183.60189819335938,232.05239868164062,232.05239868164062,0
2020-03-20,284.990966796875,284.990966796875,224.40232849121094,224.40232849121094,224.40232849121094,0
2020-03-23,224.40232849121094,367.20379638671875,224.40232849121094,224.40232849121094,224.40232849121094,1
2020-03-24,256.53265380859375,306.003173828125,244.8025360107422,244.8025360107422,244.8025360107422,2
2020-03-25,216.2422332763672,320.7933349609375,216.2422332763672,225.42233276367188,225.42233276367188,0
2020-03-26,225.42233276367188,225.42233276367188,225.42233276367188,225.42233276367188,225.42233276367188,0
2020-03-27,225.42233276367188,225.42233276367188,225.42233276367188,225.42233276367188,225.42233276367188,0
2020-03-30,225.42233276367188,225.42233276367188,225.42233276367188,225.42233276367188,225.42233276367188,0
2020-03-31,225.42233276367188,225.42233276367188,225.42233276367188,225.42233276367188,225.42233276367188,0
2020-04-01,225.42233276367188,225.42233276367188,225.42233276367188,225.42233276367188,225.42233276367188,0
2020-04-02,225.42233276367188,225.42233276367188,225.42233276367188,225.42233276367188,225.42233276367188,0
2020-04-03,377.4039001464844,377.4039001464844,255.0026397705078,255.0026397705078,255.0026397705078,2
2020-04-06,256.1246643066406,256.1246643066406,255.0026397705078,255.0026397705078,255.0026397705078,0
2020-04-07,316.2032775878906,316.2032775878906,316.2032775878906,316.2032775878906,316.2032775878906,0
2020-04-08,377.4039001464844,377.4039001464844,306.003173828125,306.003173828125,306.003173828125,0
2020-04-09,255.0026397705078,357.0036926269531,255.0026397705078,255.0026397705078,255.0026397705078,1
2020-04-13,255.0026397705078,255.0026397705078,216.2422332763672,216.2422332763672,216.2422332763672,12
2020-04-14,233.07241821289062,262.1427001953125,204.00210571289062,209.1021728515625,209.1021728515625,4
2020-04-15,204.00210571289062,204.00210571289062,163.20169067382812,204.00210571289062,204.00210571289062,18
2020-04-16,204.00210571289062,204.00210571289062,112.20116424560547,173.40179443359375,173.40179443359375,23
2020-04-17,173.40179443359375,183.60189819335938,103.02106475830078,163.20169067382812,163.20169067382812,37
2020-04-20,109.14112854003906,153.0015869140625,56.100582122802734,102.00105285644531,102.00105285644531,43
2020-04-21,102.00105285644531,102.00105285644531,68.34070587158203,91.80094909667969,91.80094909667969,11
2020-04-22,127.5013198852539,127.5013198852539,91.80094909667969,96.9010009765625,96.9010009765625,7
2020-04-23,91.80094909667969,102.00105285644531,91.80094909667969,100.98104858398438,100.98104858398438,12
2020-04-24,91.80094909667969,112.20116424560547,86.70089721679688,107.10111236572266,107.10111236572266,10
2020-04-27,102.00105285644531,107.10111236572266,102.00105285644531,107.10111236572266,107.10111236572266,1
2020-04-28,102.00105285644531,285.60296630859375,93.33096313476562,209.61216735839844,209.61216735839844,172
2020-04-29,204.00210571289062,204.00210571289062,122.4012680053711,204.00210571289062,204.00210571289062,31
2020-04-30,163.20169067382812,202.9821014404297,127.5013198852539,127.5013198852539,127.5013198852539,14
2020-05-01,193.802001953125,193.802001953125,105.06108856201172,105.06108856201172,105.06108856201172,20
2020-05-04,102.00105285644531,102.00105285644531,91.80094909667969,102.00105285644531,102.00105285644531,18
2020-05-05,102.00102233886719,102.00102233886719,102.00102233886719,102.00102233886719,102.00102233886719,0
2020-05-06,102.00102233886719,104.0410385131836,102.00102233886719,102.71502685546875,102.71502685546875,15
2020-05-07,102.00102233886719,102.00102233886719,102.00102233886719,102.00102233886719,102.00102233886719,4
2020-05-08,71.50271606445312,71.50271606445312,71.50271606445312,71.50271606445312,71.50271606445312,1
2020-05-11,71.9209213256836,71.9209213256836,71.91072082519531,71.91072082519531,71.91072082519531,3
2020-05-12,71.91072082519531,71.91072082519531,71.91072082519531,71.91072082519531,71.91072082519531,0
2020-05-13,71.91072082519531,71.91072082519531,71.91072082519531,71.91072082519531,71.91072082519531,0
2020-05-14,101.7970199584961,102.00102233886719,101.7970199584961,102.00102233886719,102.00102233886719,20
2020-05-15,71.40071105957031,71.40071105957031,71.40071105957031,71.40071105957031,71.40071105957031,3
2020-05-18,71.40071105957031,71.40071105957031,71.40071105957031,71.40071105957031,71.40071105957031,4
2020-05-19,71.40071105957031,71.40071105957031,71.40071105957031,71.40071105957031,71.40071105957031,0
2020-05-20,71.40071105957031,71.40071105957031,71.40071105957031,71.40071105957031,71.40071105957031,0
2020-05-21,102.00102233886719,102.00102233886719,102.00102233886719,102.00102233886719,102.00102233886719,5
2020-05-22,86.70086669921875,86.70086669921875,86.70086669921875,86.70086669921875,86.70086669921875,1
2020-05-26,101.9908218383789,102.00102233886719,101.9908218383789,102.00102233886719,102.00102233886719,7
2020-05-27,102.00102233886719,102.00102233886719,102.00102233886719,102.00102233886719,102.00102233886719,0
2020-05-28,102.00102233886719,102.00102233886719,102.00102233886719,102.00102233886719,102.00102233886719,0
2020-05-29,107.10107421875,112.20111846923828,71.40071105957031,71.40071105957031,71.40071105957031,4
2020-06-01,71.40071105957031,71.40071105957031,71.40071105957031,71.40071105957031,71.40071105957031,0
2020-06-02,71.40071105957031,71.40071105957031,71.40071105957031,71.40071105957031,71.40071105957031,0
2020-06-03,71.40071105957031,71.40071105957031,71.40071105957031,71.40071105957031,71.40071105957031,0
2020-06-04,100.98101043701172,137.7013702392578,100.98101043701172,137.7013702392578,137.7013702392578,22
2020-06-05,137.7013702392578,137.7013702392578,137.7013702392578,137.7013702392578,137.7013702392578,0
2020-06-08,71.50271606445312,71.50271606445312,71.50271606445312,71.50271606445312,71.50271606445312,1
2020-06-09,71.50271606445312,71.50271606445312,71.50271606445312,71.50271606445312,71.50271606445312,0
2020-06-10,102.00102233886719,102.00102233886719,102.00102233886719,102.00102233886719,102.00102233886719,1
2020-06-11,102.00102233886719,102.00102233886719,102.00102233886719,102.00102233886719,102.00102233886719,0
2020-06-12,71.50271606445312,71.50271606445312,71.50271606445312,71.50271606445312,71.50271606445312,3
2020-06-15,71.50271606445312,71.50271606445312,71.50271606445312,71.50271606445312,71.50271606445312,0
2020-06-16,71.50271606445312,71.50271606445312,71.50271606445312,71.50271606445312,71.50271606445312,0
2020-06-17,71.50271606445312,71.50271606445312,71.50271606445312,71.50271606445312,71.50271606445312,0
2020-06-18,71.50271606445312,71.50271606445312,71.50271606445312,71.50271606445312,71.50271606445312,0
2020-06-19,71.50271606445312,71.50271606445312,71.50271606445312,71.50271606445312,71.50271606445312,2
2020-06-22,71.50271606445312,71.50271606445312,71.50271606445312,71.50271606445312,71.50271606445312,0
2020-06-23,71.50271606445312,71.50271606445312,71.50271606445312,71.50271606445312,71.50271606445312,0
2020-06-24,71.50271606445312,71.50271606445312,71.50271606445312,71.50271606445312,71.50271606445312,0
2020-06-25,71.50271606445312,71.50271606445312,71.50271606445312,71.50271606445312,71.50271606445312,0
2020-06-26,71.50271606445312,71.50271606445312,71.50271606445312,71.50271606445312,71.50271606445312,0
2020-06-29,71.50271606445312,71.50271606445312,71.50271606445312,71.50271606445312,71.50271606445312,0
2020-06-30,71.50271606445312,71.50271606445312,71.50271606445312,71.50271606445312,71.50271606445312,0
2020-07-01,71.50271606445312,71.50271606445312,71.50271606445312,71.50271606445312,71.50271606445312,0
2020-07-02,71.50271606445312,71.50271606445312,71.50271606445312,71.50271606445312,71.50271606445312,3
2020-07-06,71.50271606445312,71.50271606445312,71.50271606445312,71.50271606445312,71.50271606445312,0
2020-07-07,71.50271606445312,71.50271606445312,71.50271606445312,71.50271606445312,71.50271606445312,0
2020-07-08,71.50271606445312,71.50271606445312,71.50271606445312,71.50271606445312,71.50271606445312,0
2020-07-09,71.50271606445312,71.50271606445312,71.50271606445312,71.50271606445312,71.50271606445312,0
2020-07-10,71.50271606445312,71.50271606445312,71.50271606445312,71.50271606445312,71.50271606445312,0
2020-07-13,71.50271606445312,71.50271606445312,71.50271606445312,71.50271606445312,71.50271606445312,0
2020-07-14,71.50271606445312,71.50271606445312,71.50271606445312,71.50271606445312,71.50271606445312,0
2020-07-15,71.50271606445312,71.50271606445312,71.50271606445312,71.50271606445312,71.50271606445312,13
2020-07-16,71.50271606445312,71.50271606445312,71.50271606445312,71.50271606445312,71.50271606445312,0
2020-07-17,71.50271606445312,71.50271606445312,71.50271606445312,71.50271606445312,71.50271606445312,0
2020-07-20,71.50271606445312,71.50271606445312,71.50271606445312,71.50271606445312,71.50271606445312,0
2020-07-21,71.50271606445312,71.50271606445312,71.50271606445312,71.50271606445312,71.50271606445312,1
2020-07-22,71.50271606445312,71.50271606445312,71.50271606445312,71.50271606445312,71.50271606445312,0
2020-07-23,71.50271606445312,71.50271606445312,71.50271606445312,71.50271606445312,71.50271606445312,0
2020-07-24,71.50271606445312,71.50271606445312,71.50271606445312,71.50271606445312,71.50271606445312,0
2020-07-27,71.50271606445312,71.50271606445312,71.50271606445312,71.50271606445312,71.50271606445312,0
2020-07-28,71.50271606445312,71.50271606445312,71.50271606445312,71.50271606445312,71.50271606445312,0
2020-07-29,71.50271606445312,71.50271606445312,71.50271606445312,71.50271606445312,71.50271606445312,0
2020-07-30,71.50271606445312,71.50271606445312,71.50271606445312,71.50271606445312,71.50271606445312,0
2020-07-31,71.50271606445312,71.50271606445312,71.50271606445312,71.50271606445312,71.50271606445312,0
2020-08-03,71.50271606445312,71.50271606445312,71.50271606445312,71.50271606445312,71.50271606445312,4
2020-08-04,71.50271606445312,71.50271606445312,71.50271606445312,71.50271606445312,71.50271606445312,0
2020-08-05,71.50271606445312,71.50271606445312,71.50271606445312,71.50271606445312,71.50271606445312,0
2020-08-06,71.50271606445312,71.50271606445312,71.50271606445312,71.50271606445312,71.50271606445312,0
2020-08-07,71.50271606445312,71.50271606445312,71.50271606445312,71.50271606445312,71.50271606445312,0
2020-08-10,71.50271606445312,71.50271606445312,71.50271606445312,71.50271606445312,71.50271606445312,0
2020-08-11,71.40071105957031,71.40071105957031,46.00246047973633,46.00246047973633,46.00246047973633,8
2020-08-12,46.00246047973633,46.00246047973633,46.00246047973633,46.00246047973633,46.00246047973633,0
2020-08-13,46.00246047973633,46.00246047973633,46.00246047973633,46.00246047973633,46.00246047973633,0
2020-08-14,46.00246047973633,46.00246047973633,46.00246047973633,46.00246047973633,46.00246047973633,0
2020-08-17,46.00246047973633,46.00246047973633,46.00246047973633,46.00246047973633,46.00246047973633,0
2020-08-18,46.00246047973633,46.00246047973633,46.00246047973633,46.00246047973633,46.00246047973633,0
2020-08-19,46.00246047973633,46.00246047973633,46.00246047973633,46.00246047973633,46.00246047973633,0
2020-08-20,46.00246047973633,46.00246047973633,46.00246047973633,46.00246047973633,46.00246047973633,0
2020-08-21,46.00246047973633,46.00246047973633,46.00246047973633,46.00246047973633,46.00246047973633,0
2020-08-24,45.90045928955078,56.10055923461914,45.90045928955078,56.10055923461914,56.10055923461914,5
2020-08-25,56.10055923461914,56.10055923461914,56.10055923461914,56.10055923461914,56.10055923461914,0
2020-08-26,56.10055923461914,56.10055923461914,56.10055923461914,56.10055923461914,56.10055923461914,12
2020-08-27,56.10055923461914,56.10055923461914,56.10055923461914,56.10055923461914,56.10055923461914,0
2020-08-28,81.60081481933594,100.98101043701172,81.60081481933594,100.98101043701172,100.98101043701172,29
2020-08-31,100.98101043701172,100.98101043701172,100.98101043701172,100.98101043701172,100.98101043701172,0
2020-09-01,86.70086669921875,229.50228881835938,86.70086669921875,135.66136169433594,135.66136169433594,82
2020-09-02,112.20111846923828,132.60133361816406,103.02102661132812,132.60133361816406,132.60133361816406,30
2020-09-03,132.60133361816406,132.60133361816406,132.60133361816406,132.60133361816406,132.60133361816406,0
2020-09-04,103.02102661132812,103.02102661132812,103.02102661132812,103.02102661132812,103.02102661132812,1
2020-09-08,103.02102661132812,103.02102661132812,103.02102661132812,103.02102661132812,103.02102661132812,0
2020-09-09,198.90199279785156,204.00204467773438,104.0410385131836,104.0410385131836,104.0410385131836,5
2020-09-10,104.0410385131836,104.0410385131836,104.0410385131836,104.0410385131836,104.0410385131836,0
2020-09-11,104.0410385131836,104.0410385131836,104.0410385131836,104.0410385131836,104.0410385131836,0
2020-09-14,153.00152587890625,153.00152587890625,153.00152587890625,153.00152587890625,153.00152587890625,0
2020-09-15,112.20111846923828,112.20111846923828,112.20111846923828,112.20111846923828,112.20111846923828,0
2020-09-16,112.20111846923828,112.20111846923828,112.20111846923828,112.20111846923828,112.20111846923828,0
2020-09-17,112.20111846923828,112.20111846923828,112.20111846923828,112.20111846923828,112.20111846923828,0
2020-09-18,112.20111846923828,112.20111846923828,112.20111846923828,112.20111846923828,112.20111846923828,0
2020-09-21,112.20111846923828,112.20111846923828,112.20111846923828,112.20111846923828,112.20111846923828,0
2020-09-22,112.20111846923828,112.20111846923828,112.20111846923828,112.20111846923828,112.20111846923828,0
2020-09-23,103.02102661132812,103.02102661132812,103.02102661132812,103.02102661132812,103.02102661132812,7
2020-09-24,103.02102661132812,103.02102661132812,103.02102661132812,103.02102661132812,103.02102661132812,0
2020-09-25,103.02102661132812,103.02102661132812,103.02102661132812,103.02102661132812,103.02102661132812,0
2020-09-28,153.00152587890625,153.00152587890625,153.00152587890625,153.00152587890625,153.00152587890625,0
2020-09-29,153.00152587890625,153.00152587890625,153.00152587890625,153.00152587890625,153.00152587890625,0
2020-09-30,153.00152587890625,153.00152587890625,153.00152587890625,153.00152587890625,153.00152587890625,0
2020-10-01,153.00152587890625,153.00152587890625,153.00152587890625,153.00152587890625,153.00152587890625,0
2020-10-02,153.00152587890625,153.00152587890625,153.00152587890625,153.00152587890625,153.00152587890625,0
2020-10-05,153.00152587890625,153.00152587890625,153.00152587890625,153.00152587890625,153.00152587890625,0
2020-10-06,153.00152587890625,153.00152587890625,153.00152587890625,153.00152587890625,153.00152587890625,0
2020-10-07,86.70086669921875,86.70086669921875,86.70086669921875,86.70086669921875,86.70086669921875,4
2020-10-08,86.70086669921875,86.70086669921875,86.70086669921875,86.70086669921875,86.70086669921875,0
2020-10-09,86.70086669921875,86.70086669921875,86.70086669921875,86.70086669921875,86.70086669921875,0
2020-10-12,86.70086669921875,86.70086669921875,86.70086669921875,86.70086669921875,86.70086669921875,0
2020-10-13,86.70086669921875,86.70086669921875,86.70086669921875,86.70086669921875,86.70086669921875,0
2020-10-14,86.70086669921875,86.70086669921875,86.70086669921875,86.70086669921875,86.70086669921875,0
2020-10-15,86.70086669921875,86.70086669921875,86.70086669921875,86.70086669921875,86.70086669921875,9
2020-10-16,86.70086669921875,86.70086669921875,86.70086669921875,86.70086669921875,86.70086669921875,0
2020-10-19,86.70086669921875,86.70086669921875,86.70086669921875,86.70086669921875,86.70086669921875,0
2020-10-20,86.70086669921875,86.70086669921875,86.70086669921875,86.70086669921875,86.70086669921875,0
2020-10-21,86.70086669921875,86.70086669921875,86.70086669921875,86.70086669921875,86.70086669921875,0
2020-10-22,99.96099853515625,102.00102233886719,99.96099853515625,102.00102233886719,102.00102233886719,3
2020-10-23,102.00102233886719,102.00102233886719,102.00102233886719,102.00102233886719,102.00102233886719,0
2020-10-26,102.00102233886719,102.00102233886719,102.00102233886719,102.00102233886719,102.00102233886719,0
2020-10-27,102.00102233886719,102.00102233886719,102.00102233886719,102.00102233886719,102.00102233886719,0
2020-10-28,102.00102233886719,102.00102233886719,102.00102233886719,102.00102233886719,102.00102233886719,0
2020-10-29,102.00102233886719,102.00102233886719,102.00102233886719,102.00102233886719,102.00102233886719,0
2020-10-30,102.00102233886719,102.00102233886719,102.00102233886719,102.00102233886719,102.00102233886719,0
2020-11-02,102.00102233886719,102.00102233886719,102.00102233886719,102.00102233886719,102.00102233886719,0
2020-11-03,102.00102233886719,102.00102233886719,102.00102233886719,102.00102233886719,102.00102233886719,0
2020-11-04,102.00102233886719,102.00102233886719,102.00102233886719,102.00102233886719,102.00102233886719,0
2020-11-05,102.00102233886719,102.00102233886719,102.00102233886719,102.00102233886719,102.00102233886719,0
2020-11-06,102.00102233886719,102.00102233886719,102.00102233886719,102.00102233886719,102.00102233886719,0
2020-11-09,102.00102233886719,102.00102233886719,102.00102233886719,102.00102233886719,102.00102233886719,6
2020-11-10,102.00102233886719,102.00102233886719,102.00102233886719,102.00102233886719,102.00102233886719,0
2020-11-11,102.00102233886719,102.00102233886719,102.00102233886719,102.00102233886719,102.00102233886719,0
2020-11-12,102.00102233886719,102.00102233886719,102.00102233886719,102.00102233886719,102.00102233886719,0
2020-11-13,102.00102233886719,102.00102233886719,102.00102233886719,102.00102233886719,102.00102233886719,0
2020-11-16,102.00102233886719,229.50228881835938,102.00102233886719,102.00102233886719,102.00102233886719,15
2020-11-17,102.00102233886719,102.00102233886719,102.00102233886719,102.00102233886719,102.00102233886719,0
2020-11-18,102.00102233886719,102.00102233886719,102.00102233886719,102.00102233886719,102.00102233886719,0
2020-11-19,102.00102233886719,102.00102233886719,102.00102233886719,102.00102233886719,102.00102233886719,0
2020-11-20,102.00102233886719,102.00102233886719,102.00102233886719,102.00102233886719,102.00102233886719,0
2020-11-23,102.00102233886719,102.00102233886719,102.00102233886719,102.00102233886719,102.00102233886719,0
2020-11-24,102.00102233886719,102.00102233886719,102.00102233886719,102.00102233886719,102.00102233886719,0
2020-11-25,102.00102233886719,102.00102233886719,102.00102233886719,102.00102233886719,102.00102233886719,0
2020-11-27,102.00102233886719,102.00102233886719,102.00102233886719,102.00102233886719,102.00102233886719,0
2020-11-30,102.00102233886719,102.00102233886719,102.00102233886719,102.00102233886719,102.00102233886719,0
2020-12-01,102.00102233886719,102.00102233886719,102.00102233886719,102.00102233886719,102.00102233886719,0
2020-12-02,102.00102233886719,102.00102233886719,102.00102233886719,102.00102233886719,102.00102233886719,0
2020-12-03,102.00102233886719,102.00102233886719,102.00102233886719,102.00102233886719,102.00102233886719,0
2020-12-04,102.00102233886719,102.00102233886719,102.00102233886719,102.00102233886719,102.00102233886719,0
2020-12-07,102.00102233886719,130.56130981445312,102.00102233886719,127.511474609375,127.511474609375,21
2020-12-08,127.511474609375,127.511474609375,127.511474609375,127.511474609375,127.511474609375,0
2020-12-09,127.511474609375,127.511474609375,127.511474609375,127.511474609375,127.511474609375,0
2020-12-10,127.511474609375,127.511474609375,127.511474609375,127.511474609375,127.511474609375,0
2020-12-11,102.00102233886719,102.00102233886719,102.00102233886719,102.00102233886719,102.00102233886719,7
2020-12-14,103.02102661132812,114.75114440917969,91.80091857910156,91.80091857910156,91.80091857910156,11
2020-12-15,91.80091857910156,91.80091857910156,91.80091857910156,91.80091857910156,91.80091857910156,0
2020-12-16,91.80091857910156,91.80091857910156,91.80091857910156,91.80091857910156,91.80091857910156,0
2020-12-17,102.00102233886719,102.00102233886719,102.00102233886719,102.00102233886719,102.00102233886719,5
2020-12-18,102.00102233886719,102.00102233886719,102.00102233886719,102.00102233886719,102.00102233886719,0
2020-12-21,102.00102233886719,102.00102233886719,102.00102233886719,102.00102233886719,102.00102233886719,0
2020-12-22,102.00102233886719,102.00102233886719,102.00102233886719,102.00102233886719,102.00102233886719,0
2020-12-23,102.00102233886719,102.00102233886719,102.00102233886719,102.00102233886719,102.00102233886719,0
2020-12-24,102.00102233886719,102.00102233886719,102.00102233886719,102.00102233886719,102.00102233886719,0
2020-12-28,102.00102233886719,102.00102233886719,102.00102233886719,102.00102233886719,102.00102233886719,0
2020-12-29,102.00102233886719,102.00102233886719,102.00102233886719,102.00102233886719,102.00102233886719,0
2020-12-30,102.00102233886719,102.00102233886719,102.00102233886719,102.00102233886719,102.00102233886719,1
2020-12-31,153.00152587890625,234.6023406982422,153.00152587890625,193.80194091796875,193.80194091796875,14
2021-01-04,107.10107421875,107.10107421875,35.8023567199707,86.70086669921875,86.70086669921875,14
2021-01-05,86.70086669921875,189.72189331054688,86.70086669921875,189.72189331054688,189.72189331054688,5
2021-01-06,189.72189331054688,189.72189331054688,189.72189331054688,189.72189331054688,189.72189331054688,0
2021-01-07,186.661865234375,186.661865234375,186.661865234375,186.661865234375,186.661865234375,1
2021-01-08,182.5818328857422,182.5818328857422,182.5818328857422,182.5818328857422,182.5818328857422,1
2021-01-11,180.54180908203125,180.54180908203125,180.54180908203125,180.54180908203125,180.54180908203125,1
2021-01-12,66.30066680908203,66.30066680908203,66.30066680908203,66.30066680908203,66.30066680908203,9
2021-01-13,66.30066680908203,66.30066680908203,66.30066680908203,66.30066680908203,66.30066680908203,0
2021-01-14,66.30066680908203,66.30066680908203,66.30066680908203,66.30066680908203,66.30066680908203,0
2021-01-15,178.5017852783203,178.5017852783203,178.5017852783203,178.5017852783203,178.5017852783203,2
2021-01-19,177.48178100585938,177.48178100585938,177.48178100585938,177.48178100585938,177.48178100585938,1
2021-01-20,177.48178100585938,177.48178100585938,177.48178100585938,177.48178100585938,177.48178100585938,0
2021-01-21,177.48178100585938,177.48178100585938,177.48178100585938,177.48178100585938,177.48178100585938,0
2021-01-22,177.48178100585938,177.48178100585938,177.48178100585938,177.48178100585938,177.48178100585938,0
2021-01-25,177.48178100585938,177.48178100585938,177.48178100585938,177.48178100585938,177.48178100585938,0
2021-01-26,177.48178100585938,177.48178100585938,177.48178100585938,177.48178100585938,177.48178100585938,0
2021-01-27,177.48178100585938,177.48178100585938,177.48178100585938,177.48178100585938,177.48178100585938,0
2021-01-28,177.48178100585938,177.48178100585938,177.48178100585938,177.48178100585938,177.48178100585938,0
2021-01-29,177.48178100585938,177.48178100585938,177.48178100585938,177.48178100585938,177.48178100585938,0
2021-02-01,177.48178100585938,177.48178100585938,177.48178100585938,177.48178100585938,177.48178100585938,0
2021-02-02,177.48178100585938,177.48178100585938,177.48178100585938,177.48178100585938,177.48178100585938,0
2021-02-03,177.48178100585938,177.48178100585938,177.48178100585938,177.48178100585938,177.48178100585938,0
2021-02-04,177.48178100585938,177.48178100585938,177.48178100585938,177.48178100585938,177.48178100585938,0
2021-02-05,177.48178100585938,177.48178100585938,177.48178100585938,177.48178100585938,177.48178100585938,0
2021-02-08,177.48178100585938,177.48178100585938,177.48178100585938,177.48178100585938,177.48178100585938,0
2021-02-09,177.48178100585938,177.48178100585938,177.48178100585938,177.48178100585938,177.48178100585938,0
2021-02-10,177.48178100585938,177.48178100585938,177.48178100585938,177.48178100585938,177.48178100585938,0
2021-02-11,177.48178100585938,177.48178100585938,177.48178100585938,177.48178100585938,177.48178100585938,0
2021-02-12,151.9815216064453,151.9815216064453,151.9815216064453,151.9815216064453,151.9815216064453,3
2021-02-16,151.9815216064453,151.9815216064453,151.9815216064453,151.9815216064453,151.9815216064453,0
2021-02-17,151.9815216064453,151.9815216064453,151.9815216064453,151.9815216064453,151.9815216064453,0
2021-02-18,36.71934509277344,36.71934509277344,35.700355529785156,36.71934509277344,36.71934509277344,4
2021-02-19,36.71934509277344,36.71934509277344,36.71934509277344,36.71934509277344,36.71934509277344,0
2021-02-22,150.96151733398438,150.96151733398438,150.96151733398438,150.96151733398438,150.96151733398438,4
2021-02-23,61.20061111450195,61.20061111450195,61.20061111450195,61.20061111450195,61.20061111450195,2
2021-02-24,61.20061111450195,61.20061111450195,61.20061111450195,61.20061111450195,61.20061111450195,0
2021-02-25,61.20061111450195,61.20061111450195,61.20061111450195,61.20061111450195,61.20061111450195,0
2021-02-26,61.20061111450195,61.20061111450195,61.20061111450195,61.20061111450195,61.20061111450195,0
2021-03-01,61.20061111450195,61.20061111450195,61.20061111450195,61.20061111450195,61.20061111450195,0
2021-03-02,61.20061111450195,61.20061111450195,61.20061111450195,61.20061111450195,61.20061111450195,0
2021-03-03,61.20061111450195,61.20061111450195,61.20061111450195,61.20061111450195,61.20061111450195,0
2021-03-04,61.20061111450195,61.20061111450195,61.20061111450195,61.20061111450195,61.20061111450195,0
2021-03-05,61.20061111450195,61.20061111450195,61.20061111450195,61.20061111450195,61.20061111450195,0
2021-03-08,61.20061111450195,61.20061111450195,61.20061111450195,61.20061111450195,61.20061111450195,0
2021-03-09,61.20061111450195,61.20061111450195,61.20061111450195,61.20061111450195,61.20061111450195,0
2021-03-10,61.20061111450195,61.20061111450195,61.20061111450195,61.20061111450195,61.20061111450195,0
2021-03-11,61.20061111450195,61.20061111450195,61.20061111450195,61.20061111450195,61.20061111450195,0
2021-03-12,61.20061111450195,61.20061111450195,61.20061111450195,61.20061111450195,61.20061111450195,0
2021-03-15,61.20061111450195,61.20061111450195,61.20061111450195,61.20061111450195,61.20061111450195,0
2021-03-16,61.20061111450195,61.20061111450195,61.20061111450195,61.20061111450195,61.20061111450195,0
2021-03-17,61.20061111450195,61.20061111450195,61.20061111450195,61.20061111450195,61.20061111450195,0
2021-03-18,61.20061111450195,61.20061111450195,61.20061111450195,61.20061111450195,61.20061111450195,0
2021-03-19,61.20061111450195,61.20061111450195,61.20061111450195,61.20061111450195,61.20061111450195,0
2021-03-22,61.20061111450195,61.20061111450195,61.20061111450195,61.20061111450195,61.20061111450195,0
2021-03-23,61.20061111450195,61.20061111450195,61.20061111450195,61.20061111450195,61.20061111450195,0
2021-03-24,61.20061111450195,61.20061111450195,61.20061111450195,61.20061111450195,61.20061111450195,0
2021-03-25,61.20061111450195,61.20061111450195,61.20061111450195,61.20061111450195,61.20061111450195,0
2021-03-26,61.20061111450195,61.20061111450195,61.20061111450195,61.20061111450195,61.20061111450195,0
2021-03-29,61.20061111450195,61.20061111450195,61.20061111450195,61.20061111450195,61.20061111450195,0
2021-03-30,61.20061111450195,61.20061111450195,61.20061111450195,61.20061111450195,61.20061111450195,0
2021-03-31,61.20061111450195,61.20061111450195,61.20061111450195,61.20061111450195,61.20061111450195,0
2021-04-01,61.20061111450195,61.20061111450195,61.20061111450195,61.20061111450195,61.20061111450195,0
2021-04-05,61.20061111450195,61.20061111450195,61.20061111450195,61.20061111450195,61.20061111450195,0
2021-04-06,61.20061111450195,61.20061111450195,61.20061111450195,61.20061111450195,61.20061111450195,0
2021-04-07,61.20061111450195,61.20061111450195,61.20061111450195,61.20061111450195,61.20061111450195,0
2021-04-08,61.812618255615234,61.812618255615234,61.812618255615234,61.812618255615234,61.812618255615234,0
2021-04-09,61.812618255615234,61.812618255615234,61.812618255615234,61.812618255615234,61.812618255615234,0
2021-04-12,61.812618255615234,61.812618255615234,61.812618255615234,61.812618255615234,61.812618255615234,0
2021-04-13,61.812618255615234,61.812618255615234,61.812618255615234,61.812618255615234,61.812618255615234,0
2021-04-14,61.812618255615234,61.812618255615234,61.812618255615234,61.812618255615234,61.812618255615234,0
2021-04-15,61.812618255615234,61.812618255615234,61.812618255615234,61.812618255615234,61.812618255615234,0
2021-04-16,61.812618255615234,61.812618255615234,61.812618255615234,61.812618255615234,61.812618255615234,0
2021-04-19,61.812618255615234,61.812618255615234,61.812618255615234,61.812618255615234,61.812618255615234,0
2021-04-20,61.812618255615234,61.812618255615234,61.812618255615234,61.812618255615234,61.812618255615234,0
2021-04-21,61.812618255615234,61.812618255615234,61.812618255615234,61.812618255615234,61.812618255615234,0
2021-04-22,61.812618255615234,61.812618255615234,61.812618255615234,61.812618255615234,61.812618255615234,0
2021-04-23,61.812618255615234,61.812618255615234,61.812618255615234,61.812618255615234,61.812618255615234,0
2021-04-26,61.812618255615234,61.812618255615234,61.812618255615234,61.812618255615234,61.812618255615234,0
2021-04-27,61.812618255615234,61.812618255615234,61.812618255615234,61.812618255615234,61.812618255615234,0
2021-04-28,61.812618255615234,61.812618255615234,61.812618255615234,61.812618255615234,61.812618255615234,0
2021-04-29,61.812618255615234,61.812618255615234,61.812618255615234,61.812618255615234,61.812618255615234,0
2021-04-30,61.812618255615234,61.812618255615234,61.812618255615234,61.812618255615234,61.812618255615234,0
2021-05-03,61.812618255615234,61.812618255615234,61.812618255615234,61.812618255615234,61.812618255615234,0
2021-05-04,61.812618255615234,61.812618255615234,61.812618255615234,61.812618255615234,61.812618255615234,0
2021-05-05,61.812618255615234,61.812618255615234,61.812618255615234,61.812618255615234,61.812618255615234,0
2021-05-06,61.812618255615234,61.812618255615234,61.812618255615234,61.812618255615234,61.812618255615234,0
2021-05-07,61.812618255615234,61.812618255615234,61.812618255615234,61.812618255615234,61.812618255615234,0
2021-05-10,61.812618255615234,61.812618255615234,61.812618255615234,61.812618255615234,61.812618255615234,0
2021-05-11,61.812618255615234,61.812618255615234,61.812618255615234,61.812618255615234,61.812618255615234,0
2021-05-12,61.812618255615234,61.812618255615234,61.812618255615234,61.812618255615234,61.812618255615234,0
2021-05-13,61.812618255615234,61.812618255615234,61.812618255615234,61.812618255615234,61.812618255615234,0
2021-05-14,61.812618255615234,61.812618255615234,61.812618255615234,61.812618255615234,61.812618255615234,0
2021-05-17,61.812618255615234,61.812618255615234,61.812618255615234,61.812618255615234,61.812618255615234,0
2021-05-18,61.812618255615234,61.812618255615234,61.812618255615234,61.812618255615234,61.812618255615234,0
2021-05-19,61.812618255615234,61.812618255615234,61.812618255615234,61.812618255615234,61.812618255615234,0
2021-05-20,56.20256042480469,56.20256042480469,56.20256042480469,56.20256042480469,56.20256042480469,0
2021-05-21,56.20256042480469,56.20256042480469,56.20256042480469,56.20256042480469,56.20256042480469,0
2021-05-24,56.20256042480469,56.20256042480469,56.20256042480469,56.20256042480469,56.20256042480469,0
2021-05-25,61.40461349487305,61.40461349487305,61.40461349487305,61.40461349487305,61.40461349487305,7
2021-05-26,61.40461349487305,61.40461349487305,61.40461349487305,61.40461349487305,61.40461349487305,0
2021-05-27,61.40461349487305,61.40461349487305,61.40461349487305,61.40461349487305,61.40461349487305,0
2021-05-28,61.40461349487305,61.40461349487305,61.40461349487305,61.40461349487305,61.40461349487305,0
2021-06-01,61.40461349487305,61.40461349487305,61.40461349487305,61.40461349487305,61.40461349487305,0
2021-06-02,61.40461349487305,61.40461349487305,61.40461349487305,61.40461349487305,61.40461349487305,0
2021-06-03,61.40461349487305,61.40461349487305,61.40461349487305,61.40461349487305,61.40461349487305,0
2021-06-04,61.40461349487305,61.40461349487305,61.40461349487305,61.40461349487305,61.40461349487305,0
2021-06-07,62.22062301635742,62.22062301635742,41.208412170410156,41.208412170410156,41.208412170410156,2
2021-06-08,41.208412170410156,41.208412170410156,41.208412170410156,41.208412170410156,41.208412170410156,0
2021-06-09,41.208412170410156,41.208412170410156,41.208412170410156,41.208412170410156,41.208412170410156,0
2021-06-10,41.208412170410156,41.208412170410156,41.208412170410156,41.208412170410156,41.208412170410156,0
2021-06-11,41.208412170410156,41.208412170410156,41.208412170410156,41.208412170410156,41.208412170410156,0
2021-06-14,41.208412170410156,41.208412170410156,41.208412170410156,41.208412170410156,41.208412170410156,0
2021-06-15,41.208412170410156,41.208412170410156,41.208412170410156,41.208412170410156,41.208412170410156,0
2021-06-16,41.208412170410156,41.208412170410156,41.208412170410156,41.208412170410156,41.208412170410156,0
2021-06-17,41.208412170410156,41.208412170410156,41.208412170410156,41.208412170410156,41.208412170410156,0
2021-06-18,41.208412170410156,41.208412170410156,41.208412170410156,41.208412170410156,41.208412170410156,0
2021-06-21,41.208412170410156,41.208412170410156,41.208412170410156,41.208412170410156,41.208412170410156,0
2021-06-22,41.208412170410156,41.208412170410156,41.208412170410156,41.208412170410156,41.208412170410156,0
2021-06-23,41.208412170410156,41.208412170410156,41.208412170410156,41.208412170410156,41.208412170410156,0
2021-06-24,41.208412170410156,41.208412170410156,41.208412170410156,41.208412170410156,41.208412170410156,0
2021-06-25,41.208412170410156,41.208412170410156,41.208412170410156,41.208412170410156,41.208412170410156,0
2021-06-28,61.40461349487305,61.40461349487305,61.40461349487305,61.40461349487305,61.40461349487305,1
2021-06-29,61.40461349487305,61.40461349487305,61.40461349487305,61.40461349487305,61.40461349487305,0
2021-06-30,61.40461349487305,61.40461349487305,61.40461349487305,61.40461349487305,61.40461349487305,0
2021-07-01,61.40461349487305,61.40461349487305,61.40461349487305,61.40461349487305,61.40461349487305,0
2021-07-02,61.40461349487305,61.40461349487305,61.40461349487305,61.40461349487305,61.40461349487305,0
2021-07-06,61.40461349487305,61.40461349487305,61.40461349487305,61.40461349487305,61.40461349487305,0
2021-07-07,61.40461349487305,61.40461349487305,61.40461349487305,61.40461349487305,61.40461349487305,0
2021-07-08,76.50076293945312,76.50076293945312,66.30066680908203,66.30066680908203,66.30066680908203,7
2021-07-09,66.30066680908203,66.30066680908203,66.30066680908203,66.30066680908203,66.30066680908203,0
2021-07-12,66.30066680908203,66.30066680908203,66.30066680908203,66.30066680908203,66.30066680908203,0
2021-07-13,66.30066680908203,66.30066680908203,66.30066680908203,66.30066680908203,66.30066680908203,0
2021-07-14,66.30066680908203,66.30066680908203,66.30066680908203,66.30066680908203,66.30066680908203,0
2021-07-15,66.40266418457031,66.40266418457031,41.3104133605957,41.3104133605957,41.3104133605957,22
2021-07-16,41.3104133605957,41.3104133605957,41.3104133605957,41.3104133605957,41.3104133605957,0
2021-07-19,41.3104133605957,41.3104133605957,41.3104133605957,41.3104133605957,41.3104133605957,0
2021-07-20,41.3104133605957,41.3104133605957,41.3104133605957,41.3104133605957,41.3104133605957,0
2021-07-21,41.3104133605957,41.3104133605957,41.3104133605957,41.3104133605957,41.3104133605957,0
2021-07-22,41.3104133605957,41.3104133605957,41.3104133605957,41.3104133605957,41.3104133605957,0
2021-07-23,41.3104133605957,41.3104133605957,41.3104133605957,41.3104133605957,41.3104133605957,0
2021-07-26,41.3104133605957,41.3104133605957,41.3104133605957,41.3104133605957,41.3104133605957,0
2021-07-27,41.3104133605957,41.3104133605957,41.3104133605957,41.3104133605957,41.3104133605957,0
2021-07-28,41.3104133605957,41.3104133605957,41.3104133605957,41.3104133605957,41.3104133605957,0
2021-07-29,41.3104133605957,41.3104133605957,41.3104133605957,41.3104133605957,41.3104133605957,0
2021-07-30,41.3104133605957,41.3104133605957,41.3104133605957,41.3104133605957,41.3104133605957,0
2021-08-02,41.3104133605957,41.3104133605957,41.3104133605957,41.3104133605957,41.3104133605957,0
2021-08-03,60.180599212646484,60.180599212646484,60.180599212646484,60.180599212646484,60.180599212646484,4
2021-08-04,60.180599212646484,60.180599212646484,60.180599212646484,60.180599212646484,60.180599212646484,0
2021-08-05,41.41241455078125,41.41241455078125,41.41241455078125,41.41241455078125,41.41241455078125,1
2021-08-06,41.41241455078125,41.41241455078125,41.41241455078125,41.41241455078125,41.41241455078125,0
2021-08-09,41.41241455078125,41.41241455078125,41.41241455078125,41.41241455078125,41.41241455078125,0
2021-08-10,41.41241455078125,41.41241455078125,41.41241455078125,41.41241455078125,41.41241455078125,0
2021-08-11,41.41241455078125,41.41241455078125,41.41241455078125,41.41241455078125,41.41241455078125,0
2021-08-12,41.41241455078125,41.41241455078125,41.41241455078125,41.41241455078125,41.41241455078125,0
2021-08-13,41.3104133605957,61.71061706542969,41.3104133605957,61.71061706542969,61.71061706542969,5
2021-08-16,61.71061706542969,61.71061706542969,61.71061706542969,61.71061706542969,61.71061706542969,0
2021-08-17,61.71061706542969,61.71061706542969,61.71061706542969,61.71061706542969,61.71061706542969,0
2021-08-18,25.602256774902344,25.602256774902344,25.602256774902344,25.602256774902344,25.602256774902344,0
2021-08-19,25.602256774902344,25.602256774902344,25.602256774902344,25.602256774902344,25.602256774902344,0
2021-08-20,25.602256774902344,25.602256774902344,25.602256774902344,25.602256774902344,25.602256774902344,0
2021-08-23,25.602256774902344,25.602256774902344,25.602256774902344,25.602256774902344,25.602256774902344,0
2021-08-24,25.602256774902344,25.602256774902344,25.602256774902344,25.602256774902344,25.602256774902344,0
2021-08-25,25.602256774902344,25.602256774902344,25.602256774902344,25.602256774902344,25.602256774902344,0
2021-08-26,26.520265579223633,26.520265579223633,25.602256774902344,25.602256774902344,25.602256774902344,5
2021-08-27,126.48126220703125,126.48126220703125,126.48126220703125,126.48126220703125,126.48126220703125,1
2021-08-30,100.9912109375,103.02102661132812,45.90045928955078,45.90045928955078,45.90045928955078,33
2021-08-31,45.900001525878906,45.900001525878906,45.900001525878906,45.900001525878906,45.900001525878906,0
2021-09-01,20.399999618530273,20.399999618530273,20.399999618530273,20.399999618530273,20.399999618530273,93
2021-09-02,20.399999618530273,20.399999618530273,20.399999618530273,20.399999618530273,20.399999618530273,102
2021-09-03,20.399999618530273,20.399999618530273,20.399999618530273,20.399999618530273,20.399999618530273,0
2021-09-07,30.531999588012695,30.531999588012695,30.531999588012695,30.531999588012695,30.531999588012695,70
2021-09-08,30.531999588012695,30.531999588012695,30.531999588012695,30.531999588012695,30.531999588012695,0
2021-09-09,30.531999588012695,30.531999588012695,30.531999588012695,30.531999588012695,30.531999588012695,0
2021-09-10,30.531999588012695,30.531999588012695,30.531999588012695,30.531999588012695,30.531999588012695,0
2021-09-13,33.59199905395508,33.59199905395508,33.59199905395508,33.59199905395508,33.59199905395508,45
2021-09-14,33.59199905395508,33.59199905395508,33.59199905395508,33.59199905395508,33.59199905395508,0
2021-09-15,33.59199905395508,33.59199905395508,33.59199905395508,33.59199905395508,33.59199905395508,0
2021-09-16,33.59199905395508,33.59199905395508,33.59199905395508,33.59199905395508,33.59199905395508,0
2021-09-17,33.59199905395508,33.59199905395508,33.59199905395508,33.59199905395508,33.59199905395508,0
2021-09-20,33.59199905395508,33.59199905395508,33.59199905395508,33.59199905395508,33.59199905395508,0
2021-09-21,33.59199905395508,33.59199905395508,33.59199905395508,33.59199905395508,33.59199905395508,0
2021-09-22,33.59199905395508,33.59199905395508,33.59199905395508,33.59199905395508,33.59199905395508,0
2021-09-23,33.59199905395508,33.59199905395508,33.59199905395508,33.59199905395508,33.59199905395508,0
2021-09-24,33.59199905395508,33.59199905395508,33.59199905395508,33.59199905395508,33.59199905395508,0
2021-09-27,33.59199905395508,33.59199905395508,33.59199905395508,33.59199905395508,33.59199905395508,0
2021-09-28,33.59199905395508,33.59199905395508,33.59199905395508,33.59199905395508,33.59199905395508,0
2021-09-29,33.59199905395508,33.59199905395508,33.59199905395508,33.59199905395508,33.59199905395508,0
2021-09-30,33.59199905395508,33.59199905395508,33.59199905395508,33.59199905395508,33.59199905395508,0
2021-10-01,33.59199905395508,33.59199905395508,33.59199905395508,33.59199905395508,33.59199905395508,0
2021-10-04,33.59199905395508,33.59199905395508,33.59199905395508,33.59199905395508,33.59199905395508,0
2021-10-05,33.59199905395508,33.59199905395508,33.59199905395508,33.59199905395508,33.59199905395508,0
2021-10-06,33.59199905395508,33.59199905395508,33.59199905395508,33.59199905395508,33.59199905395508,0
2021-10-07,33.59199905395508,33.59199905395508,33.59199905395508,33.59199905395508,33.59199905395508,0
2021-10-08,33.59199905395508,33.59199905395508,33.59199905395508,33.59199905395508,33.59199905395508,0
2021-10-11,33.59199905395508,33.59199905395508,33.59199905395508,33.59199905395508,33.59199905395508,0
2021-10-12,34.849998474121094,34.849998474121094,34.849998474121094,34.849998474121094,34.849998474121094,65
2021-10-13,34.849998474121094,34.849998474121094,34.849998474121094,34.849998474121094,34.849998474121094,0
2021-10-14,30.600000381469727,30.600000381469727,30.600000381469727,30.600000381469727,30.600000381469727,84
2021-10-15,30.600000381469727,30.600000381469727,30.600000381469727,30.600000381469727,30.600000381469727,0
2021-10-18,30.600000381469727,30.600000381469727,30.600000381469727,30.600000381469727,30.600000381469727,0
2021-10-19,30.600000381469727,30.600000381469727,30.600000381469727,30.600000381469727,30.600000381469727,0
2021-10-20,30.600000381469727,30.600000381469727,30.600000381469727,30.600000381469727,30.600000381469727,0
2021-10-21,30.600000381469727,30.600000381469727,30.600000381469727,30.600000381469727,30.600000381469727,0
2021-10-22,30.600000381469727,30.600000381469727,30.600000381469727,30.600000381469727,30.600000381469727,0
2021-10-25,30.600000381469727,30.600000381469727,30.600000381469727,30.600000381469727,30.600000381469727,0
2021-10-26,35.70000076293945,35.70000076293945,35.70000076293945,35.70000076293945,35.70000076293945,39
2021-10-27,35.70000076293945,35.70000076293945,35.70000076293945,35.70000076293945,35.70000076293945,0
2021-10-28,35.70000076293945,35.70000076293945,35.70000076293945,35.70000076293945,35.70000076293945,0
2021-10-29,35.70000076293945,35.70000076293945,35.70000076293945,35.70000076293945,35.70000076293945,0
2021-11-01,35.70000076293945,35.70000076293945,35.70000076293945,35.70000076293945,35.70000076293945,0
2021-11-02,35.70000076293945,35.70000076293945,35.70000076293945,35.70000076293945,35.70000076293945,0
2021-11-03,35.70000076293945,35.70000076293945,35.70000076293945,35.70000076293945,35.70000076293945,0
2021-11-04,35.70000076293945,35.70000076293945,35.70000076293945,35.70000076293945,35.70000076293945,0
2021-11-05,35.70000076293945,35.70000076293945,35.70000076293945,35.70000076293945,35.70000076293945,0
2021-11-08,35.70000076293945,35.70000076293945,35.70000076293945,35.70000076293945,35.70000076293945,0
2021-11-09,35.70000076293945,35.70000076293945,35.70000076293945,35.70000076293945,35.70000076293945,0
2021-11-10,35.70000076293945,35.70000076293945,35.70000076293945,35.70000076293945,35.70000076293945,0
2021-11-11,35.70000076293945,35.70000076293945,35.70000076293945,35.70000076293945,35.70000076293945,0
2021-11-12,35.70000076293945,35.70000076293945,35.70000076293945,35.70000076293945,35.70000076293945,0
2021-11-15,35.70000076293945,35.70000076293945,35.70000076293945,35.70000076293945,35.70000076293945,0
2021-11-16,35.70000076293945,35.70000076293945,35.70000076293945,35.70000076293945,35.70000076293945,0
2021-11-17,35.70000076293945,35.70000076293945,35.70000076293945,35.70000076293945,35.70000076293945,0
2021-11-18,35.70000076293945,35.70000076293945,35.70000076293945,35.70000076293945,35.70000076293945,0
2021-11-19,35.70000076293945,35.70000076293945,35.70000076293945,35.70000076293945,35.70000076293945,0
2021-11-22,35.70000076293945,35.70000076293945,35.70000076293945,35.70000076293945,35.70000076293945,0
2021-11-23,35.70000076293945,35.70000076293945,35.70000076293945,35.70000076293945,35.70000076293945,0
2021-11-24,35.70000076293945,35.70000076293945,35.70000076293945,35.70000076293945,35.70000076293945,0
2021-11-26,35.70000076293945,35.70000076293945,35.70000076293945,35.70000076293945,35.70000076293945,0
2021-11-29,35.70000076293945,35.70000076293945,35.70000076293945,35.70000076293945,35.70000076293945,0
2021-11-30,35.70000076293945,35.70000076293945,35.70000076293945,35.70000076293945,35.70000076293945,0
2021-12-01,35.70000076293945,35.70000076293945,35.70000076293945,35.70000076293945,35.70000076293945,0
2021-12-02,35.529998779296875,35.529998779296875,35.529998779296875,35.529998779296875,35.529998779296875,30
2021-12-03,35.529998779296875,35.529998779296875,35.529998779296875,35.529998779296875,35.529998779296875,0
2021-12-06,35.529998779296875,35.529998779296875,35.529998779296875,35.529998779296875,35.529998779296875,0
2021-12-07,35.529998779296875,35.529998779296875,35.529998779296875,35.529998779296875,35.529998779296875,0
2021-12-08,35.529998779296875,35.529998779296875,35.529998779296875,35.529998779296875,35.529998779296875,0
2021-12-09,35.529998779296875,35.529998779296875,35.529998779296875,35.529998779296875,35.529998779296875,0
2021-12-10,35.529998779296875,35.529998779296875,35.529998779296875,35.529998779296875,35.529998779296875,0
2021-12-13,35.529998779296875,35.529998779296875,35.529998779296875,35.529998779296875,35.529998779296875,0
2021-12-14,35.529998779296875,35.529998779296875,35.529998779296875,35.529998779296875,35.529998779296875,0
2021-12-15,35.529998779296875,35.529998779296875,35.529998779296875,35.529998779296875,35.529998779296875,0
2021-12-16,34.16999816894531,34.16999816894531,34.16999816894531,34.16999816894531,34.16999816894531,35
2021-12-17,34.16999816894531,34.16999816894531,34.16999816894531,34.16999816894531,34.16999816894531,0
2021-12-20,34.16999816894531,34.16999816894531,34.16999816894531,34.16999816894531,34.16999816894531,0
2021-12-21,34.16999816894531,34.16999816894531,34.16999816894531,34.16999816894531,34.16999816894531,0
2021-12-22,34.16999816894531,34.16999816894531,34.16999816894531,34.16999816894531,34.16999816894531,0
2021-12-23,34.16999816894531,34.16999816894531,34.16999816894531,34.16999816894531,34.16999816894531,0
2021-12-27,34.16999816894531,34.16999816894531,34.16999816894531,34.16999816894531,34.16999816894531,0
2021-12-28,34.16999816894531,34.16999816894531,34.16999816894531,34.16999816894531,34.16999816894531,0
2021-12-29,34.16999816894531,34.16999816894531,34.16999816894531,34.16999816894531,34.16999816894531,0
2021-12-30,34.16999816894531,34.16999816894531,34.16999816894531,34.16999816894531,34.16999816894531,0
2021-12-31,32.29999923706055,32.29999923706055,32.29999923706055,32.29999923706055,32.29999923706055,29
2022-01-03,32.29999923706055,32.29999923706055,32.29999923706055,32.29999923706055,32.29999923706055,0
2022-01-04,32.29999923706055,32.29999923706055,32.29999923706055,32.29999923706055,32.29999923706055,0
2022-01-05,32.29999923706055,32.29999923706055,32.29999923706055,32.29999923706055,32.29999923706055,0
2022-01-06,32.29999923706055,32.29999923706055,32.29999923706055,32.29999923706055,32.29999923706055,0
2022-01-07,32.29999923706055,32.29999923706055,32.29999923706055,32.29999923706055,32.29999923706055,0
2022-01-10,32.29999923706055,32.29999923706055,32.29999923706055,32.29999923706055,32.29999923706055,0
2022-01-11,32.29999923706055,32.29999923706055,32.29999923706055,32.29999923706055,32.29999923706055,0
2022-01-12,32.29999923706055,32.29999923706055,32.29999923706055,32.29999923706055,32.29999923706055,0
2022-01-13,32.29999923706055,32.29999923706055,32.29999923706055,32.29999923706055,32.29999923706055,0
2022-01-14,32.29999923706055,32.29999923706055,32.29999923706055,32.29999923706055,32.29999923706055,0
2022-01-18,32.29999923706055,32.29999923706055,32.29999923706055,32.29999923706055,32.29999923706055,0
2022-01-19,32.29999923706055,32.29999923706055,32.29999923706055,32.29999923706055,32.29999923706055,0
2022-01-20,32.29999923706055,32.29999923706055,32.29999923706055,32.29999923706055,32.29999923706055,0
2022-01-21,32.29999923706055,32.29999923706055,32.29999923706055,32.29999923706055,32.29999923706055,0
2022-01-24,32.29999923706055,32.29999923706055,32.29999923706055,32.29999923706055,32.29999923706055,0
2022-01-25,32.29999923706055,32.29999923706055,32.29999923706055,32.29999923706055,32.29999923706055,0
2022-01-26,32.29999923706055,32.29999923706055,32.29999923706055,32.29999923706055,32.29999923706055,0
2022-01-27,32.29999923706055,32.29999923706055,32.29999923706055,32.29999923706055,32.29999923706055,0
2022-01-28,32.29999923706055,32.29999923706055,32.29999923706055,32.29999923706055,32.29999923706055,0
2022-01-31,32.29999923706055,32.29999923706055,32.29999923706055,32.29999923706055,32.29999923706055,0
2022-02-01,32.29999923706055,32.29999923706055,32.29999923706055,32.29999923706055,32.29999923706055,0
2022-02-02,32.29999923706055,32.29999923706055,32.29999923706055,32.29999923706055,32.29999923706055,0
2022-02-03,32.29999923706055,32.29999923706055,32.29999923706055,32.29999923706055,32.29999923706055,0
2022-02-04,32.29999923706055,32.29999923706055,32.29999923706055,32.29999923706055,32.29999923706055,0
2022-02-07,32.29999923706055,32.29999923706055,32.29999923706055,32.29999923706055,32.29999923706055,0
2022-02-08,32.29999923706055,32.29999923706055,32.29999923706055,32.29999923706055,32.29999923706055,0
2022-02-09,32.29999923706055,32.29999923706055,32.29999923706055,32.29999923706055,32.29999923706055,0
2022-02-10,32.29999923706055,32.29999923706055,32.29999923706055,32.29999923706055,32.29999923706055,0
2022-02-11,32.29999923706055,32.29999923706055,32.29999923706055,32.29999923706055,32.29999923706055,0
2022-02-14,32.29999923706055,32.29999923706055,32.29999923706055,32.29999923706055,32.29999923706055,0
2022-02-15,32.29999923706055,32.29999923706055,32.29999923706055,32.29999923706055,32.29999923706055,0
2022-02-16,32.29999923706055,32.29999923706055,32.29999923706055,32.29999923706055,32.29999923706055,0
2022-02-17,32.29999923706055,32.29999923706055,32.29999923706055,32.29999923706055,32.29999923706055,0
2022-02-18,32.29999923706055,32.29999923706055,32.29999923706055,32.29999923706055,32.29999923706055,0
2022-02-22,32.29999923706055,32.29999923706055,32.29999923706055,32.29999923706055,32.29999923706055,0
2022-02-23,32.29999923706055,32.29999923706055,32.29999923706055,32.29999923706055,32.29999923706055,0
2022-02-24,32.29999923706055,32.29999923706055,32.29999923706055,32.29999923706055,32.29999923706055,0
2022-02-25,32.29999923706055,32.29999923706055,32.29999923706055,32.29999923706055,32.29999923706055,0
2022-02-28,32.29999923706055,32.29999923706055,32.29999923706055,32.29999923706055,32.29999923706055,0
2022-03-01,32.29999923706055,32.29999923706055,32.29999923706055,32.29999923706055,32.29999923706055,0
2022-03-02,32.29999923706055,32.29999923706055,32.29999923706055,32.29999923706055,32.29999923706055,0
2022-03-03,44.20000076293945,44.20000076293945,44.20000076293945,44.20000076293945,44.20000076293945,148
2022-03-04,44.20000076293945,44.20000076293945,44.20000076293945,44.20000076293945,44.20000076293945,30
2022-03-07,44.20000076293945,44.20000076293945,44.20000076293945,44.20000076293945,44.20000076293945,0
2022-03-08,44.20000076293945,44.20000076293945,44.20000076293945,44.20000076293945,44.20000076293945,0
2022-03-09,44.20000076293945,44.20000076293945,44.20000076293945,44.20000076293945,44.20000076293945,29
2022-03-10,47.599998474121094,47.599998474121094,47.599998474121094,47.599998474121094,47.599998474121094,29
2022-03-11,47.599998474121094,47.599998474121094,47.599998474121094,47.599998474121094,47.599998474121094,65
2022-03-14,47.599998474121094,47.599998474121094,47.599998474121094,47.599998474121094,47.599998474121094,0
2022-03-15,47.599998474121094,47.599998474121094,47.599998474121094,47.599998474121094,47.599998474121094,0
2022-03-16,47.599998474121094,47.599998474121094,47.599998474121094,47.599998474121094,47.599998474121094,0
2022-03-17,47.599998474121094,47.599998474121094,47.599998474121094,47.599998474121094,47.599998474121094,0
2022-03-18,47.599998474121094,47.599998474121094,47.599998474121094,47.599998474121094,47.599998474121094,0
2022-03-21,47.599998474121094,47.599998474121094,47.599998474121094,47.599998474121094,47.599998474121094,0
2022-03-22,47.599998474121094,47.599998474121094,47.599998474121094,47.599998474121094,47.599998474121094,0
2022-03-23,47.599998474121094,47.599998474121094,47.599998474121094,47.599998474121094,47.599998474121094,0
2022-03-24,47.599998474121094,47.599998474121094,47.599998474121094,47.599998474121094,47.599998474121094,0
2022-03-25,47.599998474121094,47.599998474121094,47.599998474121094,47.599998474121094,47.599998474121094,0
2022-03-28,61.20000076293945,61.20000076293945,57.79999923706055,61.20000076293945,61.20000076293945,88
2022-03-29,78.16600036621094,78.19999694824219,78.16600036621094,78.19999694824219,78.19999694824219,117
2022-03-30,78.19999694824219,78.19999694824219,78.19999694824219,78.19999694824219,78.19999694824219,0
2022-03-31,78.19999694824219,78.19999694824219,78.19999694824219,78.19999694824219,78.19999694824219,0
2022-04-01,78.19999694824219,78.19999694824219,78.19999694824219,78.19999694824219,78.19999694824219,0
2022-04-04,78.19999694824219,78.19999694824219,78.19999694824219,78.19999694824219,78.19999694824219,0
2022-04-05,78.19999694824219,78.19999694824219,78.19999694824219,78.19999694824219,78.19999694824219,0
2022-04-06,54.7400016784668,54.7400016784668,54.7400016784668,54.7400016784668,54.7400016784668,29
2022-04-07,54.7400016784668,54.7400016784668,54.7400016784668,54.7400016784668,54.7400016784668,0
2022-04-08,54.7400016784668,54.7400016784668,54.7400016784668,54.7400016784668,54.7400016784668,0
2022-04-11,54.7400016784668,54.7400016784668,54.7400016784668,54.7400016784668,54.7400016784668,0
2022-04-12,54.7400016784668,54.7400016784668,54.7400016784668,54.7400016784668,54.7400016784668,0
2022-04-13,54.7400016784668,54.7400016784668,54.7400016784668,54.7400016784668,54.7400016784668,0
2022-04-14,54.7400016784668,54.7400016784668,54.7400016784668,54.7400016784668,54.7400016784668,0
2022-04-18,54.7400016784668,54.7400016784668,54.7400016784668,54.7400016784668,54.7400016784668,0
2022-04-19,54.7400016784668,54.7400016784668,54.7400016784668,54.7400016784668,54.7400016784668,0
2022-04-20,56.099998474121094,56.099998474121094,56.099998474121094,56.099998474121094,56.099998474121094,29
2022-04-21,56.099998474121094,56.099998474121094,56.099998474121094,56.099998474121094,56.099998474121094,0
2022-04-22,57.79999923706055,57.79999923706055,57.79999923706055,57.79999923706055,57.79999923706055,30
2022-04-25,57.79999923706055,57.79999923706055,57.79999923706055,57.79999923706055,57.79999923706055,0
2022-04-26,57.79999923706055,57.79999923706055,57.79999923706055,57.79999923706055,57.79999923706055,0
2022-04-27,57.79999923706055,57.79999923706055,57.79999923706055,57.79999923706055,57.79999923706055,0
2022-04-28,57.79999923706055,57.79999923706055,57.79999923706055,57.79999923706055,57.79999923706055,0
2022-04-29,57.79999923706055,57.79999923706055,57.79999923706055,57.79999923706055,57.79999923706055,0
2022-05-02,57.79999923706055,57.79999923706055,57.79999923706055,57.79999923706055,57.79999923706055,0
2022-05-03,57.79999923706055,57.79999923706055,57.79999923706055,57.79999923706055,57.79999923706055,0
2022-05-04,57.79999923706055,57.79999923706055,57.79999923706055,57.79999923706055,57.79999923706055,0
2022-05-05,57.79999923706055,57.79999923706055,57.79999923706055,57.79999923706055,57.79999923706055,0
2022-05-06,57.79999923706055,57.79999923706055,57.79999923706055,57.79999923706055,57.79999923706055,0
2022-05-09,57.79999923706055,57.79999923706055,57.79999923706055,57.79999923706055,57.79999923706055,0
2022-05-10,57.79999923706055,57.79999923706055,57.79999923706055,57.79999923706055,57.79999923706055,0
2022-05-11,57.79999923706055,57.79999923706055,57.79999923706055,57.79999923706055,57.79999923706055,0
2022-05-12,57.79999923706055,57.79999923706055,57.79999923706055,57.79999923706055,57.79999923706055,0
2022-05-13,57.79999923706055,57.79999923706055,57.79999923706055,57.79999923706055,57.79999923706055,0
2022-05-16,57.79999923706055,57.79999923706055,57.79999923706055,57.79999923706055,57.79999923706055,0
2022-05-17,57.79999923706055,57.79999923706055,57.79999923706055,57.79999923706055,57.79999923706055,0
2022-05-18,57.79999923706055,57.79999923706055,57.79999923706055,57.79999923706055,57.79999923706055,0
2022-05-19,57.79999923706055,57.79999923706055,57.79999923706055,57.79999923706055,57.79999923706055,0
2022-05-20,57.79999923706055,57.79999923706055,57.79999923706055,57.79999923706055,57.79999923706055,0
2022-05-23,57.79999923706055,57.79999923706055,57.79999923706055,57.79999923706055,57.79999923706055,0
2022-05-24,57.79999923706055,57.79999923706055,57.79999923706055,57.79999923706055,57.79999923706055,0
2022-05-25,57.79999923706055,57.79999923706055,57.79999923706055,57.79999923706055,57.79999923706055,0
2022-05-26,57.79999923706055,57.79999923706055,57.79999923706055,57.79999923706055,57.79999923706055,0
2022-05-27,57.79999923706055,57.79999923706055,57.79999923706055,57.79999923706055,57.79999923706055,0
2022-05-31,57.79999923706055,57.79999923706055,57.79999923706055,57.79999923706055,57.79999923706055,0
2022-06-01,57.79999923706055,57.79999923706055,57.79999923706055,57.79999923706055,57.79999923706055,0
2022-06-02,57.79999923706055,57.79999923706055,57.79999923706055,57.79999923706055,57.79999923706055,0
2022-06-03,57.79999923706055,57.79999923706055,57.79999923706055,57.79999923706055,57.79999923706055,0
2022-06-06,57.79999923706055,57.79999923706055,57.79999923706055,57.79999923706055,57.79999923706055,0
2022-06-07,57.79999923706055,57.79999923706055,57.79999923706055,57.79999923706055,57.79999923706055,0
2022-06-08,57.79999923706055,57.79999923706055,57.79999923706055,57.79999923706055,57.79999923706055,0
2022-06-09,57.79999923706055,57.79999923706055,57.79999923706055,57.79999923706055,57.79999923706055,0
2022-06-10,57.79999923706055,57.79999923706055,57.79999923706055,57.79999923706055,57.79999923706055,0
2022-06-13,57.79999923706055,57.79999923706055,57.79999923706055,57.79999923706055,57.79999923706055,0
2022-06-14,57.79999923706055,57.79999923706055,57.79999923706055,57.79999923706055,57.79999923706055,0
2022-06-15,57.79999923706055,57.79999923706055,57.79999923706055,57.79999923706055,57.79999923706055,0
2022-06-16,57.79999923706055,57.79999923706055,57.79999923706055,57.79999923706055,57.79999923706055,0
2022-06-17,56.95000076293945,56.95000076293945,51.0,51.0,51.0,58
2022-06-21,51.0,51.0,51.0,51.0,51.0,0
2022-06-22,51.0,51.0,51.0,51.0,51.0,0
2022-06-23,51.0,51.0,51.0,51.0,51.0,0
2022-06-24,44.20000076293945,44.20000076293945,44.20000076293945,44.20000076293945,44.20000076293945,29
2022-06-27,44.20000076293945,44.20000076293945,37.40034103393555,37.40034103393555,37.40034103393555,58
2022-06-28,37.40034103393555,37.40034103393555,37.40034103393555,37.40034103393555,37.40034103393555,0
2022-06-29,30.940000534057617,30.940000534057617,30.940000534057617,30.940000534057617,30.940000534057617,29
2022-06-30,30.940000534057617,30.940000534057617,30.940000534057617,30.940000534057617,30.940000534057617,0
2022-07-01,30.940000534057617,30.940000534057617,30.940000534057617,30.940000534057617,30.940000534057617,0
2022-07-05,30.940000534057617,30.940000534057617,30.940000534057617,30.940000534057617,30.940000534057617,0
2022-07-06,30.940000534057617,30.940000534057617,30.940000534057617,30.940000534057617,30.940000534057617,0
2022-07-07,30.940000534057617,30.940000534057617,30.940000534057617,30.940000534057617,30.940000534057617,0
2022-07-08,30.940000534057617,30.940000534057617,30.940000534057617,30.940000534057617,30.940000534057617,0
2022-07-11,30.940000534057617,30.940000534057617,30.940000534057617,30.940000534057617,30.940000534057617,0
2022-07-12,30.600000381469727,30.600000381469727,30.600000381469727,30.600000381469727,30.600000381469727,29
2022-07-13,30.600000381469727,30.600000381469727,30.600000381469727,30.600000381469727,30.600000381469727,0
2022-07-14,30.600000381469727,30.600000381469727,30.600000381469727,30.600000381469727,30.600000381469727,0
2022-07-15,30.600000381469727,30.600000381469727,30.600000381469727,30.600000381469727,30.600000381469727,0
2022-07-18,30.600000381469727,30.600000381469727,30.600000381469727,30.600000381469727,30.600000381469727,0
2022-07-19,30.600000381469727,30.600000381469727,30.600000381469727,30.600000381469727,30.600000381469727,0
2022-07-20,30.600000381469727,30.600000381469727,24.479999542236328,24.479999542236328,24.479999542236328,89
2022-07-21,24.479999542236328,24.479999542236328,24.479999542236328,24.479999542236328,24.479999542236328,0
2022-07-22,24.479999542236328,24.479999542236328,24.479999542236328,24.479999542236328,24.479999542236328,0
2022-07-25,24.479999542236328,24.479999542236328,24.479999542236328,24.479999542236328,24.479999542236328,0
2022-07-26,24.479999542236328,24.479999542236328,24.479999542236328,24.479999542236328,24.479999542236328,0
2022-07-27,27.200000762939453,27.200000762939453,27.200000762939453,27.200000762939453,27.200000762939453,58
2022-07-28,27.200000762939453,27.200000762939453,27.200000762939453,27.200000762939453,27.200000762939453,0
2022-07-29,27.200000762939453,27.200000762939453,27.200000762939453,27.200000762939453,27.200000762939453,0
2022-08-01,25.15999984741211,25.15999984741211,25.15999984741211,25.15999984741211,25.15999984741211,29
2022-08-02,23.799999237060547,23.799999237060547,17.68000030517578,17.68000030517578,17.68000030517578,150
2022-08-03,17.68000030517578,17.68000030517578,17.68000030517578,17.68000030517578,17.68000030517578,0
2022-08-04,17.68000030517578,17.68000030517578,17.68000030517578,17.68000030517578,17.68000030517578,0
2022-08-05,17.68000030517578,17.68000030517578,17.68000030517578,17.68000030517578,17.68000030517578,0
2022-08-08,17.68000030517578,17.68000030517578,17.68000030517578,17.68000030517578,17.68000030517578,0
2022-08-09,17.68000030517578,17.68000030517578,17.68000030517578,17.68000030517578,17.68000030517578,0
2022-08-10,17.68000030517578,17.68000030517578,17.68000030517578,17.68000030517578,17.68000030517578,0
2022-08-11,17.68000030517578,17.68000030517578,17.68000030517578,17.68000030517578,17.68000030517578,0
2022-08-12,17.34000015258789,17.34000015258789,13.600000381469727,13.600000381469727,13.600000381469727,185
2022-08-15,13.600000381469727,13.600000381469727,8.5,8.670000076293945,8.670000076293945,147
2022-08-16,8.5,8.5,5.099999904632568,5.099999904632568,5.099999904632568,117
2022-08-17,5.440000057220459,5.440000057220459,5.440000057220459,5.440000057220459,5.440000057220459,58
2022-08-18,5.099999904632568,5.099999904632568,3.740000009536743,3.740000009536743,3.740000009536743,58
2022-08-19,2.753999948501587,2.753999948501587,2.753999948501587,2.753999948501587,2.753999948501587,29
2022-08-22,2.753999948501587,2.753999948501587,2.753999948501587,2.753999948501587,2.753999948501587,0
2022-08-23,2.753999948501587,2.753999948501587,2.753999948501587,2.753999948501587,2.753999948501587,0
2022-08-24,2.753999948501587,2.753999948501587,2.753999948501587,2.753999948501587,2.753999948501587,0
2022-08-25,2.753999948501587,2.753999948501587,2.753999948501587,2.753999948501587,2.753999948501587,0
2022-08-26,2.753999948501587,2.753999948501587,2.753999948501587,2.753999948501587,2.753999948501587,0
2022-08-29,2.753999948501587,2.753999948501587,2.753999948501587,2.753999948501587,2.753999948501587,0
2022-08-30,2.753999948501587,2.753999948501587,2.753999948501587,2.753999948501587,2.753999948501587,0
2022-08-31,2.753999948501587,2.753999948501587,2.753999948501587,2.753999948501587,2.753999948501587,0
2022-09-01,2.753999948501587,2.753999948501587,2.753999948501587,2.753999948501587,2.753999948501587,0
2022-09-02,2.753999948501587,2.753999948501587,2.753999948501587,2.753999948501587,2.753999948501587,0
2022-09-06,2.753999948501587,2.753999948501587,2.753999948501587,2.753999948501587,2.753999948501587,0
2022-09-07,2.753999948501587,2.753999948501587,2.753999948501587,2.753999948501587,2.753999948501587,0
2022-09-08,2.753999948501587,2.753999948501587,2.753999948501587,2.753999948501587,2.753999948501587,0
2022-09-09,2.753999948501587,2.753999948501587,2.753999948501587,2.753999948501587,2.753999948501587,0
2022-09-12,2.753999948501587,2.753999948501587,2.753999948501587,2.753999948501587,2.753999948501587,0
2022-09-13,2.753999948501587,2.753999948501587,2.753999948501587,2.753999948501587,2.753999948501587,0
2022-09-14,2.753999948501587,2.753999948501587,2.753999948501587,2.753999948501587,2.753999948501587,0
2022-09-15,2.753999948501587,2.753999948501587,2.753999948501587,2.753999948501587,2.753999948501587,0
2022-09-16,2.753999948501587,2.753999948501587,2.753999948501587,2.753999948501587,2.753999948501587,0
2022-09-19,2.753999948501587,2.753999948501587,2.753999948501587,2.753999948501587,2.753999948501587,0
2022-09-20,2.753999948501587,2.753999948501587,2.753999948501587,2.753999948501587,2.753999948501587,0
2022-09-21,2.753999948501587,2.753999948501587,2.753999948501587,2.753999948501587,2.753999948501587,0
2022-09-22,2.753999948501587,2.753999948501587,2.753999948501587,2.753999948501587,2.753999948501587,0
2022-09-23,2.753999948501587,2.753999948501587,2.753999948501587,2.753999948501587,2.753999948501587,0
2022-09-26,2.753999948501587,2.753999948501587,2.753999948501587,2.753999948501587,2.753999948501587,0
2022-09-27,2.753999948501587,2.753999948501587,2.753999948501587,2.753999948501587,2.753999948501587,0
2022-09-28,2.753999948501587,2.753999948501587,2.753999948501587,2.753999948501587,2.753999948501587,0
2022-09-29,2.753999948501587,2.753999948501587,2.753999948501587,2.753999948501587,2.753999948501587,0
2022-09-30,2.753999948501587,2.753999948501587,2.753999948501587,2.753999948501587,2.753999948501587,0
2022-10-03,2.753999948501587,2.753999948501587,2.753999948501587,2.753999948501587,2.753999948501587,0
2022-10-04,2.753999948501587,2.753999948501587,2.753999948501587,2.753999948501587,2.753999948501587,0
2022-10-05,2.753999948501587,2.753999948501587,2.753999948501587,2.753999948501587,2.753999948501587,0
2022-10-06,2.753999948501587,2.753999948501587,2.753999948501587,2.753999948501587,2.753999948501587,0
2022-10-07,2.753999948501587,2.753999948501587,2.753999948501587,2.753999948501587,2.753999948501587,0
2022-10-10,2.753999948501587,2.753999948501587,2.753999948501587,2.753999948501587,2.753999948501587,0
2022-10-11,2.753999948501587,2.753999948501587,2.753999948501587,2.753999948501587,2.753999948501587,0
2022-10-12,2.753999948501587,2.753999948501587,2.753999948501587,2.753999948501587,2.753999948501587,0
2022-10-13,2.753999948501587,2.753999948501587,2.753999948501587,2.753999948501587,2.753999948501587,0
2022-10-14,2.753999948501587,2.753999948501587,2.753999948501587,2.753999948501587,2.753999948501587,0
2022-10-17,2.753999948501587,2.753999948501587,2.753999948501587,2.753999948501587,2.753999948501587,0
2022-10-18,2.753999948501587,2.753999948501587,2.753999948501587,2.753999948501587,2.753999948501587,0
2022-10-19,2.753999948501587,2.753999948501587,2.753999948501587,2.753999948501587,2.753999948501587,0
2022-10-20,2.753999948501587,2.753999948501587,2.753999948501587,2.753999948501587,2.753999948501587,0
2022-10-21,2.753999948501587,2.753999948501587,2.753999948501587,2.753999948501587,2.753999948501587,0
2022-10-24,2.753999948501587,2.753999948501587,2.753999948501587,2.753999948501587,2.753999948501587,0
2022-10-25,2.753999948501587,2.753999948501587,2.753999948501587,2.753999948501587,2.753999948501587,0
2022-10-26,2.753999948501587,2.753999948501587,2.753999948501587,2.753999948501587,2.753999948501587,0
2022-10-27,2.753999948501587,2.753999948501587,2.753999948501587,2.753999948501587,2.753999948501587,0
2022-10-28,2.753999948501587,2.753999948501587,2.753999948501587,2.753999948501587,2.753999948501587,0
2022-10-31,2.753999948501587,2.753999948501587,2.753999948501587,2.753999948501587,2.753999948501587,0
2022-11-01,2.753999948501587,2.753999948501587,2.753999948501587,2.753999948501587,2.753999948501587,0
2022-11-02,2.753999948501587,2.753999948501587,2.753999948501587,2.753999948501587,2.753999948501587,0
2022-11-03,2.753999948501587,2.753999948501587,2.753999948501587,2.753999948501587,2.753999948501587,0
2022-11-04,2.753999948501587,2.753999948501587,2.753999948501587,2.753999948501587,2.753999948501587,0
2022-11-07,2.753999948501587,2.753999948501587,2.753999948501587,2.753999948501587,2.753999948501587,0
2022-11-08,2.753999948501587,2.753999948501587,2.753999948501587,2.753999948501587,2.753999948501587,0
2022-11-09,2.753999948501587,2.753999948501587,2.753999948501587,2.753999948501587,2.753999948501587,0
2022-11-10,2.753999948501587,2.753999948501587,2.753999948501587,2.753999948501587,2.753999948501587,0
2022-11-11,2.753999948501587,2.753999948501587,2.753999948501587,2.753999948501587,2.753999948501587,0
2022-11-14,2.753999948501587,2.753999948501587,2.753999948501587,2.753999948501587,2.753999948501587,0
2022-11-15,2.753999948501587,2.753999948501587,2.753999948501587,2.753999948501587,2.753999948501587,0
2022-11-16,2.753999948501587,2.753999948501587,2.753999948501587,2.753999948501587,2.753999948501587,0
2022-11-17,2.753999948501587,2.753999948501587,2.753999948501587,2.753999948501587,2.753999948501587,0
2022-11-18,2.753999948501587,2.753999948501587,2.753999948501587,2.753999948501587,2.753999948501587,0
2022-11-21,2.753999948501587,2.753999948501587,2.753999948501587,2.753999948501587,2.753999948501587,0
2022-11-22,2.753999948501587,2.753999948501587,2.753999948501587,2.753999948501587,2.753999948501587,0
2022-11-23,2.753999948501587,2.753999948501587,2.753999948501587,2.753999948501587,2.753999948501587,0
2022-11-25,2.753999948501587,2.753999948501587,2.753999948501587,2.753999948501587,2.753999948501587,0
2022-11-28,2.753999948501587,2.753999948501587,2.753999948501587,2.753999948501587,2.753999948501587,0
2022-11-29,2.753999948501587,2.753999948501587,2.753999948501587,2.753999948501587,2.753999948501587,0
2022-11-30,2.753999948501587,2.753999948501587,2.753999948501587,2.753999948501587,2.753999948501587,0
2022-12-01,2.753999948501587,2.753999948501587,2.753999948501587,2.753999948501587,2.753999948501587,0
2022-12-02,2.753999948501587,2.753999948501587,2.753999948501587,2.753999948501587,2.753999948501587,0
2022-12-05,2.753999948501587,2.753999948501587,2.753999948501587,2.753999948501587,2.753999948501587,0
2022-12-06,2.753999948501587,2.753999948501587,2.753999948501587,2.753999948501587,2.753999948501587,0
2022-12-07,2.753999948501587,2.753999948501587,2.753999948501587,2.753999948501587,2.753999948501587,0
2022-12-08,2.753999948501587,2.753999948501587,2.753999948501587,2.753999948501587,2.753999948501587,0
2022-12-09,2.753999948501587,2.753999948501587,2.753999948501587,2.753999948501587,2.753999948501587,0
2022-12-12,2.753999948501587,2.753999948501587,2.753999948501587,2.753999948501587,2.753999948501587,0
2022-12-13,2.753999948501587,2.753999948501587,2.753999948501587,2.753999948501587,2.753999948501587,0
2022-12-14,2.753999948501587,2.753999948501587,2.753999948501587,2.753999948501587,2.753999948501587,0
2022-12-15,2.753999948501587,2.753999948501587,2.753999948501587,2.753999948501587,2.753999948501587,0
2022-12-16,2.753999948501587,2.753999948501587,2.753999948501587,2.753999948501587,2.753999948501587,0
2022-12-19,2.753999948501587,2.753999948501587,2.753999948501587,2.753999948501587,2.753999948501587,0
2022-12-20,2.753999948501587,2.753999948501587,2.753999948501587,2.753999948501587,2.753999948501587,0
2022-12-21,2.753999948501587,2.753999948501587,2.753999948501587,2.753999948501587,2.753999948501587,0
2022-12-22,2.753999948501587,2.753999948501587,2.753999948501587,2.753999948501587,2.753999948501587,0
2022-12-23,2.753999948501587,2.753999948501587,2.753999948501587,2.753999948501587,2.753999948501587,0
2022-12-27,2.753999948501587,2.753999948501587,2.753999948501587,2.753999948501587,2.753999948501587,0
2022-12-28,2.753999948501587,2.753999948501587,2.753999948501587,2.753999948501587,2.753999948501587,0
2022-12-29,2.753999948501587,2.753999948501587,2.753999948501587,2.753999948501587,2.753999948501587,0
2022-12-30,2.753999948501587,2.753999948501587,2.753999948501587,2.753999948501587,2.753999948501587,0
2023-01-03,2.753999948501587,2.753999948501587,2.753999948501587,2.753999948501587,2.753999948501587,0
2023-01-04,2.753999948501587,2.753999948501587,2.753999948501587,2.753999948501587,2.753999948501587,0
2023-01-05,2.753999948501587,2.753999948501587,2.753999948501587,2.753999948501587,2.753999948501587,0
2023-01-06,2.753999948501587,2.753999948501587,2.753999948501587,2.753999948501587,2.753999948501587,0
2023-01-09,2.753999948501587,2.753999948501587,2.753999948501587,2.753999948501587,2.753999948501587,0
2023-01-10,2.753999948501587,2.753999948501587,2.753999948501587,2.753999948501587,2.753999948501587,0
2023-01-11,2.753999948501587,2.753999948501587,2.753999948501587,2.753999948501587,2.753999948501587,0
2023-01-12,2.753999948501587,2.753999948501587,2.753999948501587,2.753999948501587,2.753999948501587,0
2023-01-13,2.753999948501587,2.753999948501587,2.753999948501587,2.753999948501587,2.753999948501587,0
2023-01-17,2.753999948501587,2.753999948501587,2.753999948501587,2.753999948501587,2.753999948501587,0
2023-01-18,2.753999948501587,2.753999948501587,2.753999948501587,2.753999948501587,2.753999948501587,0
2023-01-19,2.753999948501587,2.753999948501587,2.753999948501587,2.753999948501587,2.753999948501587,0
2023-01-20,2.753999948501587,2.753999948501587,2.753999948501587,2.753999948501587,2.753999948501587,0
2023-01-23,2.753999948501587,2.753999948501587,2.753999948501587,2.753999948501587,2.753999948501587,0
2023-01-24,2.753999948501587,2.753999948501587,2.753999948501587,2.753999948501587,2.753999948501587,0
2023-01-25,2.753999948501587,2.753999948501587,2.753999948501587,2.753999948501587,2.753999948501587,0
2023-01-26,2.753999948501587,2.753999948501587,2.753999948501587,2.753999948501587,2.753999948501587,0
2023-01-27,2.753999948501587,2.753999948501587,2.753999948501587,2.753999948501587,2.753999948501587,0
2023-01-30,2.753999948501587,2.753999948501587,2.753999948501587,2.753999948501587,2.753999948501587,0
2023-01-31,2.753999948501587,2.753999948501587,2.753999948501587,2.753999948501587,2.753999948501587,0
2023-02-01,3.4679999351501465,3.4679999351501465,3.4000000953674316,3.4000000953674316,3.4000000953674316,59
2023-02-02,3.4000000953674316,3.4000000953674316,3.4000000953674316,3.4000000953674316,3.4000000953674316,0
2023-02-03,3.4000000953674316,3.4000000953674316,3.4000000953674316,3.4000000953674316,3.4000000953674316,0
2023-02-06,3.4000000953674316,3.4000000953674316,3.4000000953674316,3.4000000953674316,3.4000000953674316,29
2023-02-07,3.4000000953674316,3.4000000953674316,3.4000000953674316,3.4000000953674316,3.4000000953674316,0
2023-02-08,3.4000000953674316,3.4000000953674316,3.4000000953674316,3.4000000953674316,3.4000000953674316,0
2023-02-09,3.4000000953674316,3.4000000953674316,3.4000000953674316,3.4000000953674316,3.4000000953674316,0
2023-02-10,3.4000000953674316,3.4000000953674316,3.4000000953674316,3.4000000953674316,3.4000000953674316,0
2023-02-13,3.4000000953674316,3.4000000953674316,3.4000000953674316,3.4000000953674316,3.4000000953674316,0
2023-02-14,3.4000000953674316,3.4000000953674316,3.4000000953674316,3.4000000953674316,3.4000000953674316,0
2023-02-15,3.4000000953674316,3.4000000953674316,3.4000000953674316,3.4000000953674316,3.4000000953674316,0
2023-02-16,3.4000000953674316,3.4000000953674316,3.4000000953674316,3.4000000953674316,3.4000000953674316,120
2023-02-17,3.4000000953674316,3.4000000953674316,3.4000000953674316,3.4000000953674316,3.4000000953674316,0
2023-02-21,3.4000000953674316,3.4000000953674316,3.4000000953674316,3.4000000953674316,3.4000000953674316,0
2023-02-22,3.4000000953674316,3.4000000953674316,3.4000000953674316,3.4000000953674316,3.4000000953674316,0
2023-02-23,3.4000000953674316,3.4000000953674316,3.4000000953674316,3.4000000953674316,3.4000000953674316,0
2023-02-24,3.4000000953674316,3.4000000953674316,3.4000000953674316,3.4000000953674316,3.4000000953674316,0
2023-02-27,3.4000000953674316,3.4000000953674316,3.4000000953674316,3.4000000953674316,3.4000000953674316,0
2023-02-28,3.4000000953674316,3.4000000953674316,3.4000000953674316,3.4000000953674316,3.4000000953674316,0
2023-03-01,3.4000000953674316,3.4000000953674316,3.4000000953674316,3.4000000953674316,3.4000000953674316,0
2023-03-02,3.4000000953674316,3.4000000953674316,3.4000000953674316,3.4000000953674316,3.4000000953674316,0
2023-03-03,3.4000000953674316,3.4000000953674316,3.4000000953674316,3.4000000953674316,3.4000000953674316,0
2023-03-06,3.4000000953674316,3.4000000953674316,3.4000000953674316,3.4000000953674316,3.4000000953674316,0
2023-03-07,3.4000000953674316,3.4000000953674316,3.4000000953674316,3.4000000953674316,3.4000000953674316,0
2023-03-08,3.4000000953674316,3.4000000953674316,3.4000000953674316,3.4000000953674316,3.4000000953674316,0
2023-03-09,3.4000000953674316,3.4000000953674316,3.4000000953674316,3.4000000953674316,3.4000000953674316,0
2023-03-10,3.4000000953674316,3.4000000953674316,3.4000000953674316,3.4000000953674316,3.4000000953674316,0
2023-03-13,3.4000000953674316,3.4000000953674316,3.4000000953674316,3.4000000953674316,3.4000000953674316,0
2023-03-14,3.4000000953674316,3.4000000953674316,3.4000000953674316,3.4000000953674316,3.4000000953674316,0
2023-03-15,3.4000000953674316,3.4000000953674316,3.4000000953674316,3.4000000953674316,3.4000000953674316,0
2023-03-16,3.4000000953674316,3.4000000953674316,3.4000000953674316,3.4000000953674316,3.4000000953674316,0
2023-03-17,3.4000000953674316,3.4000000953674316,3.4000000953674316,3.4000000953674316,3.4000000953674316,0
2023-03-20,3.4000000953674316,3.4000000953674316,3.4000000953674316,3.4000000953674316,3.4000000953674316,0
2023-03-21,3.4000000953674316,3.4000000953674316,3.4000000953674316,3.4000000953674316,3.4000000953674316,0
2023-03-22,3.4000000953674316,3.4000000953674316,3.4000000953674316,3.4000000953674316,3.4000000953674316,0
2023-03-23,3.4000000953674316,3.4000000953674316,3.4000000953674316,3.4000000953674316,3.4000000953674316,29
2023-03-24,3.4000000953674316,3.4000000953674316,3.4000000953674316,3.4000000953674316,3.4000000953674316,0
2023-03-27,3.4000000953674316,3.4000000953674316,3.4000000953674316,3.4000000953674316,3.4000000953674316,0
2023-03-28,3.4000000953674316,3.4000000953674316,3.4000000953674316,3.4000000953674316,3.4000000953674316,0
2023-03-29,3.4000000953674316,3.4000000953674316,3.4000000953674316,3.4000000953674316,3.4000000953674316,0
2023-03-30,3.4000000953674316,3.4000000953674316,3.4000000953674316,3.4000000953674316,3.4000000953674316,29
2023-03-31,3.4000000953674316,3.4000000953674316,3.4000000953674316,3.4000000953674316,3.4000000953674316,0
2023-04-03,3.4000000953674316,3.4000000953674316,3.4000000953674316,3.4000000953674316,3.4000000953674316,0
2023-04-04,3.4000000953674316,3.4000000953674316,3.4000000953674316,3.4000000953674316,3.4000000953674316,0
2023-04-05,3.4000000953674316,3.4000000953674316,3.4000000953674316,3.4000000953674316,3.4000000953674316,0
2023-04-06,3.4000000953674316,3.4000000953674316,3.4000000953674316,3.4000000953674316,3.4000000953674316,0
2023-04-10,3.4000000953674316,3.4000000953674316,3.4000000953674316,3.4000000953674316,3.4000000953674316,0
2023-04-11,3.4000000953674316,3.4000000953674316,3.4000000953674316,3.4000000953674316,3.4000000953674316,0
2023-04-12,3.4000000953674316,3.4000000953674316,3.4000000953674316,3.4000000953674316,3.4000000953674316,0
2023-04-13,3.4000000953674316,3.4000000953674316,3.4000000953674316,3.4000000953674316,3.4000000953674316,0
2023-04-14,3.4000000953674316,3.4000000953674316,3.4000000953674316,3.4000000953674316,3.4000000953674316,0
2023-04-17,3.4000000953674316,3.4000000953674316,3.4000000953674316,3.4000000953674316,3.4000000953674316,0
2023-04-18,3.4000000953674316,3.4000000953674316,3.4000000953674316,3.4000000953674316,3.4000000953674316,0
2023-04-19,3.4000000953674316,3.4000000953674316,3.4000000953674316,3.4000000953674316,3.4000000953674316,0
2023-04-20,3.4000000953674316,3.4000000953674316,3.4000000953674316,3.4000000953674316,3.4000000953674316,0
2023-04-21,3.4000000953674316,3.4000000953674316,3.4000000953674316,3.4000000953674316,3.4000000953674316,0
2023-04-24,3.4000000953674316,3.4000000953674316,3.4000000953674316,3.4000000953674316,3.4000000953674316,0
2023-04-25,3.4000000953674316,3.4000000953674316,3.4000000953674316,3.4000000953674316,3.4000000953674316,0
2023-04-26,3.4000000953674316,3.4000000953674316,3.4000000953674316,3.4000000953674316,3.4000000953674316,0
2023-04-27,3.4000000953674316,3.4000000953674316,3.4000000953674316,3.4000000953674316,3.4000000953674316,0
2023-04-28,3.4000000953674316,3.4000000953674316,3.4000000953674316,3.4000000953674316,3.4000000953674316,0
2023-05-01,3.4000000953674316,3.4000000953674316,3.4000000953674316,3.4000000953674316,3.4000000953674316,0
2023-05-02,3.4000000953674316,3.4000000953674316,3.4000000953674316,3.4000000953674316,3.4000000953674316,0
2023-05-03,3.4000000953674316,3.4000000953674316,3.4000000953674316,3.4000000953674316,3.4000000953674316,0
2023-05-04,3.4000000953674316,3.4000000953674316,3.4000000953674316,3.4000000953674316,3.4000000953674316,0
2023-05-05,3.4000000953674316,3.4000000953674316,3.4000000953674316,3.4000000953674316,3.4000000953674316,0
2023-05-08,3.4000000953674316,3.4000000953674316,3.4000000953674316,3.4000000953674316,3.4000000953674316,0
2023-05-09,3.4000000953674316,3.4000000953674316,3.4000000953674316,3.4000000953674316,3.4000000953674316,0
2023-05-10,3.4000000953674316,3.4000000953674316,3.4000000953674316,3.4000000953674316,3.4000000953674316,0
2023-05-11,3.4000000953674316,3.4000000953674316,3.4000000953674316,3.4000000953674316,3.4000000953674316,0
2023-05-12,3.4000000953674316,3.4000000953674316,3.4000000953674316,3.4000000953674316,3.4000000953674316,0
2023-05-15,3.4000000953674316,3.4000000953674316,3.4000000953674316,3.4000000953674316,3.4000000953674316,0
2023-05-16,3.4000000953674316,3.4000000953674316,3.4000000953674316,3.4000000953674316,3.4000000953674316,0
2023-05-17,3.4000000953674316,3.4000000953674316,3.4000000953674316,3.4000000953674316,3.4000000953674316,0
2023-05-18,3.4000000953674316,3.4000000953674316,3.4000000953674316,3.4000000953674316,3.4000000953674316,0
2023-05-19,3.4000000953674316,3.4000000953674316,3.4000000953674316,3.4000000953674316,3.4000000953674316,0
2023-05-22,3.4000000953674316,3.4000000953674316,3.4000000953674316,3.4000000953674316,3.4000000953674316,0
2023-05-23,3.4000000953674316,3.4000000953674316,3.4000000953674316,3.4000000953674316,3.4000000953674316,0
2023-05-24,3.4000000953674316,3.4000000953674316,3.4000000953674316,3.4000000953674316,3.4000000953674316,0
2023-05-25,3.4000000953674316,3.4000000953674316,3.4000000953674316,3.4000000953674316,3.4000000953674316,0
2023-05-26,3.4000000953674316,3.4000000953674316,3.4000000953674316,3.4000000953674316,3.4000000953674316,0
2023-05-30,3.4000000953674316,3.4000000953674316,3.4000000953674316,3.4000000953674316,3.4000000953674316,0
2023-05-31,3.4000000953674316,3.4000000953674316,3.4000000953674316,3.4000000953674316,3.4000000953674316,0
2023-06-01,3.4000000953674316,3.4000000953674316,3.4000000953674316,3.4000000953674316,3.4000000953674316,0
2023-06-02,3.4000000953674316,3.4000000953674316,3.4000000953674316,3.4000000953674316,3.4000000953674316,0
2023-06-05,3.4000000953674316,3.4000000953674316,3.4000000953674316,3.4000000953674316,3.4000000953674316,0
2023-06-06,3.4000000953674316,3.4000000953674316,3.4000000953674316,3.4000000953674316,3.4000000953674316,74
2023-06-07,3.4000000953674316,3.4000000953674316,3.4000000953674316,3.4000000953674316,3.4000000953674316,0
2023-06-08,3.4000000953674316,3.4000000953674316,3.4000000953674316,3.4000000953674316,3.4000000953674316,0
2023-06-09,3.4000000953674316,3.4000000953674316,3.4000000953674316,3.4000000953674316,3.4000000953674316,0
2023-06-12,3.4000000953674316,3.4000000953674316,3.4000000953674316,3.4000000953674316,3.4000000953674316,0
2023-06-13,3.4000000953674316,3.4000000953674316,3.4000000953674316,3.4000000953674316,3.4000000953674316,0
2023-06-14,3.4000000953674316,3.4000000953674316,3.4000000953674316,3.4000000953674316,3.4000000953674316,0
2023-06-15,3.4000000953674316,3.4000000953674316,3.4000000953674316,3.4000000953674316,3.4000000953674316,0
2023-06-16,3.4000000953674316,3.4000000953674316,3.4000000953674316,3.4000000953674316,3.4000000953674316,0
2023-06-20,3.4000000953674316,3.4000000953674316,3.4000000953674316,3.4000000953674316,3.4000000953674316,0
2023-06-21,3.4000000953674316,3.4000000953674316,3.4000000953674316,3.4000000953674316,3.4000000953674316,0
2023-06-22,3.4000000953674316,3.4000000953674316,3.4000000953674316,3.4000000953674316,3.4000000953674316,0
2023-06-23,3.4000000953674316,3.4000000953674316,3.4000000953674316,3.4000000953674316,3.4000000953674316,0
2023-06-26,3.4000000953674316,3.4000000953674316,3.4000000953674316,3.4000000953674316,3.4000000953674316,0
2023-06-27,3.4000000953674316,3.4000000953674316,3.4000000953674316,3.4000000953674316,3.4000000953674316,0
2023-06-28,3.4000000953674316,3.4000000953674316,3.4000000953674316,3.4000000953674316,3.4000000953674316,0
2023-06-29,3.4000000953674316,3.4000000953674316,3.4000000953674316,3.4000000953674316,3.4000000953674316,0
2023-06-30,3.4000000953674316,3.4000000953674316,3.4000000953674316,3.4000000953674316,3.4000000953674316,0
2023-07-03,3.4000000953674316,3.4000000953674316,3.4000000953674316,3.4000000953674316,3.4000000953674316,0
2023-07-05,3.4000000953674316,3.4000000953674316,3.4000000953674316,3.4000000953674316,3.4000000953674316,0
2023-07-06,3.569999933242798,3.569999933242798,3.569999933242798,3.569999933242798,3.569999933242798,29
2023-07-07,3.569999933242798,3.569999933242798,3.569999933242798,3.569999933242798,3.569999933242798,0
2023-07-10,3.569999933242798,3.569999933242798,3.569999933242798,3.569999933242798,3.569999933242798,0
2023-07-11,3.569999933242798,3.569999933242798,3.569999933242798,3.569999933242798,3.569999933242798,0
2023-07-12,3.569999933242798,3.569999933242798,3.569999933242798,3.569999933242798,3.569999933242798,0
2023-07-13,3.569999933242798,3.569999933242798,3.569999933242798,3.569999933242798,3.569999933242798,0
2023-07-14,3.569999933242798,3.569999933242798,3.569999933242798,3.569999933242798,3.569999933242798,0
2023-07-17,3.569999933242798,3.569999933242798,3.569999933242798,3.569999933242798,3.569999933242798,0
2023-07-18,3.569999933242798,3.569999933242798,3.569999933242798,3.569999933242798,3.569999933242798,0
2023-07-19,3.569999933242798,3.569999933242798,3.569999933242798,3.569999933242798,3.569999933242798,0
2023-07-20,3.569999933242798,3.569999933242798,3.569999933242798,3.569999933242798,3.569999933242798,0
2023-07-21,3.569999933242798,3.569999933242798,3.569999933242798,3.569999933242798,3.569999933242798,0
2023-07-24,3.569999933242798,3.569999933242798,3.569999933242798,3.569999933242798,3.569999933242798,0
2023-07-25,3.569999933242798,3.569999933242798,3.569999933242798,3.569999933242798,3.569999933242798,0
2023-07-26,3.569999933242798,3.569999933242798,3.569999933242798,3.569999933242798,3.569999933242798,0
2023-07-27,3.569999933242798,3.569999933242798,3.569999933242798,3.569999933242798,3.569999933242798,0
2023-07-28,3.569999933242798,3.569999933242798,3.569999933242798,3.569999933242798,3.569999933242798,0
2023-07-31,3.569999933242798,3.569999933242798,3.569999933242798,3.569999933242798,3.569999933242798,0
2023-08-01,3.569999933242798,3.569999933242798,3.569999933242798,3.569999933242798,3.569999933242798,0
2023-08-02,3.569999933242798,3.569999933242798,3.569999933242798,3.569999933242798,3.569999933242798,0
2023-08-03,3.569999933242798,3.569999933242798,3.569999933242798,3.569999933242798,3.569999933242798,0
2023-08-04,3.569999933242798,3.569999933242798,3.569999933242798,3.569999933242798,3.569999933242798,0
2023-08-07,3.569999933242798,3.569999933242798,3.569999933242798,3.569999933242798,3.569999933242798,0
2023-08-08,3.569999933242798,3.569999933242798,3.569999933242798,3.569999933242798,3.569999933242798,0
2023-08-09,3.569999933242798,3.569999933242798,3.569999933242798,3.569999933242798,3.569999933242798,0
2023-08-10,3.569999933242798,3.569999933242798,3.569999933242798,3.569999933242798,3.569999933242798,0
2023-08-11,3.569999933242798,3.569999933242798,3.569999933242798,3.569999933242798,3.569999933242798,0
2023-08-14,3.569999933242798,3.569999933242798,3.569999933242798,3.569999933242798,3.569999933242798,0
2023-08-15,3.569999933242798,3.569999933242798,3.569999933242798,3.569999933242798,3.569999933242798,0
2023-08-16,3.569999933242798,3.569999933242798,3.569999933242798,3.569999933242798,3.569999933242798,0
2023-08-17,3.569999933242798,3.569999933242798,3.569999933242798,3.569999933242798,3.569999933242798,117
2023-08-18,3.569999933242798,3.569999933242798,3.569999933242798,3.569999933242798,3.569999933242798,0
2023-08-21,3.569999933242798,3.569999933242798,3.569999933242798,3.569999933242798,3.569999933242798,0
2023-08-22,5.099999904632568,9.248000144958496,5.099999904632568,5.099999904632568,5.099999904632568,59
2023-08-23,7.139999866485596,7.139999866485596,7.139999866485596,7.139999866485596,7.139999866485596,29
2023-08-24,10.199999809265137,12.579999923706055,10.199999809265137,12.579999923706055,12.579999923706055,582
2023-08-25,12.579999923706055,12.579999923706055,12.579999923706055,12.579999923706055,12.579999923706055,0
2023-08-28,17.034000396728516,23.59600067138672,17.034000396728516,17.034000396728516,17.034000396728516,88
2023-08-29,17.034000396728516,17.034000396728516,17.034000396728516,17.034000396728516,17.034000396728516,0
2023-08-30,17.034000396728516,17.034000396728516,17.034000396728516,17.034000396728516,17.034000396728516,0
2023-08-31,17.034000396728516,17.034000396728516,17.034000396728516,17.034000396728516,17.034000396728516,0
2023-09-01,17.034000396728516,17.034000396728516,17.034000396728516,17.034000396728516,17.034000396728516,0
2023-09-05,17.034000396728516,17.034000396728516,17.034000396728516,17.034000396728516,17.034000396728516,0
2023-09-06,17.034000396728516,17.034000396728516,17.034000396728516,17.034000396728516,17.034000396728516,0
2023-09-07,10.199999809265137,10.199999809265137,10.199999809265137,10.199999809265137,10.199999809265137,32
2023-09-08,44.20000076293945,45.04999923706055,44.20000076293945,45.04999923706055,45.04999923706055,135
2023-09-11,45.04999923706055,45.04999923706055,45.04999923706055,45.04999923706055,45.04999923706055,0
2023-09-12,45.04999923706055,45.04999923706055,45.04999923706055,45.04999923706055,45.04999923706055,0
2023-09-13,45.04999923706055,45.04999923706055,45.04999923706055,45.04999923706055,45.04999923706055,0
2023-09-14,45.04999923706055,45.04999923706055,45.04999923706055,45.04999923706055,45.04999923706055,0
2023-09-15,45.04999923706055,45.04999923706055,45.04999923706055,45.04999923706055,45.04999923706055,0
2023-09-18,88.4000015258789,88.4000015258789,74.80000305175781,74.80000305175781,74.80000305175781,139
2023-09-19,85.0,85.0,85.0,85.0,85.0,51
2023-09-20,91.80000305175781,91.80000305175781,91.80000305175781,91.80000305175781,91.80000305175781,85
2023-09-21,91.80000305175781,91.80000305175781,91.80000305175781,91.80000305175781,91.80000305175781,0
2023-09-22,91.80000305175781,91.80000305175781,91.80000305175781,91.80000305175781,91.80000305175781,0
2023-09-25,91.80000305175781,91.80000305175781,91.80000305175781,91.80000305175781,91.80000305175781,0
2023-09-26,91.80000305175781,91.80000305175781,91.80000305175781,91.80000305175781,91.80000305175781,0
2023-09-27,91.80000305175781,91.80000305175781,91.80000305175781,91.80000305175781,91.80000305175781,0
2023-09-28,91.80000305175781,91.80000305175781,91.80000305175781,91.80000305175781,91.80000305175781,0
2023-09-29,91.80000305175781,91.80000305175781,91.80000305175781,91.80000305175781,91.80000305175781,0
2023-10-02,91.80000305175781,91.80000305175781,91.80000305175781,91.80000305175781,91.80000305175781,0
2023-10-03,91.80000305175781,91.80000305175781,91.80000305175781,91.80000305175781,91.80000305175781,0
2023-10-04,91.80000305175781,91.80000305175781,91.80000305175781,91.80000305175781,91.80000305175781,0
2023-10-05,91.80000305175781,91.80000305175781,91.80000305175781,91.80000305175781,91.80000305175781,0
2023-10-06,91.80000305175781,91.80000305175781,91.80000305175781,91.80000305175781,91.80000305175781,0
2023-10-09,91.80000305175781,91.80000305175781,91.80000305175781,91.80000305175781,91.80000305175781,0
2023-10-10,91.80000305175781,91.80000305175781,91.80000305175781,91.80000305175781,91.80000305175781,0
2023-10-11,91.80000305175781,91.80000305175781,91.80000305175781,91.80000305175781,91.80000305175781,0
2023-10-12,91.80000305175781,91.80000305175781,91.80000305175781,91.80000305175781,91.80000305175781,0
2023-10-13,91.80000305175781,91.80000305175781,91.80000305175781,91.80000305175781,91.80000305175781,0
2023-10-16,88.4000015258789,88.4000015258789,88.4000015258789,88.4000015258789,88.4000015258789,29
2023-10-17,88.4000015258789,88.4000015258789,88.4000015258789,88.4000015258789,88.4000015258789,0
2023-10-18,88.4000015258789,88.4000015258789,88.4000015258789,88.4000015258789,88.4000015258789,0
2023-10-19,88.4000015258789,88.4000015258789,88.4000015258789,88.4000015258789,88.4000015258789,0
2023-10-20,88.4000015258789,88.4000015258789,88.4000015258789,88.4000015258789,88.4000015258789,0
2023-10-23,88.4000015258789,88.4000015258789,88.4000015258789,88.4000015258789,88.4000015258789,0
2023-10-24,88.4000015258789,88.4000015258789,88.4000015258789,88.4000015258789,88.4000015258789,0
2023-10-25,88.4000015258789,88.4000015258789,88.4000015258789,88.4000015258789,88.4000015258789,0
2023-10-26,88.4000015258789,88.4000015258789,88.4000015258789,88.4000015258789,88.4000015258789,0
2023-10-27,88.4000015258789,88.4000015258789,88.4000015258789,88.4000015258789,88.4000015258789,0
2023-10-30,88.4000015258789,88.4000015258789,88.4000015258789,88.4000015258789,88.4000015258789,0
2023-10-31,88.4000015258789,88.4000015258789,88.4000015258789,88.4000015258789,88.4000015258789,0
2023-11-01,88.4000015258789,88.4000015258789,88.4000015258789,88.4000015258789,88.4000015258789,0
2023-11-02,88.4000015258789,88.4000015258789,88.4000015258789,88.4000015258789,88.4000015258789,0
2023-11-03,88.4000015258789,88.4000015258789,88.4000015258789,88.4000015258789,88.4000015258789,0
2023-11-06,88.4000015258789,88.4000015258789,88.4000015258789,88.4000015258789,88.4000015258789,0
2023-11-07,88.4000015258789,88.4000015258789,88.4000015258789,88.4000015258789,88.4000015258789,0
2023-11-08,88.4000015258789,88.4000015258789,88.4000015258789,88.4000015258789,88.4000015258789,0
2023-11-09,88.4000015258789,88.4000015258789,88.4000015258789,88.4000015258789,88.4000015258789,0
2023-11-10,88.4000015258789,88.4000015258789,88.4000015258789,88.4000015258789,88.4000015258789,0
2023-11-13,88.4000015258789,88.4000015258789,88.4000015258789,88.4000015258789,88.4000015258789,0
2023-11-14,88.4000015258789,88.4000015258789,88.4000015258789,88.4000015258789,88.4000015258789,0
2023-11-15,88.4000015258789,88.4000015258789,88.4000015258789,88.4000015258789,88.4000015258789,0
2023-11-16,88.4000015258789,88.4000015258789,88.4000015258789,88.4000015258789,88.4000015258789,0
2023-11-17,88.4000015258789,88.4000015258789,88.4000015258789,88.4000015258789,88.4000015258789,0
2023-11-20,88.4000015258789,88.4000015258789,88.4000015258789,88.4000015258789,88.4000015258789,0
2023-11-21,88.4000015258789,88.4000015258789,88.4000015258789,88.4000015258789,88.4000015258789,0
2023-11-22,88.4000015258789,88.4000015258789,88.4000015258789,88.4000015258789,88.4000015258789,0
2023-11-24,88.4000015258789,88.4000015258789,88.4000015258789,88.4000015258789,88.4000015258789,0
2023-11-27,88.4000015258789,88.4000015258789,88.4000015258789,88.4000015258789,88.4000015258789,0
2023-11-28,88.4000015258789,88.4000015258789,88.4000015258789,88.4000015258789,88.4000015258789,0
2023-11-29,88.4000015258789,88.4000015258789,88.4000015258789,88.4000015258789,88.4000015258789,0
2023-11-30,88.4000015258789,88.4000015258789,88.4000015258789,88.4000015258789,88.4000015258789,0
2023-12-01,88.4000015258789,88.4000015258789,88.4000015258789,88.4000015258789,88.4000015258789,0
2023-12-04,88.4000015258789,88.4000015258789,88.4000015258789,88.4000015258789,88.4000015258789,0
2023-12-05,88.4000015258789,88.4000015258789,88.4000015258789,88.4000015258789,88.4000015258789,0
2023-12-06,88.4000015258789,88.4000015258789,88.4000015258789,88.4000015258789,88.4000015258789,0
2023-12-07,88.4000015258789,88.4000015258789,88.4000015258789,88.4000015258789,88.4000015258789,0
2023-12-08,88.4000015258789,88.4000015258789,88.4000015258789,88.4000015258789,88.4000015258789,0
2023-12-11,88.4000015258789,88.4000015258789,88.4000015258789,88.4000015258789,88.4000015258789,0
2023-12-12,88.4000015258789,88.4000015258789,88.4000015258789,88.4000015258789,88.4000015258789,0
2023-12-13,88.4000015258789,88.4000015258789,88.4000015258789,88.4000015258789,88.4000015258789,0
2023-12-14,88.4000015258789,88.4000015258789,88.4000015258789,88.4000015258789,88.4000015258789,0
2023-12-15,88.4000015258789,88.4000015258789,88.4000015258789,88.4000015258789,88.4000015258789,0
2023-12-18,88.4000015258789,88.4000015258789,88.4000015258789,88.4000015258789,88.4000015258789,0
2023-12-19,88.4000015258789,88.4000015258789,88.4000015258789,88.4000015258789,88.4000015258789,0
2023-12-20,88.4000015258789,88.4000015258789,88.4000015258789,88.4000015258789,88.4000015258789,0
2023-12-21,88.4000015258789,88.4000015258789,88.4000015258789,88.4000015258789,88.4000015258789,0
2023-12-22,88.4000015258789,88.4000015258789,88.4000015258789,88.4000015258789,88.4000015258789,0
2023-12-26,88.4000015258789,88.4000015258789,88.4000015258789,88.4000015258789,88.4000015258789,0
2023-12-27,43.349998474121094,43.349998474121094,38.08034133911133,38.08034133911133,38.08034133911133,88
2023-12-28,38.08034133911133,38.08034133911133,38.08034133911133,38.08034133911133,38.08034133911133,0
2023-12-29,38.08034133911133,38.08034133911133,38.08034133911133,38.08034133911133,38.08034133911133,0
2024-01-02,38.08034133911133,38.08034133911133,38.08034133911133,38.08034133911133,38.08034133911133,0
2024-01-03,38.08034133911133,38.08034133911133,38.08034133911133,38.08034133911133,38.08034133911133,0
2024-01-04,38.08034133911133,38.08034133911133,38.08034133911133,38.08034133911133,38.08034133911133,0
2024-01-05,38.08034133911133,38.08034133911133,38.08034133911133,38.08034133911133,38.08034133911133,0
2024-01-08,38.08034133911133,38.08034133911133,38.08034133911133,38.08034133911133,38.08034133911133,0
2024-01-09,38.08034133911133,38.08034133911133,38.08034133911133,38.08034133911133,38.08034133911133,0
2024-01-10,38.08034133911133,38.08034133911133,38.08034133911133,38.08034133911133,38.08034133911133,0
2024-01-11,38.08034133911133,38.08034133911133,38.08034133911133,38.08034133911133,38.08034133911133,0
2024-01-12,38.08034133911133,38.08034133911133,38.08034133911133,38.08034133911133,38.08034133911133,0
2024-01-16,38.08034133911133,38.08034133911133,38.08034133911133,38.08034133911133,38.08034133911133,0
2024-01-17,38.08034133911133,38.08034133911133,38.08034133911133,38.08034133911133,38.08034133911133,0
2024-01-18,38.08034133911133,38.08034133911133,38.08034133911133,38.08034133911133,38.08034133911133,0
2024-01-19,38.08034133911133,38.08034133911133,38.08034133911133,38.08034133911133,38.08034133911133,0
2024-01-22,51.0,51.0,51.0,51.0,51.0,29
2024-01-23,51.0,51.0,51.0,51.0,51.0,0
2024-01-24,51.0,51.0,51.0,51.0,51.0,0
2024-01-25,51.0,51.0,51.0,51.0,51.0,0
2024-01-26,51.0,51.0,51.0,51.0,51.0,0
2024-01-29,51.0,51.0,51.0,51.0,51.0,0
2024-01-30,51.0,51.0,51.0,51.0,51.0,0
2024-01-31,51.0,51.0,51.0,51.0,51.0,0
2024-02-01,51.0,51.0,51.0,51.0,51.0,0
2024-02-02,51.0,51.0,51.0,51.0,51.0,0
2024-02-05,51.0,51.0,51.0,51.0,51.0,0
2024-02-06,51.0,51.0,51.0,51.0,51.0,0
2024-02-07,51.0,51.0,51.0,51.0,51.0,0
2024-02-08,51.0,51.0,51.0,51.0,51.0,0
2024-02-09,51.0,51.0,51.0,51.0,51.0,0
2024-02-12,51.0,51.0,51.0,51.0,51.0,0
2024-02-13,51.0,51.0,51.0,51.0,51.0,0
2024-02-14,51.0,51.0,51.0,51.0,51.0,0
2024-02-15,51.0,51.0,51.0,51.0,51.0,0
2024-02-16,51.0,51.0,51.0,51.0,51.0,0
2024-02-20,51.0,51.0,51.0,51.0,51.0,0
2024-02-21,51.0,51.0,51.0,51.0,51.0,0
2024-02-22,51.0,51.0,51.0,51.0,51.0,0
2024-02-23,51.0,51.0,51.0,51.0,51.0,0
2024-02-26,51.0,51.0,51.0,51.0,51.0,0
2024-02-27,52.70000076293945,52.70000076293945,52.70000076293945,52.70000076293945,52.70000076293945,29
2024-02-28,52.70000076293945,52.70000076293945,52.70000076293945,52.70000076293945,52.70000076293945,0
2024-02-29,52.70000076293945,52.70000076293945,52.70000076293945,52.70000076293945,52.70000076293945,0
2024-03-01,52.70000076293945,52.70000076293945,52.70000076293945,52.70000076293945,52.70000076293945,0
2024-03-04,47.599998474121094,47.599998474121094,47.599998474121094,47.599998474121094,47.599998474121094,29
2024-03-05,47.599998474121094,47.599998474121094,47.599998474121094,47.599998474121094,47.599998474121094,0
2024-03-06,47.599998474121094,47.599998474121094,47.599998474121094,47.599998474121094,47.599998474121094,0
2024-03-07,47.599998474121094,47.599998474121094,47.599998474121094,47.599998474121094,47.599998474121094,0
2024-03-08,47.599998474121094,47.599998474121094,47.599998474121094,47.599998474121094,47.599998474121094,0
2024-03-11,47.599998474121094,47.599998474121094,47.599998474121094,47.599998474121094,47.599998474121094,0
2024-03-12,47.599998474121094,47.599998474121094,47.599998474121094,47.599998474121094,47.599998474121094,0
2024-03-13,47.599998474121094,47.599998474121094,47.599998474121094,47.599998474121094,47.599998474121094,0
2024-03-14,47.599998474121094,47.599998474121094,47.599998474121094,47.599998474121094,47.599998474121094,0
2024-03-15,47.599998474121094,47.599998474121094,47.599998474121094,47.599998474121094,47.599998474121094,0
2024-03-18,47.599998474121094,47.599998474121094,47.599998474121094,47.599998474121094,47.599998474121094,0
2024-03-19,47.599998474121094,47.599998474121094,47.599998474121094,47.599998474121094,47.599998474121094,43
2024-03-20,47.599998474121094,47.599998474121094,47.599998474121094,47.599998474121094,47.599998474121094,0
2024-03-21,47.599998474121094,47.599998474121094,47.599998474121094,47.599998474121094,47.599998474121094,0
2024-03-22,47.599998474121094,47.599998474121094,47.599998474121094,47.599998474121094,47.599998474121094,0
2024-03-25,47.599998474121094,47.599998474121094,47.599998474121094,47.599998474121094,47.599998474121094,0
2024-03-26,54.36600112915039,54.36600112915039,54.36600112915039,54.36600112915039,54.36600112915039,29
2024-03-27,54.36600112915039,54.36600112915039,54.36600112915039,54.36600112915039,54.36600112915039,0
2024-03-28,54.36600112915039,54.36600112915039,54.36600112915039,54.36600112915039,54.36600112915039,0
2024-04-01,54.36600112915039,54.36600112915039,54.36600112915039,54.36600112915039,54.36600112915039,0
2024-04-02,54.36600112915039,54.36600112915039,54.36600112915039,54.36600112915039,54.36600112915039,0
2024-04-03,54.36600112915039,54.36600112915039,54.36600112915039,54.36600112915039,54.36600112915039,0
2024-04-04,54.36600112915039,54.36600112915039,54.36600112915039,54.36600112915039,54.36600112915039,0
2024-04-05,54.36600112915039,54.36600112915039,54.36600112915039,54.36600112915039,54.36600112915039,0
2024-04-08,54.36600112915039,54.36600112915039,54.36600112915039,54.36600112915039,54.36600112915039,0
2024-04-09,54.36600112915039,54.36600112915039,54.36600112915039,54.36600112915039,54.36600112915039,0
2024-04-10,54.36600112915039,54.36600112915039,54.36600112915039,54.36600112915039,54.36600112915039,0
2024-04-11,54.36600112915039,54.36600112915039,54.36600112915039,54.36600112915039,54.36600112915039,0
2024-04-12,54.36600112915039,54.36600112915039,54.36600112915039,54.36600112915039,54.36600112915039,0
2024-04-15,54.36600112915039,54.36600112915039,54.36600112915039,54.36600112915039,54.36600112915039,0
2024-04-16,54.36600112915039,54.36600112915039,54.36600112915039,54.36600112915039,54.36600112915039,0
2024-04-17,54.36600112915039,54.36600112915039,54.36600112915039,54.36600112915039,54.36600112915039,0
2024-04-18,54.36600112915039,54.36600112915039,54.36600112915039,54.36600112915039,54.36600112915039,0
2024-04-19,54.36600112915039,54.36600112915039,54.36600112915039,54.36600112915039,54.36600112915039,0
2024-04-22,54.36600112915039,54.36600112915039,54.36600112915039,54.36600112915039,54.36600112915039,0
2024-04-23,54.36600112915039,54.36600112915039,54.36600112915039,54.36600112915039,54.36600112915039,0
2024-04-24,54.36600112915039,54.36600112915039,54.36600112915039,54.36600112915039,54.36600112915039,0
2024-04-25,54.36600112915039,54.36600112915039,54.36600112915039,54.36600112915039,54.36600112915039,0
2024-04-26,54.36600112915039,54.36600112915039,54.36600112915039,54.36600112915039,54.36600112915039,0
2024-04-29,54.36600112915039,54.36600112915039,54.36600112915039,54.36600112915039,54.36600112915039,0
2024-04-30,54.36600112915039,54.36600112915039,54.36600112915039,54.36600112915039,54.36600112915039,0
2024-05-01,54.36600112915039,54.36600112915039,54.36600112915039,54.36600112915039,54.36600112915039,0
2024-05-02,54.36600112915039,54.36600112915039,54.36600112915039,54.36600112915039,54.36600112915039,0
2024-05-03,108.80000305175781,108.80000305175781,81.94000244140625,81.94000244140625,81.94000244140625,17
2024-05-06,81.94000244140625,81.94000244140625,81.94000244140625,81.94000244140625,81.94000244140625,0
2024-05-07,81.94000244140625,81.94000244140625,81.94000244140625,81.94000244140625,81.94000244140625,0
2024-05-08,81.94000244140625,81.94000244140625,81.94000244140625,81.94000244140625,81.94000244140625,0
2024-05-09,81.94000244140625,81.94000244140625,81.94000244140625,81.94000244140625,81.94000244140625,0
2024-05-10,81.94000244140625,81.94000244140625,81.94000244140625,81.94000244140625,81.94000244140625,0
2024-05-13,81.94000244140625,81.94000244140625,81.94000244140625,81.94000244140625,81.94000244140625,0
2024-05-14,81.94000244140625,81.94000244140625,81.94000244140625,81.94000244140625,81.94000244140625,0
2024-05-15,81.94000244140625,81.94000244140625,81.94000244140625,81.94000244140625,81.94000244140625,0
2024-05-16,81.94000244140625,81.94000244140625,81.94000244140625,81.94000244140625,81.94000244140625,0
2024-05-17,81.94000244140625,81.94000244140625,81.94000244140625,81.94000244140625,81.94000244140625,0
2024-05-20,68.0,71.31500244140625,68.0,71.31500244140625,71.31500244140625,8
2024-05-21,71.31500244140625,71.31500244140625,71.31500244140625,71.31500244140625,71.31500244140625,0
2024-05-22,68.0,68.0,68.0,68.0,68.0,6
2024-05-23,68.0,68.0,68.0,68.0,68.0,0
2024-05-24,68.0,68.0,68.0,68.0,68.0,0
2024-05-28,68.0,68.0,68.0,68.0,68.0,0
2024-05-29,68.0,68.0,68.0,68.0,68.0,0
2024-05-30,68.0,68.0,68.0,68.0,68.0,0
2024-05-31,68.0,68.0,68.0,68.0,68.0,0
2024-06-03,68.0,68.0,68.0,68.0,68.0,0
2024-06-04,68.0,68.0,68.0,68.0,68.0,0
2024-06-05,68.0,68.0,68.0,68.0,68.0,0
2024-06-06,68.0,68.0,68.0,68.0,68.0,0
2024-06-07,68.0,68.0,68.0,68.0,68.0,0
2024-06-10,68.0,68.0,68.0,68.0,68.0,0
2024-06-11,68.0,68.0,68.0,68.0,68.0,0
2024-06-12,68.0,68.0,68.0,68.0,68.0,0
2024-06-13,68.0,68.0,68.0,68.0,68.0,0
2024-06-14,68.0,68.0,68.0,68.0,68.0,0
2024-06-17,68.0,68.0,68.0,68.0,68.0,0
2024-06-18,68.0,68.0,68.0,68.0,68.0,0
2024-06-20,51.0,51.0,51.0,51.0,51.0,2
2024-06-21,51.0,51.0,51.0,51.0,51.0,0
2024-06-24,51.0,51.0,51.0,51.0,51.0,0
2024-06-25,51.0,51.0,51.0,51.0,51.0,0
2024-06-26,41.13999938964844,41.13999938964844,41.13999938964844,41.13999938964844,41.13999938964844,11
2024-06-27,41.13999938964844,41.13999938964844,41.13999938964844,41.13999938964844,41.13999938964844,0
2024-06-28,41.13999938964844,41.13999938964844,41.13999938964844,41.13999938964844,41.13999938964844,6
2024-07-01,41.13999938964844,41.13999938964844,41.13999938964844,41.13999938964844,41.13999938964844,0
2024-07-02,41.13999938964844,41.13999938964844,41.13999938964844,41.13999938964844,41.13999938964844,0
2024-07-03,43.60499954223633,43.60499954223633,41.13999938964844,41.13999938964844,41.13999938964844,16
2024-07-05,41.13999938964844,41.13999938964844,41.13999938964844,41.13999938964844,41.13999938964844,0
2024-07-08,41.13999938964844,41.13999938964844,41.13999938964844,41.13999938964844,41.13999938964844,2
2024-07-09,41.13999938964844,41.13999938964844,41.13999938964844,41.13999938964844,41.13999938964844,0
2024-07-10,41.13999938964844,41.13999938964844,41.13999938964844,41.13999938964844,41.13999938964844,0
2024-07-11,41.13999938964844,41.13999938964844,41.13999938964844,41.13999938964844,41.13999938964844,0
2024-07-12,41.13999938964844,41.13999938964844,41.13999938964844,41.13999938964844,41.13999938964844,0
2024-07-15,41.13999938964844,41.13999938964844,41.13999938964844,41.13999938964844,41.13999938964844,3
2024-07-16,41.13999938964844,41.13999938964844,41.13999938964844,41.13999938964844,41.13999938964844,0
2024-07-17,41.13999938964844,41.13999938964844,41.13999938964844,41.13999938964844,41.13999938964844,0
2024-07-18,41.13999938964844,41.13999938964844,41.13999938964844,41.13999938964844,41.13999938964844,0
2024-07-19,41.13999938964844,41.13999938964844,41.13999938964844,41.13999938964844,41.13999938964844,0
2024-07-22,41.13999938964844,41.13999938964844,41.13999938964844,41.13999938964844,41.13999938964844,0
2024-07-23,41.13999938964844,41.13999938964844,41.13999938964844,41.13999938964844,41.13999938964844,0
2024-07-24,41.13999938964844,41.13999938964844,41.13999938964844,41.13999938964844,41.13999938964844,0
2024-07-25,41.13999938964844,41.13999938964844,41.13999938964844,41.13999938964844,41.13999938964844,0
2024-07-26,41.13999938964844,41.13999938964844,41.13999938964844,41.13999938964844,41.13999938964844,8
2024-07-29,48.959999084472656,48.959999084472656,48.959999084472656,48.959999084472656,48.959999084472656,5
2024-07-30,48.959999084472656,48.959999084472656,48.959999084472656,48.959999084472656,48.959999084472656,0
2024-07-31,49.29999923706055,66.30000305175781,49.29999923706055,66.30000305175781,66.30000305175781,11
2024-08-01,66.30000305175781,66.30000305175781,66.30000305175781,66.30000305175781,66.30000305175781,0
2024-08-02,41.13999938964844,41.13999938964844,37.400001525878906,37.400001525878906,37.400001525878906,10
2024-08-05,35.36000061035156,35.36000061035156,35.36000061035156,35.36000061035156,35.36000061035156,6
2024-08-06,35.36000061035156,35.36000061035156,35.36000061035156,35.36000061035156,35.36000061035156,0
2024-08-07,35.36000061035156,35.36000061035156,35.36000061035156,35.36000061035156,35.36000061035156,0
2024-08-08,35.36000061035156,35.36000061035156,35.36000061035156,35.36000061035156,35.36000061035156,0
2024-08-09,35.36000061035156,35.36000061035156,35.36000061035156,35.36000061035156,35.36000061035156,0
2024-08-12,35.36000061035156,35.36000061035156,35.36000061035156,35.36000061035156,35.36000061035156,0
2024-08-13,35.36000061035156,35.36000061035156,35.36000061035156,35.36000061035156,35.36000061035156,0
2024-08-14,49.29999923706055,49.29999923706055,49.29999923706055,49.29999923706055,49.29999923706055,5
2024-08-15,57.459999084472656,57.459999084472656,57.459999084472656,57.459999084472656,57.459999084472656,5
2024-08-16,58.13999938964844,61.20000076293945,41.13999938964844,41.13999938964844,41.13999938964844,18
2024-08-19,41.13999938964844,41.13999938964844,41.13999938964844,41.13999938964844,41.13999938964844,0
2024-08-20,68.0,68.0,54.400001525878906,54.400001525878906,54.400001525878906,8
2024-08-21,68.0,68.0,68.0,68.0,68.0,2
2024-08-22,68.0,76.16000366210938,68.0,76.16000366210938,76.16000366210938,14
2024-08-23,76.5,76.5,76.5,76.5,76.5,9
2024-08-26,76.5,76.5,76.5,76.5,76.5,0
2024-08-27,76.5,76.5,76.5,76.5,76.5,0
2024-08-28,76.5,76.5,76.5,76.5,76.5,0
2024-08-29,81.5999984741211,81.5999984741211,81.5999984741211,81.5999984741211,81.5999984741211,17
2024-08-30,90.0999984741211,95.54000091552734,90.0999984741211,95.54000091552734,95.54000091552734,23
2024-09-03,102.0,115.5999984741211,102.0,108.80000305175781,108.80000305175781,11
2024-09-04,115.5999984741211,115.5999984741211,98.5999984741211,98.5999984741211,98.5999984741211,17
2024-09-05,115.5999984741211,125.45999908447266,115.5999984741211,125.45999908447266,125.45999908447266,11
2024-09-06,125.45999908447266,125.80000305175781,125.45999908447266,125.80000305175781,125.80000305175781,5
2024-09-09,125.80000305175781,125.80000305175781,125.80000305175781,125.80000305175781,125.80000305175781,0
2024-09-10,125.80000305175781,125.80000305175781,125.80000305175781,125.80000305175781,125.80000305175781,0
2024-09-11,108.80000305175781,108.80000305175781,108.80000305175781,108.80000305175781,108.80000305175781,8
2024-09-12,108.80000305175781,108.80000305175781,108.80000305175781,108.80000305175781,108.80000305175781,0
2024-09-13,108.80000305175781,108.80000305175781,108.80000305175781,108.80000305175781,108.80000305175781,0
2024-09-16,108.80000305175781,108.80000305175781,108.80000305175781,108.80000305175781,108.80000305175781,9
2024-09-17,108.80000305175781,108.80000305175781,108.80000305175781,108.80000305175781,108.80000305175781,0
2024-09-18,108.80000305175781,108.80000305175781,108.80000305175781,108.80000305175781,108.80000305175781,0
2024-09-19,108.80000305175781,108.80000305175781,108.80000305175781,108.80000305175781,108.80000305175781,0
2024-09-20,108.80000305175781,108.80000305175781,108.80000305175781,108.80000305175781,108.80000305175781,0
2024-09-23,130.89999389648438,130.89999389648438,130.89999389648438,130.89999389648438,130.89999389648438,2
2024-09-24,130.89999389648438,130.89999389648438,130.89999389648438,130.89999389648438,130.89999389648438,0
2024-09-25,130.89999389648438,130.89999389648438,130.89999389648438,130.89999389648438,130.89999389648438,0
2024-09-26,130.89999389648438,130.89999389648438,130.89999389648438,130.89999389648438,130.89999389648438,0
2024-09-27,130.89999389648438,130.89999389648438,130.89999389648438,130.89999389648438,130.89999389648438,0
2024-09-30,158.7425994873047,158.7425994873047,131.24000549316406,131.24000549316406,131.24000549316406,9
2024-10-01,131.24000549316406,131.24000549316406,131.24000549316406,131.24000549316406,131.24000549316406,0
2024-10-02,131.24000549316406,131.24000549316406,131.24000549316406,131.24000549316406,131.24000549316406,0
2024-10-03,131.24000549316406,131.24000549316406,131.24000549316406,131.24000549316406,131.24000549316406,0
2024-10-04,131.24000549316406,131.24000549316406,131.24000549316406,131.24000549316406,131.24000549316406,0
2024-10-07,131.24000549316406,131.24000549316406,131.24000549316406,131.24000549316406,131.24000549316406,0
2024-10-08,131.24000549316406,131.24000549316406,131.24000549316406,131.24000549316406,131.24000549316406,0
2024-10-09,131.24000549316406,131.24000549316406,131.24000549316406,131.24000549316406,131.24000549316406,0
2024-10-10,131.24000549316406,131.24000549316406,131.24000549316406,131.24000549316406,131.24000549316406,0
2024-10-11,131.24000549316406,131.24000549316406,131.24000549316406,131.24000549316406,131.24000549316406,0
2024-10-14,131.24000549316406,131.24000549316406,131.24000549316406,131.24000549316406,131.24000549316406,0
2024-10-15,131.24000549316406,131.24000549316406,131.24000549316406,131.24000549316406,131.24000549316406,0
2024-10-16,160.47999572753906,160.47999572753906,160.47999572753906,160.47999572753906,160.47999572753906,5
2024-10-17,159.8000030517578,159.8000030517578,159.8000030517578,159.8000030517578,159.8000030517578,4
2024-10-18,159.8000030517578,159.8000030517578,159.8000030517578,159.8000030517578,159.8000030517578,0
2024-10-21,159.8000030517578,159.8000030517578,159.8000030517578,159.8000030517578,159.8000030517578,0
2024-10-22,159.8000030517578,159.8000030517578,159.8000030517578,159.8000030517578,159.8000030517578,0
2024-10-23,159.8000030517578,159.8000030517578,159.8000030517578,159.8000030517578,159.8000030517578,0
2024-10-24,159.8000030517578,159.8000030517578,159.8000030517578,159.8000030517578,159.8000030517578,0
2024-10-25,131.5800018310547,136.19039916992188,109.13999938964844,109.13999938964844,109.13999938964844,31
2024-10-28,102.0,102.0,92.13999938964844,92.13999938964844,92.13999938964844,5
2024-10-29,92.13999938964844,92.13999938964844,92.13999938964844,92.13999938964844,92.13999938964844,0
2024-10-30,92.13999938964844,92.13999938964844,92.13999938964844,92.13999938964844,92.13999938964844,0
2024-10-31,92.13999938964844,92.13999938964844,92.13999938964844,92.13999938964844,92.13999938964844,0
2024-11-01,92.13999938964844,92.13999938964844,92.13999938964844,92.13999938964844,92.13999938964844,0
2024-11-04,92.13999938964844,92.13999938964844,92.13999938964844,92.13999938964844,92.13999938964844,0
2024-11-05,92.13999938964844,92.13999938964844,92.13999938964844,92.13999938964844,92.13999938964844,0
2024-11-06,92.13999938964844,92.13999938964844,92.13999938964844,92.13999938964844,92.13999938964844,0
2024-11-07,92.13999938964844,92.13999938964844,92.13999938964844,92.13999938964844,92.13999938964844,0
2024-11-08,92.13999938964844,92.13999938964844,92.13999938964844,92.13999938964844,92.13999938964844,0
2024-11-11,92.13999938964844,92.13999938964844,92.13999938964844,92.13999938964844,92.13999938964844,0
2024-11-12,92.13999938964844,92.13999938964844,92.13999938964844,92.13999938964844,92.13999938964844,0
2024-11-13,92.13999938964844,92.13999938964844,92.13999938964844,92.13999938964844,92.13999938964844,0
2024-11-14,92.13999938964844,92.13999938964844,92.13999938964844,92.13999938964844,92.13999938964844,0
2024-11-15,92.13999938964844,92.13999938964844,92.13999938964844,92.13999938964844,92.13999938964844,0
2024-11-18,92.13999938964844,92.13999938964844,92.13999938964844,92.13999938964844,92.13999938964844,0
2024-11-19,92.13999938964844,92.13999938964844,92.13999938964844,92.13999938964844,92.13999938964844,0
2024-11-20,92.13999938964844,92.13999938964844,92.13999938964844,92.13999938964844,92.13999938964844,0
2024-11-21,92.13999938964844,92.13999938964844,92.13999938964844,92.13999938964844,92.13999938964844,0
2024-11-22,92.13999938964844,92.13999938964844,92.13999938964844,92.13999938964844,92.13999938964844,0
2024-11-25,92.13999938964844,92.13999938964844,92.13999938964844,92.13999938964844,92.13999938964844,0
2024-11-26,92.13999938964844,92.13999938964844,92.13999938964844,92.13999938964844,92.13999938964844,0
2024-11-27,92.13999938964844,92.13999938964844,92.13999938964844,92.13999938964844,92.13999938964844,0
2024-11-29,92.13999938964844,92.13999938964844,92.13999938964844,92.13999938964844,92.13999938964844,0
2024-12-02,92.13999938964844,92.13999938964844,92.13999938964844,92.13999938964844,92.13999938964844,0
2024-12-03,92.13999938964844,92.13999938964844,92.13999938964844,92.13999938964844,92.13999938964844,0
2024-12-04,92.13999938964844,92.13999938964844,92.13999938964844,92.13999938964844,92.13999938964844,0
2024-12-05,92.13999938964844,92.13999938964844,92.13999938964844,92.13999938964844,92.13999938964844,0
2024-12-06,92.13999938964844,92.13999938964844,92.13999938964844,92.13999938964844,92.13999938964844,0
2024-12-09,92.13999938964844,92.13999938964844,92.13999938964844,92.13999938964844,92.13999938964844,0
2024-12-10,92.13999938964844,92.13999938964844,92.13999938964844,92.13999938964844,92.13999938964844,0
2024-12-11,92.13999938964844,92.13999938964844,92.13999938964844,92.13999938964844,92.13999938964844,0
2024-12-12,92.13999938964844,92.13999938964844,92.13999938964844,92.13999938964844,92.13999938964844,0
2024-12-13,92.13999938964844,92.13999938964844,92.13999938964844,92.13999938964844,92.13999938964844,0
2024-12-16,92.13999938964844,92.13999938964844,92.13999938964844,92.13999938964844,92.13999938964844,0
2024-12-17,92.13999938964844,92.13999938964844,92.13999938964844,92.13999938964844,92.13999938964844,0
2024-12-18,92.13999938964844,92.13999938964844,92.13999938964844,92.13999938964844,92.13999938964844,0
2024-12-19,92.13999938964844,92.13999938964844,92.13999938964844,92.13999938964844,92.13999938964844,0
2024-12-20,92.13999938964844,92.13999938964844,92.13999938964844,92.13999938964844,92.13999938964844,0
2024-12-23,92.13999938964844,92.13999938964844,92.13999938964844,92.13999938964844,92.13999938964844,0
2024-12-24,92.13999938964844,92.13999938964844,92.13999938964844,92.13999938964844,92.13999938964844,0
2024-12-26,92.13999938964844,92.13999938964844,92.13999938964844,92.13999938964844,92.13999938964844,0
2024-12-27,65.95999908447266,65.95999908447266,65.95999908447266,65.95999908447266,65.95999908447266,2
2024-12-30,65.95999908447266,65.95999908447266,65.95999908447266,65.95999908447266,65.95999908447266,0
2024-12-31,65.95999908447266,65.95999908447266,65.95999908447266,65.95999908447266,65.95999908447266,0
2025-01-02,65.95999908447266,65.95999908447266,65.95999908447266,65.95999908447266,65.95999908447266,0
2025-01-03,65.95999908447266,65.95999908447266,65.95999908447266,65.95999908447266,65.95999908447266,0
2025-01-06,65.62000274658203,65.62000274658203,65.62000274658203,65.62000274658203,65.62000274658203,2
2025-01-07,65.62000274658203,65.62000274658203,65.62000274658203,65.62000274658203,65.62000274658203,0
2025-01-08,65.62000274658203,65.62000274658203,65.62000274658203,65.62000274658203,65.62000274658203,0
2025-01-10,65.62000274658203,65.62000274658203,65.62000274658203,65.62000274658203,65.62000274658203,0
2025-01-13,65.62000274658203,65.62000274658203,65.62000274658203,65.62000274658203,65.62000274658203,0
2025-01-14,49.63999938964844,49.63999938964844,49.63999938964844,49.63999938964844,49.63999938964844,2
2025-01-15,49.63999938964844,49.63999938964844,49.63999938964844,49.63999938964844,49.63999938964844,0
2025-01-16,49.63999938964844,49.63999938964844,49.63999938964844,49.63999938964844,49.63999938964844,0
2025-01-17,49.63999938964844,49.63999938964844,49.63999938964844,49.63999938964844,49.63999938964844,0
2025-01-21,49.63999938964844,49.63999938964844,49.63999938964844,49.63999938964844,49.63999938964844,0
2025-01-22,49.63999938964844,49.63999938964844,49.63999938964844,49.63999938964844,49.63999938964844,3
2025-01-23,49.63999938964844,49.63999938964844,49.63999938964844,49.63999938964844,49.63999938964844,0
2025-01-24,55.93000030517578,55.93000030517578,55.93000030517578,55.93000030517578,55.93000030517578,2
2025-01-27,55.93000030517578,55.93000030517578,55.93000030517578,55.93000030517578,55.93000030517578,0
2025-01-28,55.93000030517578,55.93000030517578,55.93000030517578,55.93000030517578,55.93000030517578,0
2025-01-29,55.93000030517578,55.93000030517578,55.93000030517578,55.93000030517578,55.93000030517578,3
2025-01-30,55.93000030517578,55.93000030517578,55.93000030517578,55.93000030517578,55.93000030517578,0
2025-01-31,46.2400016784668,48.07600021362305,46.2400016784668,48.07600021362305,48.07600021362305,12
2025-02-03,48.07600021362305,48.07600021362305,48.07600021362305,48.07600021362305,48.07600021362305,0
2025-02-04,44.540000915527344,44.540000915527344,44.540000915527344,44.540000915527344,44.540000915527344,6
2025-02-05,44.540000915527344,44.540000915527344,44.540000915527344,44.540000915527344,44.540000915527344,8
2025-02-06,44.540000915527344,44.540000915527344,44.540000915527344,44.540000915527344,44.540000915527344,0
2025-02-07,44.540000915527344,52.70000076293945,44.540000915527344,52.70000076293945,52.70000076293945,7
2025-02-10,52.70000076293945,52.70000076293945,52.70000076293945,52.70000076293945,52.70000076293945,0
2025-02-11,41.47999954223633,41.47999954223633,37.060001373291016,37.060001373291016,37.060001373291016,5
2025-02-12,37.060001373291016,37.060001373291016,37.060001373291016,37.060001373291016,37.060001373291016,0
2025-02-13,31.28339958190918,49.130001068115234,31.28339958190918,49.130001068115234,49.130001068115234,12
2025-02-14,49.130001068115234,49.130001068115234,49.130001068115234,49.130001068115234,49.130001068115234,0
2025-02-18,31.28339958190918,34.34000015258789,31.28339958190918,34.34000015258789,34.34000015258789,12
2025-02-19,34.34000015258789,34.34000015258789,34.34000015258789,34.34000015258789,34.34000015258789,0
2025-02-20,34.34000015258789,34.34000015258789,34.34000015258789,34.34000015258789,34.34000015258789,0
2025-02-21,39.099998474121094,39.099998474121094,39.099998474121094,39.099998474121094,39.099998474121094,5
2025-02-24,39.099998474121094,39.099998474121094,39.099998474121094,39.099998474121094,39.099998474121094,0
2025-02-25,39.099998474121094,39.099998474121094,39.099998474121094,39.099998474121094,39.099998474121094,5
2025-02-26,39.099998474121094,39.099998474121094,39.099998474121094,39.099998474121094,39.099998474121094,0
2025-02-27,39.099998474121094,39.099998474121094,39.099998474121094,39.099998474121094,39.099998474121094,0
2025-02-28,41.582000732421875,41.582000732421875,41.582000732421875,41.582000732421875,41.582000732421875,5
2025-03-03,41.582000732421875,41.582000732421875,41.582000732421875,41.582000732421875,41.582000732421875,0
2025-03-04,63.91999816894531,63.91999816894531,63.91999816894531,63.91999816894531,63.91999816894531,11
2025-03-05,42.5,42.5,42.5,42.5,42.5,5
2025-03-06,42.5,42.5,42.5,42.5,42.5,0
2025-03-07,45.900001525878906,45.900001525878906,45.900001525878906,45.900001525878906,45.900001525878906,5
2025-03-10,45.900001525878906,45.900001525878906,45.900001525878906,45.900001525878906,45.900001525878906,0
2025-03-11,42.5,42.5,40.79999923706055,40.79999923706055,40.79999923706055,7
2025-03-12,40.79999923706055,40.79999923706055,40.79999923706055,40.79999923706055,40.79999923706055,0
2025-03-13,40.79999923706055,40.79999923706055,40.79999923706055,40.79999923706055,40.79999923706055,0
2025-03-14,45.04999923706055,45.04999923706055,34.0,34.0,34.0,5
2025-03-17,34.0,34.0,34.0,34.0,34.0,0
2025-03-18,35.70000076293945,59.92499923706055,35.70000076293945,35.70000076293945,35.70000076293945,12
2025-03-19,35.70000076293945,35.70000076293945,35.70000076293945,35.70000076293945,35.70000076293945,0
2025-03-20,35.70000076293945,35.70000076293945,35.70000076293945,35.70000076293945,35.70000076293945,0
2025-03-21,44.20000076293945,61.20000076293945,44.20000076293945,61.20000076293945,61.20000076293945,16
2025-03-24,61.20000076293945,61.20000076293945,61.20000076293945,61.20000076293945,61.20000076293945,56
2025-03-25,61.52640151977539,61.52640151977539,61.20000076293945,61.3223991394043,61.3223991394043,122
2025-03-26,61.3223991394043,61.3223991394043,61.3223991394043,61.3223991394043,61.3223991394043,0
2025-03-27,61.3223991394043,61.3223991394043,61.3223991394043,61.3223991394043,61.3223991394043,0
2025-03-28,61.3223991394043,61.3223991394043,61.3223991394043,61.3223991394043,61.3223991394043,0
2025-03-31,61.3223991394043,61.3223991394043,61.3223991394043,61.3223991394043,61.3223991394043,0
2025-04-01,61.3223991394043,61.3223991394043,61.3223991394043,61.3223991394043,61.3223991394043,0
2025-04-02,51.0,51.0,51.0,51.0,51.0,8
2025-04-03,51.0,51.0,51.0,51.0,51.0,0
2025-04-04,51.0,51.0,51.0,51.0,51.0,0
2025-04-07,57.79999923706055,59.84000015258789,57.79999923706055,57.79999923706055,57.79999923706055,139
2025-04-08,57.79999923706055,57.79999923706055,57.79999923706055,57.79999923706055,57.79999923706055,26
2025-04-09,58.904998779296875,58.904998779296875,57.79999923706055,57.79999923706055,57.79999923706055,120
2025-04-10,57.79999923706055,57.79999923706055,57.79999923706055,57.79999923706055,57.79999923706055,0
2025-04-11,57.79999923706055,57.79999923706055,57.79999923706055,57.79999923706055,57.79999923706055,0
2025-04-14,57.79999923706055,57.79999923706055,57.79999923706055,57.79999923706055,57.79999923706055,0
2025-04-15,57.79999923706055,57.79999923706055,57.79999923706055,57.79999923706055,57.79999923706055,0
2025-04-16,57.79999923706055,57.79999923706055,57.79999923706055,57.79999923706055,57.79999923706055,0
2025-04-17,57.79999923706055,57.79999923706055,57.79999923706055,57.79999923706055,57.79999923706055,0
2025-04-21,59.5,59.5,59.5,59.5,59.5,58
2025-04-22,59.5,59.5,59.5,59.5,59.5,0
2025-04-23,68.0,68.0,64.5999984741211,64.5999984741211,64.5999984741211,121
2025-04-24,64.5999984741211,64.5999984741211,64.5999984741211,64.5999984741211,64.5999984741211,0
2025-04-25,64.5999984741211,64.5999984741211,64.5999984741211,64.5999984741211,64.5999984741211,59
2025-04-28,64.5999984741211,64.5999984741211,64.5999984741211,64.5999984741211,64.5999984741211,0
2025-04-29,64.5999984741211,64.5999984741211,64.5999984741211,64.5999984741211,64.5999984741211,0
2025-04-30,68.0,68.0,68.0,68.0,68.0,44
2025-05-01,68.0,68.0,68.0,68.0,68.0,0
2025-05-02,68.0,68.0,68.0,68.0,68.0,0
2025-05-05,68.0,68.0,68.0,68.0,68.0,0
2025-05-06,78.19999694824219,78.19999694824219,78.19999694824219,78.19999694824219,78.19999694824219,6
2025-05-07,78.19999694824219,78.19999694824219,78.19999694824219,78.19999694824219,78.19999694824219,0
2025-05-08,78.54000091552734,78.54000091552734,78.54000091552734,78.54000091552734,78.54000091552734,14
2025-05-09,80.41000366210938,80.41000366210938,80.41000366210938,80.41000366210938,80.41000366210938,9
2025-05-12,80.41000366210938,80.41000366210938,80.41000366210938,80.41000366210938,80.41000366210938,0
2025-05-13,80.58000183105469,80.58000183105469,80.58000183105469,80.58000183105469,80.58000183105469,29
2025-05-14,80.58000183105469,80.58000183105469,80.58000183105469,80.58000183105469,80.58000183105469,0
2025-05-15,81.5999984741211,85.0,81.5999984741211,85.0,85.0,17
2025-05-16,85.0,85.0,85.0,85.0,85.0,0
2025-05-19,85.0,85.0,85.0,85.0,85.0,0
2025-05-20,85.0,85.0,85.0,85.0,85.0,14
2025-05-21,85.0,85.0,85.0,85.0,85.0,0
2025-05-22,85.0,85.0,85.0,85.0,85.0,0
2025-05-23,85.0,86.83599853515625,85.0,86.69999694824219,86.69999694824219,76
2025-05-27,86.69999694824219,86.69999694824219,86.69999694824219,86.69999694824219,86.69999694824219,0
2025-05-28,86.69999694824219,86.69999694824219,86.69999694824219,86.69999694824219,86.69999694824219,0
2025-05-29,90.0999984741211,90.0999984741211,86.69999694824219,86.69999694824219,86.69999694824219,11
2025-05-30,98.94000244140625,98.94000244140625,98.94000244140625,98.94000244140625,98.94000244140625,3
2025-06-02,98.94000244140625,100.30000305175781,86.69999694824219,86.69999694824219,86.69999694824219,36
2025-06-03,86.69999694824219,86.69999694824219,86.69999694824219,86.69999694824219,86.69999694824219,0
2025-06-04,86.69999694824219,88.04640197753906,86.69999694824219,88.04640197753906,88.04640197753906,47
2025-06-05,88.04640197753906,88.04640197753906,88.04640197753906,88.04640197753906,88.04640197753906,0
2025-06-06,88.04640197753906,88.04640197753906,88.04640197753906,88.04640197753906,88.04640197753906,0
2025-06-09,87.72000122070312,87.72000122070312,87.72000122070312,87.72000122070312,87.72000122070312,29
2025-06-10,87.72000122070312,87.72000122070312,87.72000122070312,87.72000122070312,87.72000122070312,0
2025-06-11,87.72000122070312,90.2699966430664,87.72000122070312,88.94400024414062,88.94400024414062,51
2025-06-12,88.94400024414062,88.94400024414062,88.94400024414062,88.94400024414062,88.94400024414062,0
2025-06-13,88.94400024414062,88.94400024414062,88.94400024414062,88.94400024414062,88.94400024414062,0
2025-06-16,90.44000244140625,90.44000244140625,89.08000183105469,89.08000183105469,89.08000183105469,58
2025-06-17,88.4000015258789,88.4000015258789,88.4000015258789,88.4000015258789,88.4000015258789,25
2025-06-18,88.4000015258789,88.4000015258789,88.4000015258789,88.4000015258789,88.4000015258789,0
2025-06-20,88.4000015258789,88.8759994506836,81.94000244140625,85.0,85.0,48
2025-06-23,85.0,85.0,85.0,85.0,85.0,0
2025-06-24,97.91999816894531,97.91999816894531,97.91999816894531,97.91999816894531,97.91999816894531,3
2025-06-25,97.91999816894531,97.91999816894531,97.91999816894531,97.91999816894531,97.91999816894531,0
2025-06-26,97.91999816894531,97.91999816894531,97.91999816894531,97.91999816894531,97.91999816894531,0
2025-06-27,97.91999816894531,97.91999816894531,97.91999816894531,97.91999816894531,97.91999816894531,0
2025-06-30,97.91999816894531,97.91999816894531,97.91999816894531,97.91999816894531,97.91999816894531,0
2025-07-01,149.60000610351562,149.60000610351562,90.44000244140625,90.44000244140625,90.44000244140625,15
2025-07-02,101.40499877929688,101.40499877929688,85.0,85.0,85.0,13
2025-07-03,85.0,85.0,85.0,85.0,85.0,0
2025-07-07,85.0,85.0,85.0,85.0,85.0,0
2025-07-08,85.0,85.0,85.0,85.0,85.0,0
2025-07-09,98.5999984741211,98.5999984741211,98.5999984741211,98.5999984741211,98.5999984741211,5
2025-07-10,98.5999984741211,98.5999984741211,98.5999984741211,98.5999984741211,98.5999984741211,0
2025-07-11,98.94000244140625,98.94000244140625,98.94000244140625,98.94000244140625,98.94000244140625,44
2025-07-14,98.94000244140625,98.94000244140625,98.94000244140625,98.94000244140625,98.94000244140625,0
2025-07-15,98.94000244140625,98.94000244140625,98.94000244140625,98.94000244140625,98.94000244140625,0
2025-07-16,98.94000244140625,98.94000244140625,98.94000244140625,98.94000244140625,98.94000244140625,0
2025-07-17,148.9199981689453,148.9199981689453,148.9199981689453,148.9199981689453,148.9199981689453,3
2025-07-18,148.9199981689453,148.9199981689453,148.9199981689453,148.9199981689453,148.9199981689453,0
2025-07-21,98.5999984741211,98.5999984741211,98.5999984741211,98.5999984741211,98.5999984741211,5
2025-07-22,98.5999984741211,98.5999984741211,98.5999984741211,98.5999984741211,98.5999984741211,0
2025-07-23,98.5999984741211,116.44999694824219,90.77999877929688,116.44999694824219,116.44999694824219,15
2025-07-24,116.27999877929688,116.27999877929688,116.27999877929688,116.27999877929688,116.27999877929688,15
2025-07-25,116.27999877929688,116.27999877929688,116.27999877929688,116.27999877929688,116.27999877929688,0
2025-07-28,102.0,102.0,102.0,102.0,102.0,5
2025-07-29,102.0,102.0,102.0,102.0,102.0,0
2025-07-30,102.0,102.0,51.0,102.0,102.0,17
2025-07-31,102.0,102.0,102.0,102.0,102.0,0
2025-08-01,102.8499984741211,102.8499984741211,102.8499984741211,102.8499984741211,102.8499984741211,5
2025-08-04,102.8499984741211,102.8499984741211,95.19999694824219,96.9000015258789,96.9000015258789,12
2025-08-05,96.9000015258789,96.9000015258789,96.9000015258789,96.9000015258789,96.9000015258789,0
2025-08-06,96.9000015258789,96.9000015258789,96.9000015258789,96.9000015258789,96.9000015258789,0
2025-08-07,76.5,76.5,76.5,76.5,76.5,9
2025-08-08,68.33999633789062,68.33999633789062,68.33999633789062,68.33999633789062,68.33999633789062,7
2025-08-11,68.33999633789062,68.33999633789062,68.33999633789062,68.33999633789062,68.33999633789062,0
2025-08-12,68.68000030517578,68.68000030517578,68.0,68.0,68.0,9
2025-08-13,68.0,68.0,68.0,68.0,68.0,0
2025-08-14,61.20000076293945,61.20000076293945,61.20000076293945,61.20000076293945,61.20000076293945,8
2025-08-15,61.20000076293945,61.20000076293945,61.20000076293945,61.20000076293945,61.20000076293945,0
2025-08-18,61.20000076293945,61.20000076293945,61.20000076293945,61.20000076293945,61.20000076293945,0
2025-08-19,61.880001068115234,69.69999694824219,61.880001068115234,69.69999694824219,69.69999694824219,13
2025-08-20,69.69999694824219,69.69999694824219,69.69999694824219,69.69999694824219,69.69999694824219,0
2025-08-21,74.80000305175781,74.80000305175781,74.80000305175781,74.80000305175781,74.80000305175781,3
2025-08-22,74.80000305175781,74.80000305175781,74.80000305175781,74.80000305175781,74.80000305175781,0
2025-08-25,68.0,68.0,60.52000045776367,60.52000045776367,60.52000045776367,5
2025-08-26,54.400001525878906,57.459999084472656,54.400001525878906,57.459999084472656,57.459999084472656,7
2025-08-27,61.20000076293945,68.0,61.20000076293945,68.0,68.0,7
2025-08-28,68.0,68.0,68.0,68.0,68.0,0
2025-08-29,68.0,68.0,68.0,68.0,68.0,0
2025-09-02,68.0,68.0,68.0,68.0,68.0,0
2025-09-03,55.895999908447266,55.895999908447266,55.895999908447266,55.895999908447266,55.895999908447266,7
2025-09-04,55.895999908447266,55.895999908447266,55.895999908447266,55.895999908447266,55.895999908447266,0
2025-09-05,55.895999908447266,55.895999908447266,55.895999908447266,55.895999908447266,55.895999908447266,0
2025-09-08,55.895999908447266,55.895999908447266,55.895999908447266,55.895999908447266,55.895999908447266,0
2025-09-09,55.895999908447266,55.895999908447266,55.895999908447266,55.895999908447266,55.895999908447266,0
2025-09-10,55.895999908447266,55.895999908447266,55.895999908447266,55.895999908447266,55.895999908447266,0
2025-09-11,52.70000076293945,52.70000076293945,52.70000076293945,52.70000076293945,52.70000076293945,7
2025-09-12,52.70000076293945,52.70000076293945,52.70000076293945,52.70000076293945,52.70000076293945,0
2025-09-15,52.70000076293945,52.70000076293945,52.70000076293945,52.70000076293945,52.70000076293945,0
2025-09-16,52.70000076293945,52.70000076293945,45.900001525878906,45.900001525878906,45.900001525878906,5
2025-09-17,45.900001525878906,45.900001525878906,45.900001525878906,45.900001525878906,45.900001525878906,0
2025-09-18,40.79999923706055,84.66000366210938,35.36000061035156,79.22000122070312,79.22000122070312,85
2025-09-19,79.22000122070312,79.22000122070312,79.22000122070312,79.22000122070312,79.22000122070312,0
2025-09-22,79.22000122070312,79.22000122070312,79.22000122070312,79.22000122070312,79.22000122070312,0
2025-09-23,79.22000122070312,79.22000122070312,79.22000122070312,79.22000122070312,79.22000122070312,0
2025-09-24,79.22000122070312,79.22000122070312,79.22000122070312,79.22000122070312,79.22000122070312,0
2025-09-25,79.22000122070312,79.22000122070312,79.22000122070312,79.22000122070312,79.22000122070312,0
2025-09-26,79.22000122070312,79.22000122070312,79.22000122070312,79.22000122070312,79.22000122070312,0
2025-09-29,79.22000122070312,79.22000122070312,79.22000122070312,79.22000122070312,79.22000122070312,0
2025-09-30,79.22000122070312,79.22000122070312,79.22000122070312,79.22000122070312,79.22000122070312,0
2025-10-01,79.22000122070312,79.22000122070312,79.22000122070312,79.22000122070312,79.22000122070312,0
2025-10-02,79.22000122070312,79.22000122070312,79.22000122070312,79.22000122070312,79.22000122070312,0
2025-10-03,79.22000122070312,79.22000122070312,79.22000122070312,79.22000122070312,79.22000122070312,0
2025-10-06,79.22000122070312,79.22000122070312,79.22000122070312,79.22000122070312,79.22000122070312,0
2025-10-07,15.0,15.0,15.0,15.0,15.0,1394
2025-10-08,15.0,15.0,15.0,15.0,15.0,0
2025-10-09,15.0,15.0,15.0,15.0,15.0,0
2025-10-10,15.0,15.0,15.0,15.0,15.0,0
2025-10-13,15.0,15.0,15.0,15.0,15.0,0
2025-10-14,15.0,15.0,15.0,15.0,15.0,0
2025-10-15,10.416399955749512,10.416399955749512,10.416399955749512,10.416399955749512,10.416399955749512,128
2025-10-16,10.416399955749512,10.416399955749512,10.416399955749512,10.416399955749512,10.416399955749512,0
2025-10-17,15.5,16.700000762939453,14.899999618530273,15.5,15.5,393
2025-10-20,17.700000762939453,18.0,17.700000762939453,18.0,18.0,277
2025-10-21,18.0,18.0,18.0,18.0,18.0,0
2025-10-22,16.989999771118164,17.0,16.989999771118164,17.0,17.0,216
2025-10-23,17.0,17.0,17.0,17.0,17.0,0
2025-10-24,17.0,17.0,17.0,17.0,17.0,0
2025-10-27,17.0,17.0,17.0,17.0,17.0,0
2025-10-28,17.0,17.0,17.0,17.0,17.0,0
2025-10-29,17.0,17.0,17.0,17.0,17.0,0
2025-10-30,17.0,17.0,17.0,17.0,17.0,0
2025-10-31,17.0,17.0,17.0,17.0,17.0,0
2025-11-03,17.0,17.0,17.0,17.0,17.0,0
2025-11-04,17.0,17.0,17.0,17.0,17.0,0
2025-11-05,17.0,17.0,17.0,17.0,17.0,0
2025-11-06,17.0,17.0,17.0,17.0,17.0,0
2025-11-07,18.360000610351562,18.360000610351562,18.360000610351562,18.360000610351562,18.360000610351562,104
2025-11-10,18.360000610351562,18.360000610351562,18.360000610351562,18.360000610351562,18.360000610351562,0
2025-11-11,18.360000610351562,18.360000610351562,18.360000610351562,18.360000610351562,18.360000610351562,0
2025-11-12,18.360000610351562,18.360000610351562,18.360000610351562,18.360000610351562,18.360000610351562,0
2025-11-13,18.360000610351562,18.360000610351562,18.360000610351562,18.360000610351562,18.360000610351562,0
2025-11-14,18.360000610351562,18.360000610351562,18.360000610351562,18.360000610351562,18.360000610351562,0
2025-11-17,18.360000610351562,18.360000610351562,18.360000610351562,18.360000610351562,18.360000610351562,0
2025-11-18,18.360000610351562,18.360000610351562,18.360000610351562,18.360000610351562,18.360000610351562,0
2025-11-19,18.360000610351562,18.360000610351562,18.360000610351562,18.360000610351562,18.360000610351562,0
2025-11-20,18.360000610351562,18.360000610351562,18.360000610351562,18.360000610351562,18.360000610351562,0
2025-11-21,18.360000610351562,18.360000610351562,18.360000610351562,18.360000610351562,18.360000610351562,0
2025-11-24,18.360000610351562,18.360000610351562,18.360000610351562,18.360000610351562,18.360000610351562,0
2025-11-25,18.360000610351562,18.360000610351562,18.360000610351562,18.360000610351562,18.360000610351562,0
2025-11-26,18.360000610351562,18.360000610351562,18.360000610351562,18.360000610351562,18.360000610351562,0
2025-11-28,18.360000610351562,18.360000610351562,18.360000610351562,18.360000610351562,18.360000610351562,0
2025-12-01,21.0,21.0,21.0,21.0,21.0,108
2025-12-02,22.68000030517578,35.0,22.68000030517578,22.68000030517578,22.68000030517578,211
2025-12-03,22.68000030517578,22.68000030517578,22.68000030517578,22.68000030517578,22.68000030517578,0
2025-12-04,35.0,37.099998474121094,35.0,37.099998474121094,37.099998474121094,303
2025-12-05,37.099998474121094,37.099998474121094,37.099998474121094,37.099998474121094,37.099998474121094,0
2025-12-08,37.099998474121094,37.099998474121094,37.099998474121094,37.099998474121094,37.099998474121094,0
2025-12-09,37.099998474121094,37.099998474121094,37.099998474121094,37.099998474121094,37.099998474121094,0
2025-12-10,37.099998474121094,37.099998474121094,37.099998474121094,37.099998474121094,37.099998474121094,0
2025-12-11,37.099998474121094,37.099998474121094,37.099998474121094,37.099998474121094,37.099998474121094,0
2025-12-12,37.099998474121094,37.099998474121094,37.099998474121094,37.099998474121094,37.099998474121094,0
2025-12-15,37.099998474121094,37.099998474121094,37.099998474121094,37.099998474121094,37.099998474121094,0
2025-12-16,39.31999969482422,39.31999969482422,39.31999969482422,39.31999969482422,39.31999969482422,134
2025-12-17,39.31999969482422,39.31999969482422,39.31999969482422,39.31999969482422,39.31999969482422,0
2025-12-18,39.31999969482422,39.31999969482422,39.31999969482422,39.31999969482422,39.31999969482422,0
2025-12-19,39.31999969482422,39.31999969482422,39.31999969482422,39.31999969482422,39.31999969482422,0
2025-12-22,39.31999969482422,39.31999969482422,39.31999969482422,39.31999969482422,39.31999969482422,0
2025-12-23,39.31999969482422,39.31999969482422,39.31999969482422,39.31999969482422,39.31999969482422,0
2025-12-24,39.31999969482422,39.31999969482422,39.31999969482422,39.31999969482422,39.31999969482422,0
2025-12-26,39.31999969482422,39.31999969482422,39.31999969482422,39.31999969482422,39.31999969482422,0
2025-12-29,39.31999969482422,39.31999969482422,39.31999969482422,39.31999969482422,39.31999969482422,0
2025-12-30,39.31999969482422,39.31999969482422,39.31999969482422,39.31999969482422,39.31999969482422,0
