date,open,high,low,close,adj_close,volume
,VXZ,VXZ,VXZ,VXZ,VXZ,VXZ
2020-01-02,70.91999816894531,70.91999816894531,69.5999984741211,69.63999938964844,69.63999938964844,10650
2020-01-03,70.4000015258789,70.91999816894531,70.12000274658203,70.91999816894531,70.91999816894531,1900
2020-01-06,71.44000244140625,71.44000244140625,70.30000305175781,70.5199966430664,70.5199966430664,4400
2020-01-07,71.36000061035156,71.36000061035156,69.95999908447266,70.23999786376953,70.23999786376953,1550
2020-01-08,69.83999633789062,70.12000274658203,68.77999877929688,69.4800033569336,69.4800033569336,18850
2020-01-09,68.75599670410156,68.90799713134766,68.23999786376953,68.23999786376953,68.23999786376953,2475
2020-01-10,68.33599853515625,68.48400115966797,67.80000305175781,67.83999633789062,67.83999633789062,2825
2020-01-13,67.27999877929688,67.91999816894531,67.27999877929688,67.4000015258789,67.4000015258789,2150
2020-01-14,67.44000244140625,67.63999938964844,67.0,67.31999969482422,67.31999969482422,3200
2020-01-15,66.72000122070312,67.04000091552734,66.72000122070312,66.83999633789062,66.83999633789062,3175
2020-01-16,66.18800354003906,66.33200073242188,65.83999633789062,66.12000274658203,66.12000274658203,7500
2020-01-17,66.19999694824219,66.5199966430664,65.80000305175781,66.0,66.0,4275
2020-01-21,66.44000244140625,66.80000305175781,66.0,66.16000366210938,66.16000366210938,12900
2020-01-22,66.0,66.44000244140625,65.76000213623047,66.41200256347656,66.41200256347656,4525
2020-01-23,67.5999984741211,67.72000122070312,66.5999984741211,66.68000030517578,66.68000030517578,6125
2020-01-24,66.68000030517578,68.19999694824219,66.68000030517578,67.44000244140625,67.44000244140625,31800
2020-01-27,69.4800033569336,70.12000274658203,69.04000091552734,69.95999908447266,69.95999908447266,37700
2020-01-28,70.08000183105469,70.08000183105469,68.36000061035156,68.36000061035156,68.36000061035156,4500
2020-01-29,67.4800033569336,68.91999816894531,67.4800033569336,68.91999816894531,68.91999816894531,1325
2020-01-30,69.72000122070312,70.11599731445312,67.91999816894531,67.91999816894531,67.91999816894531,3550
2020-01-31,68.65599822998047,71.0,68.65599822998047,70.5999984741211,70.5999984741211,9325
2020-02-03,70.4800033569336,70.4800033569336,69.04000091552734,69.5199966430664,69.5199966430664,5975
2020-02-04,67.5199966430664,67.87999725341797,66.95999908447266,67.31999969482422,67.31999969482422,5300
2020-02-05,66.5999984741211,67.12000274658203,66.23999786376953,66.55999755859375,66.55999755859375,3125
2020-02-06,66.76000213623047,66.87999725341797,66.23999786376953,66.23999786376953,66.23999786376953,900
2020-02-07,67.36000061035156,67.68800354003906,66.91200256347656,67.12000274658203,67.12000274658203,4900
2020-02-10,67.19999694824219,67.19999694824219,66.44000244140625,66.5999984741211,66.5999984741211,2425
2020-02-11,66.19999694824219,66.72799682617188,66.14399719238281,66.72799682617188,66.72799682617188,325
2020-02-12,66.38800048828125,66.53199768066406,65.76000213623047,65.76000213623047,65.76000213623047,1350
2020-02-13,66.80000305175781,66.98799896240234,66.27999877929688,66.68000030517578,66.68000030517578,2000
2020-02-14,66.36000061035156,67.0,66.16000366210938,66.19999694824219,66.19999694824219,2075
2020-02-18,67.12000274658203,67.36000061035156,66.23999786376953,67.36000061035156,67.36000061035156,1675
2020-02-19,67.04000091552734,67.12000274658203,66.83999633789062,67.04000091552734,67.04000091552734,1175
2020-02-20,67.16000366210938,68.08000183105469,67.08000183105469,67.54399871826172,67.54399871826172,1675
2020-02-21,68.72000122070312,69.16000366210938,68.55999755859375,68.68000030517578,68.68000030517578,2150
2020-02-24,71.95999908447266,73.19999694824219,71.08000183105469,72.19999694824219,72.19999694824219,10500
2020-02-25,71.19999694824219,75.91999816894531,71.19999694824219,75.12000274658203,75.12000274658203,9825
2020-02-26,74.5199966430664,75.6520004272461,73.36000061035156,74.95999908447266,74.95999908447266,9550
2020-02-27,78.4000015258789,79.68000030517578,76.5999984741211,78.91999816894531,78.91999816894531,7125
2020-02-28,83.5999984741211,83.76000213623047,79.0,79.0,79.0,31275
2020-03-02,76.91999816894531,79.87999725341797,76.72000122070312,77.87999725341797,77.87999725341797,10950
2020-03-03,76.91999816894531,81.95999908447266,76.91999816894531,81.31999969482422,81.31999969482422,9675
2020-03-04,80.5999984741211,80.91999816894531,79.63999938964844,80.27999877929688,80.27999877929688,9900
2020-03-05,83.55999755859375,88.4800033569336,83.55999755859375,86.87999725341797,86.87999725341797,10000
2020-03-06,94.63999938964844,97.80000305175781,91.95999908447266,92.27999877929688,92.27999877929688,87725
2020-03-09,115.5999984741211,115.5999984741211,100.44000244140625,104.31999969482422,104.31999969482422,144850
2020-03-10,98.04000091552734,105.27999877929688,97.0,100.68000030517578,100.68000030517578,141100
2020-03-11,104.4800033569336,108.4800033569336,104.4000015258789,106.80000305175781,106.80000305175781,16525
2020-03-12,115.5999984741211,118.68000030517578,111.44000244140625,116.4000015258789,116.4000015258789,27125
2020-03-13,109.16000366210938,118.04000091552734,108.91999816894531,110.76000213623047,110.76000213623047,38700
2020-03-16,128.67999267578125,132.75999450683594,120.0,131.0800018310547,131.0800018310547,20400
2020-03-17,128.63999938964844,133.44000244140625,124.76000213623047,131.75999450683594,131.75999450683594,41275
2020-03-18,143.75999450683594,162.75999450683594,138.55999755859375,154.16000366210938,154.16000366210938,46800
2020-03-19,163.60000610351562,168.44000244140625,144.0399932861328,147.72000122070312,147.72000122070312,33550
2020-03-20,143.72000122070312,149.47999572753906,135.36000061035156,148.75999450683594,148.75999450683594,57650
2020-03-23,142.8800048828125,143.1199951171875,130.0,133.9600067138672,133.9600067138672,36450
2020-03-24,116.95999908447266,118.0,109.5199966430664,113.4800033569336,113.4800033569336,53200
2020-03-25,120.19999694824219,136.10400390625,118.4000015258789,133.67999267578125,133.67999267578125,19050
2020-03-26,133.83999633789062,133.83999633789062,122.55999755859375,124.12000274658203,124.12000274658203,15200
2020-03-27,130.8000030517578,133.1999969482422,127.27999877929688,131.44000244140625,131.44000244140625,11975
2020-03-30,127.83999633789062,130.60000610351562,127.23999786376953,127.80000305175781,127.80000305175781,7975
2020-03-31,127.5999984741211,130.0800018310547,125.55999755859375,127.83999633789062,127.83999633789062,15625
2020-04-01,132.0399932861328,140.0399932861328,130.32000732421875,138.9600067138672,138.9600067138672,19525
2020-04-02,137.8800048828125,138.72000122070312,134.52000427246094,137.66000366210938,137.66000366210938,12100
2020-04-03,136.0,138.60000610351562,134.52000427246094,135.72000122070312,135.72000122070312,12950
2020-04-06,128.39999389648438,130.9600067138672,128.39999389648438,129.8000030517578,129.8000030517578,13350
2020-04-07,128.1999969482422,131.75999450683594,127.0,131.26400756835938,131.26400756835938,6150
2020-04-08,131.72000122070312,133.0399932861328,129.83999633789062,131.46800231933594,131.46800231933594,43650
2020-04-09,130.63999938964844,131.44000244140625,129.0800018310547,129.25999450683594,129.25999450683594,1875
2020-04-13,127.5999984741211,129.67999267578125,127.4000015258789,127.87999725341797,127.87999725341797,7000
2020-04-14,125.69599914550781,126.13999938964844,124.12000274658203,125.4000015258789,125.4000015258789,2850
2020-04-15,127.87999725341797,131.16000366210938,127.5999984741211,131.16000366210938,131.16000366210938,13025
2020-04-16,128.8800048828125,133.16000366210938,128.8800048828125,132.44000244140625,132.44000244140625,5825
2020-04-17,128.9600067138672,132.1199951171875,128.9600067138672,130.0800018310547,130.0800018310547,2675
2020-04-20,130.1999969482422,136.3000030517578,130.1999969482422,136.27999877929688,136.27999877929688,4825
2020-04-21,140.75999450683594,147.32000732421875,140.75999450683594,142.0800018310547,142.0800018310547,6250
2020-04-22,140.47999572753906,141.32000732421875,139.38800048828125,141.0399932861328,141.0399932861328,2850
2020-04-23,139.72000122070312,141.9600067138672,139.0,140.44000244140625,140.44000244140625,3650
2020-04-24,139.44000244140625,140.72000122070312,135.8800048828125,135.8800048828125,135.8800048828125,4075
2020-04-27,134.0800018310547,134.60000610351562,130.60000610351562,130.83999633789062,130.83999633789062,6525
2020-04-28,128.47999572753906,132.55999755859375,128.47999572753906,132.0,132.0,9000
2020-04-29,128.8000030517578,128.8800048828125,127.0,128.63999938964844,128.63999938964844,2375
2020-04-30,129.32000732421875,131.72000122070312,129.32000732421875,130.27999877929688,130.27999877929688,1400
2020-05-01,133.75999450683594,139.8000030517578,133.72000122070312,139.1199951171875,139.1199951171875,4875
2020-05-04,141.0800018310547,142.44000244140625,138.843994140625,138.89199829101562,138.89199829101562,4925
2020-05-05,136.0,136.05599975585938,133.44000244140625,135.88800048828125,135.88800048828125,3625
2020-05-06,134.52000427246094,137.1999969482422,134.0,136.83999633789062,136.83999633789062,925
2020-05-07,133.75999450683594,134.16000366210938,132.16000366210938,133.67999267578125,133.67999267578125,2700
2020-05-08,131.83999633789062,131.83999633789062,129.36000061035156,129.52000427246094,129.52000427246094,8000
2020-05-11,130.44000244140625,130.72000122070312,125.55999755859375,125.55999755859375,125.55999755859375,10550
2020-05-12,123.5199966430664,133.1199951171875,123.5199966430664,133.1199951171875,133.1199951171875,3275
2020-05-13,133.44000244140625,141.75999450683594,131.8800048828125,138.47999572753906,138.47999572753906,7175
2020-05-14,142.55999755859375,145.67999267578125,136.44000244140625,136.44000244140625,136.44000244140625,9200
2020-05-15,140.60000610351562,141.27999877929688,136.89999389648438,137.01199340820312,137.01199340820312,4650
2020-05-18,130.75999450683594,131.75999450683594,130.24000549316406,131.1999969482422,131.1999969482422,4700
2020-05-19,131.32000732421875,133.9199981689453,129.9600067138672,133.9199981689453,133.9199981689453,3700
2020-05-20,130.27999877929688,132.52000427246094,129.52000427246094,131.47999572753906,131.47999572753906,8300
2020-05-21,131.44000244140625,134.24000549316406,131.44000244140625,133.55999755859375,133.55999755859375,3625
2020-05-22,133.9199981689453,134.60000610351562,133.16000366210938,133.49600219726562,133.49600219726562,1125
2020-05-26,129.75999450683594,132.33599853515625,129.55999755859375,132.33599853515625,132.33599853515625,2550
2020-05-27,130.0399932861328,134.0,130.0,130.66400146484375,130.66400146484375,1500
2020-05-28,131.44000244140625,133.55999755859375,130.33200073242188,132.47999572753906,132.47999572753906,3500
2020-05-29,133.39999389648438,134.72000122070312,131.80799865722656,131.80799865722656,131.80799865722656,1075
2020-06-01,132.63999938964844,132.72000122070312,131.36000061035156,131.92799377441406,131.92799377441406,1475
2020-06-02,131.9199981689453,132.24000549316406,130.75999450683594,130.75999450683594,130.75999450683594,3900
2020-06-03,129.9199981689453,129.9199981689453,127.5999984741211,127.87999725341797,127.87999725341797,2825
2020-06-04,133.0399932861328,133.0399932861328,125.5199966430664,127.23200225830078,127.23200225830078,2475
2020-06-05,122.72000122070312,123.08000183105469,121.4800033569336,121.83999633789062,121.83999633789062,6325
2020-06-08,121.58799743652344,123.44000244140625,121.08000183105469,122.63999938964844,122.63999938964844,4350
2020-06-09,124.04000091552734,126.76000213623047,124.04000091552734,126.68000030517578,126.68000030517578,2475
2020-06-10,128.0399932861328,128.1840057373047,123.4000015258789,125.23200225830078,125.23200225830078,2500
2020-06-11,133.32000732421875,143.55999755859375,130.83999633789062,143.27999877929688,143.27999877929688,15575
2020-06-12,140.83999633789062,150.1199951171875,138.47999572753906,140.9600067138672,140.9600067138672,49300
2020-06-15,145.55999755859375,147.8800048828125,139.0,139.24000549316406,139.24000549316406,8600
2020-06-16,134.0800018310547,139.8000030517578,133.16000366210938,138.0,138.0,29150
2020-06-17,138.1999969482422,140.0,137.1199951171875,138.69200134277344,138.69200134277344,2375
2020-06-18,139.1199951171875,140.39999389648438,138.60000610351562,138.67999267578125,138.67999267578125,3500
2020-06-19,136.39999389648438,142.1999969482422,136.39999389648438,140.1999969482422,140.1999969482422,2775
2020-06-22,141.32000732421875,141.32000732421875,136.9600067138672,137.65199279785156,137.65199279785156,6925
2020-06-23,134.47999572753906,134.9199981689453,132.9600067138672,134.39999389648438,134.39999389648438,5625
2020-06-24,136.24000549316406,143.47999572753906,136.24000549316406,141.83999633789062,141.83999633789062,6900
2020-06-25,142.8800048828125,144.9199981689453,137.1999969482422,137.1999969482422,137.1999969482422,3425
2020-06-26,138.0800018310547,144.54800415039062,138.0800018310547,144.27999877929688,144.27999877929688,5500
2020-06-29,143.47999572753906,144.24000549316406,139.75999450683594,139.75999450683594,139.75999450683594,3700
2020-06-30,140.52000427246094,140.52000427246094,134.1199951171875,134.67999267578125,134.67999267578125,3825
2020-07-01,133.32000732421875,133.83999633789062,131.74000549316406,132.8000030517578,132.8000030517578,4950
2020-07-02,129.32000732421875,133.44000244140625,129.0,132.89999389648438,132.89999389648438,4050
2020-07-06,129.60000610351562,132.27999877929688,129.52000427246094,131.9040069580078,131.9040069580078,1950
2020-07-07,132.9239959716797,135.0800018310547,131.24000549316406,134.76400756835938,134.76400756835938,4100
2020-07-08,134.16000366210938,136.1999969482422,133.0800018310547,133.0800018310547,133.0800018310547,19325
2020-07-09,133.27999877929688,137.1199951171875,133.1999969482422,134.6320037841797,134.6320037841797,3500
2020-07-10,135.67999267578125,136.51199340820312,133.1199951171875,133.60000610351562,133.60000610351562,1575
2020-07-13,132.72000122070312,142.4199981689453,132.72000122070312,141.82000732421875,141.82000732421875,5200
2020-07-14,142.47999572753906,143.0,136.1999969482422,136.36000061035156,136.36000061035156,2675
2020-07-15,134.44000244140625,139.0,134.44000244140625,135.9600067138672,135.9600067138672,2450
2020-07-16,137.24000549316406,137.52000427246094,135.0919952392578,135.0919952392578,135.0919952392578,1775
2020-07-17,133.9600067138672,135.1479949951172,132.72000122070312,132.8000030517578,132.8000030517578,2375
2020-07-20,132.83999633789062,132.83999633789062,128.44000244140625,129.36000061035156,129.36000061035156,4625
2020-07-21,127.16000366210938,130.3800048828125,126.5,129.8000030517578,129.8000030517578,1225
2020-07-22,130.8000030517578,131.83200073242188,129.3040008544922,129.3040008544922,129.3040008544922,1500
2020-07-23,129.52000427246094,132.17999267578125,128.8800048828125,131.4759979248047,131.4759979248047,1575
2020-07-24,133.1199951171875,134.36000061035156,132.83999633789062,132.83999633789062,132.83999633789062,1675
2020-07-27,131.67999267578125,133.656005859375,131.67999267578125,132.156005859375,132.156005859375,1875
2020-07-28,132.27999877929688,132.5,131.0399932861328,132.5,132.5,1225
2020-07-29,131.9600067138672,132.55999755859375,130.67999267578125,131.82400512695312,131.82400512695312,1075
2020-07-30,135.25599670410156,138.8800048828125,133.55999755859375,134.1999969482422,134.1999969482422,3150
2020-07-31,131.72000122070312,135.55999755859375,131.72000122070312,132.39999389648438,132.39999389648438,2100
2020-08-03,131.52000427246094,132.83999633789062,131.52000427246094,132.83999633789062,132.83999633789062,2125
2020-08-04,130.9600067138672,131.1199951171875,130.16000366210938,130.1999969482422,130.1999969482422,1425
2020-08-05,129.00399780273438,130.1999969482422,128.89999389648438,129.47999572753906,129.47999572753906,1475
2020-08-06,129.60000610351562,129.7519989013672,129.1199951171875,129.16400146484375,129.16400146484375,1775
2020-08-07,130.72000122070312,130.72000122070312,128.9600067138672,129.60000610351562,129.60000610351562,1875
2020-08-10,128.44000244140625,128.9600067138672,127.24400329589844,127.72000122070312,127.72000122070312,1775
2020-08-11,127.91999816894531,130.63999938964844,126.44000244140625,130.63999938964844,130.63999938964844,2250
2020-08-12,127.68000030517578,128.39999389648438,126.80000305175781,127.31999969482422,127.31999969482422,2125
2020-08-13,128.60000610351562,128.87600708007812,127.22000122070312,128.83999633789062,128.83999633789062,1700
2020-08-14,130.32000732421875,130.9199981689453,129.60000610351562,130.0240020751953,130.0240020751953,3500
2020-08-17,129.16000366210938,129.27999877929688,127.5999984741211,127.91999816894531,127.91999816894531,1525
2020-08-18,126.72000122070312,128.3000030517578,126.23200225830078,126.72000122070312,126.72000122070312,2575
2020-08-19,127.44000244140625,128.83999633789062,126.63999938964844,128.83999633789062,128.83999633789062,1050
2020-08-20,130.75999450683594,130.75999450683594,128.0,128.44000244140625,128.44000244140625,1300
2020-08-21,129.83999633789062,131.0,129.63999938964844,130.70399475097656,130.70399475097656,1550
2020-08-24,129.1999969482422,130.9600067138672,129.0800018310547,130.9320068359375,130.9320068359375,2900
2020-08-25,129.75999450683594,132.36000061035156,129.75999450683594,130.63999938964844,130.63999938964844,6925
2020-08-26,130.1199951171875,131.4600067138672,129.0800018310547,130.9600067138672,130.9600067138672,2350
2020-08-27,130.16000366210938,135.24000549316406,130.16000366210938,131.26800537109375,131.26800537109375,3150
2020-08-28,133.3560028076172,133.39999389648438,130.8000030517578,131.6320037841797,131.6320037841797,1625
2020-08-31,132.52000427246094,133.74000549316406,131.72000122070312,133.552001953125,133.552001953125,1225
2020-09-01,135.1199951171875,135.43600463867188,134.0800018310547,134.947998046875,134.947998046875,1875
2020-09-02,135.9199981689453,138.39999389648438,135.9199981689453,137.97999572753906,137.97999572753906,2100
2020-09-03,137.52000427246094,143.25999450683594,137.1199951171875,140.24000549316406,140.24000549316406,8625
2020-09-04,138.72000122070312,144.60000610351562,135.27999877929688,136.39599609375,136.39599609375,7475
2020-09-08,139.39999389648438,140.0,134.75999450683594,135.16000366210938,135.16000366210938,4600
2020-09-09,130.8800048828125,131.55999755859375,130.08799743652344,131.16000366210938,131.16000366210938,3725
2020-09-10,131.0399932861328,135.0800018310547,130.9199981689453,132.47999572753906,132.47999572753906,8975
2020-09-11,130.32000732421875,132.72000122070312,129.47999572753906,130.156005859375,130.156005859375,14600
2020-09-14,129.36000061035156,131.44000244140625,129.36000061035156,131.0919952392578,131.0919952392578,8225
2020-09-15,129.52000427246094,131.6199951171875,129.36000061035156,131.41600036621094,131.41600036621094,6725
2020-09-16,131.0800018310547,133.04800415039062,130.9600067138672,133.04800415039062,133.04800415039062,1000
2020-09-17,135.55999755859375,136.0,133.39999389648438,135.55999755859375,135.55999755859375,3325
2020-09-18,135.44000244140625,137.16000366210938,134.27999877929688,136.67999267578125,136.67999267578125,5175
2020-09-21,139.27999877929688,141.0,137.1199951171875,137.86000061035156,137.86000061035156,12925
2020-09-22,138.16000366210938,140.75999450683594,138.16000366210938,139.63999938964844,139.63999938964844,3050
2020-09-23,138.9600067138672,142.52000427246094,138.9600067138672,142.52000427246094,142.52000427246094,3400
2020-09-24,143.1999969482422,143.8800048828125,140.0,141.05999755859375,141.05999755859375,2500
2020-09-25,141.47999572753906,141.9600067138672,138.55999755859375,138.656005859375,138.656005859375,3575
2020-09-28,137.52000427246094,138.0800018310547,137.1999969482422,137.8000030517578,137.8000030517578,2150
2020-09-29,137.27999877929688,137.27999877929688,135.47999572753906,136.1199951171875,136.1199951171875,2000
2020-09-30,135.55999755859375,136.66799926757812,135.55999755859375,135.98399353027344,135.98399353027344,800
2020-10-01,136.0800018310547,138.36000061035156,135.8800048828125,137.68800354003906,137.68800354003906,1650
2020-10-02,140.8800048828125,140.8800048828125,138.60000610351562,139.8800048828125,139.8800048828125,2075
2020-10-05,139.83999633789062,139.83999633789062,136.47999572753906,136.52000427246094,136.52000427246094,3175
2020-10-06,136.1199951171875,138.1280059814453,135.0800018310547,136.47999572753906,136.47999572753906,3675
2020-10-07,136.60000610351562,136.60000610351562,134.9199981689453,135.55999755859375,135.55999755859375,3075
2020-10-08,135.47999572753906,136.39999389648438,134.16000366210938,134.1999969482422,134.1999969482422,925
2020-10-09,132.32000732421875,132.32000732421875,129.8800048828125,130.44000244140625,130.44000244140625,3075
2020-10-12,128.72000122070312,130.0399932861328,128.4080047607422,129.1999969482422,129.1999969482422,5725
2020-10-13,130.11599731445312,131.0399932861328,128.8800048828125,129.32000732421875,129.32000732421875,4600
2020-10-14,130.0800018310547,130.0800018310547,127.3479995727539,128.66400146484375,128.66400146484375,4875
2020-10-15,130.60000610351562,131.27999877929688,128.8800048828125,128.8800048828125,128.8800048828125,3975
2020-10-16,128.8800048828125,129.7480010986328,127.44400024414062,129.7480010986328,129.7480010986328,1325
2020-10-19,129.4199981689453,133.39999389648438,129.4199981689453,133.0919952392578,133.0919952392578,4150
2020-10-20,132.52000427246094,132.52000427246094,129.8800048828125,131.8800048828125,131.8800048828125,3250
2020-10-21,131.63999938964844,132.16000366210938,129.44000244140625,129.9199981689453,129.9199981689453,1950
2020-10-22,130.44000244140625,130.44000244140625,128.47999572753906,129.1999969482422,129.1999969482422,2475
2020-10-23,128.0,129.60000610351562,128.0,129.2519989013672,129.2519989013672,1700
2020-10-26,130.36000061035156,136.0800018310547,130.0,134.72000122070312,134.72000122070312,4075
2020-10-27,134.27999877929688,135.42799377441406,134.0800018310547,134.78799438476562,134.78799438476562,2475
2020-10-28,139.8000030517578,144.39999389648438,139.27999877929688,142.36000061035156,142.36000061035156,14925
2020-10-29,141.8800048828125,141.8800048828125,135.36000061035156,136.8800048828125,136.8800048828125,4550
2020-10-30,138.83999633789062,140.63999938964844,138.63999938964844,139.44000244140625,139.44000244140625,6625
2020-11-02,135.75999450683594,136.52000427246094,134.44000244140625,135.9600067138672,135.9600067138672,8050
2020-11-03,134.1999969482422,134.1999969482422,132.16000366210938,132.52000427246094,132.52000427246094,4675
2020-11-04,129.44000244140625,129.8000030517578,125.72000122070312,129.8000030517578,129.8000030517578,16675
2020-11-05,127.5199966430664,129.75999450683594,127.5199966430664,129.63999938964844,129.63999938964844,3975
2020-11-06,129.83999633789062,129.83999633789062,126.08000183105469,127.80000305175781,127.80000305175781,6675
2020-11-09,120.63999938964844,121.5199966430664,117.12000274658203,120.4000015258789,120.4000015258789,25225
2020-11-10,120.16000366210938,122.44000244140625,119.55999755859375,121.5199966430664,121.5199966430664,7750
2020-11-11,119.83999633789062,121.68000030517578,119.72000122070312,120.80000305175781,120.80000305175781,5900
2020-11-12,120.95999908447266,125.0,120.23999786376953,125.0,125.0,3700
2020-11-13,122.16000366210938,122.31999969482422,120.31999969482422,120.44000244140625,120.44000244140625,3175
2020-11-16,120.16000366210938,122.23999786376953,120.16000366210938,122.23999786376953,122.23999786376953,2825
2020-11-17,123.19999694824219,123.83999633789062,120.91999816894531,121.12000274658203,121.12000274658203,2475
2020-11-18,120.80000305175781,124.5999984741211,120.80000305175781,124.5999984741211,124.5999984741211,3275
2020-11-19,124.04000091552734,124.4000015258789,122.63999938964844,123.68000030517578,123.68000030517578,5350
2020-11-20,123.27999877929688,123.91999816894531,121.63999938964844,123.91999816894531,123.91999816894531,10625
2020-11-23,123.68000030517578,123.72000122070312,121.55999755859375,122.91999816894531,122.91999816894531,32200
2020-11-24,121.5199966430664,123.0,121.5199966430664,122.83999633789062,122.83999633789062,21625
2020-11-25,122.62000274658203,122.63999938964844,120.95999908447266,120.95999908447266,120.95999908447266,11675
2020-11-27,120.4000015258789,121.34400177001953,119.4800033569336,121.04000091552734,121.04000091552734,11975
2020-11-30,121.76000213623047,123.27999877929688,120.0479965209961,120.16000366210938,120.16000366210938,19675
2020-12-01,120.12000274658203,120.80000305175781,118.5999984741211,120.4000015258789,120.4000015258789,16200
2020-12-02,121.12000274658203,121.12000274658203,119.0199966430664,120.63200378417969,120.63200378417969,2250
2020-12-03,119.54000091552734,120.94000244140625,119.54000091552734,120.94000244140625,120.94000244140625,1750
2020-12-04,120.0,120.44000244140625,120.0,120.16000366210938,120.16000366210938,1350
2020-12-07,122.27999877929688,122.27999877929688,120.72000122070312,120.83999633789062,120.83999633789062,1975
2020-12-08,122.12000274658203,122.16000366210938,119.5999984741211,119.81999969482422,119.81999969482422,3800
2020-12-09,119.08000183105469,122.16000366210938,119.08000183105469,121.87999725341797,121.87999725341797,1250
2020-12-10,122.91999816894531,123.12000274658203,121.4000015258789,122.76000213623047,122.76000213623047,1575
2020-12-11,123.80000305175781,126.5999984741211,123.80000305175781,125.72000122070312,125.72000122070312,8525
2020-12-14,124.31999969482422,126.0479965209961,123.51200103759766,126.0479965209961,126.0479965209961,1425
2020-12-15,125.87999725341797,126.19999694824219,124.72000122070312,125.5199966430664,125.5199966430664,8400
2020-12-16,126.0,126.0,123.19999694824219,123.19999694824219,123.19999694824219,4225
2020-12-17,123.95999908447266,124.4000015258789,122.63999938964844,122.63999938964844,122.63999938964844,14775
2020-12-18,123.72000122070312,125.55999755859375,123.4000015258789,124.19999694824219,124.19999694824219,4825
2020-12-21,132.16000366210938,132.16000366210938,126.31999969482422,126.31999969482422,126.31999969482422,15900
2020-12-22,127.23999786376953,127.23999786376953,125.83999633789062,126.5999984741211,126.5999984741211,5925
2020-12-23,125.27999877929688,125.87999725341797,123.12000274658203,123.54000091552734,123.54000091552734,5025
2020-12-24,123.27999877929688,123.83999633789062,122.10800170898438,123.83999633789062,123.83999633789062,1725
2020-12-28,123.68000030517578,123.68000030517578,121.5,122.08000183105469,122.08000183105469,875
2020-12-29,121.36000061035156,125.91999816894531,120.96399688720703,125.44000244140625,125.44000244140625,12625
2020-12-30,125.0,125.0,122.5199966430664,122.87999725341797,122.87999725341797,1350
2020-12-31,122.72000122070312,123.4000015258789,121.19999694824219,123.08000183105469,123.08000183105469,2325
2021-01-04,122.08000183105469,128.24000549316406,122.08000183105469,126.63999938964844,126.63999938964844,10125
2021-01-05,128.44000244140625,128.44000244140625,123.63999938964844,124.0,124.0,5400
2021-01-06,123.04000091552734,124.55999755859375,120.72000122070312,122.95999908447266,122.95999908447266,3925
2021-01-07,121.87999725341797,121.91999816894531,120.31999969482422,121.27999877929688,121.27999877929688,27700
2021-01-08,120.4000015258789,122.76000213623047,120.4000015258789,121.1520004272461,121.1520004272461,1725
2021-01-11,123.68000030517578,125.63999938964844,122.36000061035156,125.63999938964844,125.63999938964844,5825
2021-01-12,124.73999786376953,126.27999877929688,123.72000122070312,123.72000122070312,123.72000122070312,3125
2021-01-13,124.4000015258789,125.09600067138672,123.12000274658203,123.63999938964844,123.63999938964844,2125
2021-01-14,122.55999755859375,125.34400177001953,122.55999755859375,125.34400177001953,125.34400177001953,2025
2021-01-15,127.23999786376953,129.24000549316406,126.12000274658203,127.95999908447266,127.95999908447266,2300
2021-01-19,126.76000213623047,127.5999984741211,126.19999694824219,127.23999786376953,127.23999786376953,4025
2021-01-20,127.23999786376953,127.27999877929688,126.80000305175781,127.23999786376953,127.23999786376953,12050
2021-01-21,127.04000091552734,128.60000610351562,127.04000091552734,128.0,128.0,8075
2021-01-22,129.32000732421875,130.1199951171875,128.0,128.27999877929688,128.27999877929688,4125
2021-01-25,129.39999389648438,132.9199981689453,129.36000061035156,130.67999267578125,130.67999267578125,8350
2021-01-26,130.55999755859375,131.67999267578125,130.16000366210938,131.52000427246094,131.52000427246094,13425
2021-01-27,134.1199951171875,142.67999267578125,134.1199951171875,140.55999755859375,140.55999755859375,7500
2021-01-28,136.1199951171875,139.8800048828125,135.88400268554688,137.9600067138672,137.9600067138672,7000
2021-01-29,140.63999938964844,143.9600067138672,136.67999267578125,142.8000030517578,142.8000030517578,7475
2021-02-01,134.36000061035156,144.0,134.36000061035156,140.39999389648438,140.39999389648438,7000
2021-02-02,137.1999969482422,137.9239959716797,136.00799560546875,136.52000427246094,136.52000427246094,4400
2021-02-03,134.0,135.56399536132812,133.60000610351562,134.0,134.0,7875
2021-02-04,132.44000244140625,133.16000366210938,131.8000030517578,133.0,133.0,1600
2021-02-05,132.27999877929688,133.8000030517578,132.1999969482422,133.16000366210938,133.16000366210938,7775
2021-02-08,133.60000610351562,134.32000732421875,133.16000366210938,133.8800048828125,133.8800048828125,3200
2021-02-09,135.3800048828125,135.60000610351562,134.47999572753906,135.60000610351562,135.60000610351562,3850
2021-02-10,136.0,138.32000732421875,135.60000610351562,138.0399932861328,138.0399932861328,8050
2021-02-11,136.83999633789062,139.32000732421875,136.83999633789062,137.67999267578125,137.67999267578125,5750
2021-02-12,138.47999572753906,139.0399932861328,137.0399932861328,137.82000732421875,137.82000732421875,6950
2021-02-16,137.9199981689453,139.60000610351562,137.39999389648438,139.60000610351562,139.60000610351562,17475
2021-02-17,141.32000732421875,142.67999267578125,139.75999450683594,139.9600067138672,139.9600067138672,8350
2021-02-18,142.0800018310547,142.0800018310547,139.75999450683594,140.8800048828125,140.8800048828125,6225
2021-02-19,140.83999633789062,140.9600067138672,138.8000030517578,140.16000366210938,140.16000366210938,12125
2021-02-22,140.67999267578125,142.27999877929688,139.75599670410156,142.27999877929688,142.27999877929688,4625
2021-02-23,142.63999938964844,144.55999755859375,139.60000610351562,140.44000244140625,140.44000244140625,7550
2021-02-24,140.36000061035156,141.55999755859375,136.0399932861328,136.36000061035156,136.36000061035156,6600
2021-02-25,137.0399932861328,142.8800048828125,136.44000244140625,141.0399932861328,141.0399932861328,11425
2021-02-26,138.63999938964844,140.75999450683594,137.3800048828125,138.55999755859375,138.55999755859375,5500
2021-03-01,135.13999938964844,135.1439971923828,133.24000549316406,134.1999969482422,134.1999969482422,5150
2021-03-02,134.52000427246094,136.60000610351562,134.47999572753906,136.36000061035156,136.36000061035156,1700
2021-03-03,136.74000549316406,138.1999969482422,135.63999938964844,138.16000366210938,138.16000366210938,7400
2021-03-04,138.55999755859375,141.55999755859375,136.1199951171875,140.36000061035156,140.36000061035156,4275
2021-03-05,139.8000030517578,139.96400451660156,134.66400146484375,135.63999938964844,135.63999938964844,33275
2021-03-08,135.60000610351562,137.1999969482422,134.24000549316406,137.0,137.0,4550
2021-03-09,135.47999572753906,136.06399536132812,133.76800537109375,136.0,136.0,18875
2021-03-10,133.8000030517578,135.24000549316406,133.8000030517578,135.0,135.0,2325
2021-03-11,134.44000244140625,134.47999572753906,132.83999633789062,133.60000610351562,133.60000610351562,1300
2021-03-12,134.83999633789062,134.83999633789062,133.89999389648438,134.1199951171875,134.1199951171875,3550
2021-03-15,134.24000549316406,134.24000549316406,131.63999938964844,131.83999633789062,131.83999633789062,5575
2021-03-16,131.72000122070312,131.72000122070312,128.36000061035156,131.1199951171875,131.1199951171875,22975
2021-03-17,131.55999755859375,131.75999450683594,127.87999725341797,128.0399932861328,128.0399932861328,3925
2021-03-18,127.91999816894531,128.61199951171875,127.72000122070312,128.16000366210938,128.16000366210938,3300
2021-03-19,128.67999267578125,130.23599243164062,127.68000030517578,128.75999450683594,128.75999450683594,2975
2021-03-22,128.63999938964844,128.8000030517578,123.63999938964844,123.63999938964844,123.63999938964844,9750
2021-03-23,123.63999938964844,125.63999938964844,123.5999984741211,124.4800033569336,124.4800033569336,2850
2021-03-24,123.83999633789062,125.12000274658203,123.19999694824219,125.08000183105469,125.08000183105469,3025
2021-03-25,124.87999725341797,126.63999938964844,122.6520004272461,122.87999725341797,122.87999725341797,3950
2021-03-26,121.91999816894531,121.91999816894531,119.8280029296875,120.76000213623047,120.76000213623047,2725
2021-03-29,121.4800033569336,122.91999816894531,120.16000366210938,120.4800033569336,120.4800033569336,1850
2021-03-30,119.95600128173828,119.95600128173828,116.92400360107422,117.16000366210938,117.16000366210938,12175
2021-03-31,116.4800033569336,117.08000183105469,115.5999984741211,115.95999908447266,115.95999908447266,2325
2021-04-01,115.83999633789062,115.95999908447266,114.4000015258789,114.72000122070312,114.72000122070312,5400
2021-04-05,113.27999877929688,113.76000213623047,112.4000015258789,112.4000015258789,112.4000015258789,3200
2021-04-06,112.27999877929688,112.95600128173828,111.68000030517578,111.87999725341797,111.87999725341797,4625
2021-04-07,112.19999694824219,112.4000015258789,110.83999633789062,111.31999969482422,111.31999969482422,7825
2021-04-08,110.44000244140625,112.0,110.44000244140625,111.08000183105469,111.08000183105469,1675
2021-04-09,111.80000305175781,112.68000030517578,111.0,111.76000213623047,111.76000213623047,3650
2021-04-12,112.68000030517578,113.23999786376953,111.23999786376953,111.4800033569336,111.4800033569336,2925
2021-04-13,111.4800033569336,112.19999694824219,111.36000061035156,112.19999694824219,112.19999694824219,2325
2021-04-14,112.5199966430664,113.23999786376953,112.12000274658203,113.02799987792969,113.02799987792969,1750
2021-04-15,112.08000183105469,112.12000274658203,110.83999633789062,112.12000274658203,112.12000274658203,2725
2021-04-16,112.72000122070312,112.95999908447266,111.31999969482422,112.0,112.0,2875
2021-04-19,111.4000015258789,114.80000305175781,111.4000015258789,113.36000061035156,113.36000061035156,3950
2021-04-20,113.80000305175781,116.68000030517578,113.80000305175781,115.44000244140625,115.44000244140625,3350
2021-04-21,116.36000061035156,116.36000061035156,113.23999786376953,113.80000305175781,113.80000305175781,1125
2021-04-22,113.23999786376953,116.44000244140625,112.80000305175781,115.87999725341797,115.87999725341797,2900
2021-04-23,115.83999633789062,116.04000091552734,114.68399810791016,115.0,115.0,1550
2021-04-26,115.04000091552734,115.04000091552734,114.16000366210938,114.55999755859375,114.55999755859375,975
2021-04-27,114.55999755859375,115.4800033569336,112.72000122070312,112.72000122070312,112.72000122070312,4625
2021-04-28,112.5999984741211,113.04399871826172,112.4000015258789,113.04399871826172,113.04399871826172,1400
2021-04-29,111.87999725341797,113.72000122070312,111.87999725341797,112.76000213623047,112.76000213623047,1450
2021-04-30,113.31999969482422,114.31999969482422,112.87999725341797,114.31999969482422,114.31999969482422,2825
2021-05-03,113.87999725341797,113.87999725341797,112.04000091552734,112.68000030517578,112.68000030517578,8000
2021-05-04,113.36000061035156,115.66000366210938,113.36000061035156,114.052001953125,114.052001953125,3625
2021-05-05,112.80000305175781,113.39600372314453,111.80000305175781,112.5999984741211,112.5999984741211,3500
2021-05-06,112.55999755859375,113.0,112.31600189208984,112.31600189208984,112.31600189208984,1150
2021-05-07,112.80000305175781,112.80000305175781,110.28399658203125,110.31999969482422,110.31999969482422,3025
2021-05-10,110.16000366210938,111.65599822998047,108.83999633789062,111.65599822998047,111.65599822998047,4325
2021-05-11,113.72000122070312,115.87999725341797,112.95999908447266,115.55999755859375,115.55999755859375,5975
2021-05-12,117.16000366210938,124.31999969482422,117.16000366210938,123.04000091552734,123.04000091552734,7675
2021-05-13,120.19999694824219,120.91999816894531,116.80000305175781,117.5999984741211,117.5999984741211,3175
2021-05-14,114.68000030517578,114.95999908447266,110.72000122070312,110.95999908447266,110.95999908447266,6375
2021-05-17,112.08000183105469,115.23999786376953,111.80000305175781,114.08000183105469,114.08000183105469,1950
2021-05-18,113.19999694824219,116.63999938964844,112.08000183105469,116.63999938964844,116.63999938964844,1525
2021-05-19,118.87999725341797,122.83999633789062,117.23999786376953,117.23999786376953,117.23999786376953,6175
2021-05-20,116.0,116.12799835205078,114.72000122070312,114.91999816894531,114.91999816894531,1350
2021-05-21,113.68399810791016,114.44000244140625,113.16000366210938,114.19999694824219,114.19999694824219,2475
2021-05-24,112.68000030517578,112.68000030517578,110.75599670410156,111.31999969482422,111.31999969482422,3425
2021-05-25,111.19999694824219,112.36000061035156,111.19999694824219,112.12000274658203,112.12000274658203,1225
2021-05-26,111.15599822998047,111.15599822998047,109.23999786376953,109.87999725341797,109.87999725341797,1775
2021-05-27,109.16000366210938,109.63999938964844,106.72000122070312,107.23999786376953,107.23999786376953,3300
2021-05-28,106.44000244140625,107.68000030517578,106.04000091552734,107.63999938964844,107.63999938964844,6925
2021-06-01,106.72000122070312,108.4800033569336,106.19999694824219,108.27999877929688,108.27999877929688,3725
2021-06-02,107.83999633789062,108.83999633789062,107.0,108.76000213623047,108.76000213623047,2700
2021-06-03,110.16000366210938,110.27999877929688,108.80000305175781,109.5999984741211,109.5999984741211,2325
2021-06-04,107.95999908447266,108.04000091552734,106.95999908447266,107.12000274658203,107.12000274658203,3775
2021-06-07,107.4800033569336,107.55999755859375,106.08000183105469,106.08000183105469,106.08000183105469,950
2021-06-08,105.44000244140625,107.23999786376953,105.36000061035156,105.95999908447266,105.95999908447266,4950
2021-06-09,107.0,107.36000061035156,106.16000366210938,107.16000366210938,107.16000366210938,11500
2021-06-10,106.36000061035156,106.36000061035156,102.95999908447266,103.04000091552734,103.04000091552734,11425
2021-06-11,102.5199966430664,102.5199966430664,101.55999755859375,102.12000274658203,102.12000274658203,1950
2021-06-14,102.68000030517578,103.68000030517578,101.87999725341797,102.72000122070312,102.72000122070312,3250
2021-06-15,103.44400024414062,104.5199966430664,103.12000274658203,103.68000030517578,103.68000030517578,2725
2021-06-16,102.80000305175781,104.76000213623047,102.55599975585938,104.12000274658203,104.12000274658203,2750
2021-06-17,103.23999786376953,104.12000274658203,102.36000061035156,103.19999694824219,103.19999694824219,5550
2021-06-18,106.36000061035156,107.23600006103516,104.78399658203125,106.72000122070312,106.72000122070312,4150
2021-06-21,105.4000015258789,106.12000274658203,103.5999984741211,104.51200103759766,104.51200103759766,5500
2021-06-22,105.41999816894531,105.4800033569336,103.27999877929688,103.27999877929688,103.27999877929688,2875
2021-06-23,102.0,102.4800033569336,101.4000015258789,102.31999969482422,102.31999969482422,2150
2021-06-24,100.87999725341797,101.4000015258789,100.44400024414062,101.23999786376953,101.23999786376953,2700
2021-06-25,101.08000183105469,101.83999633789062,100.87999725341797,101.30000305175781,101.30000305175781,1875
2021-06-28,100.4800033569336,101.5199966430664,100.04000091552734,100.89199829101562,100.89199829101562,3325
2021-06-29,100.31999969482422,102.12000274658203,100.31999969482422,102.0,102.0,1975
2021-06-30,102.16000366210938,102.80000305175781,101.36000061035156,102.44000244140625,102.44000244140625,1125
2021-07-01,101.44000244140625,102.16000366210938,101.44000244140625,101.80000305175781,101.80000305175781,3000
2021-07-02,100.80000305175781,101.87999725341797,99.87999725341797,101.87999725341797,101.87999725341797,4275
2021-07-06,101.4800033569336,103.63999938964844,101.4000015258789,102.04000091552734,102.04000091552734,4475
2021-07-07,102.94400024414062,102.95999908447266,102.4000015258789,102.5999984741211,102.5999984741211,11125
2021-07-08,106.44000244140625,106.72000122070312,104.27999877929688,104.76000213623047,104.76000213623047,10125
2021-07-09,103.37200164794922,103.37200164794922,101.91999816894531,102.87999725341797,102.87999725341797,3975
2021-07-12,103.31999969482422,103.80000305175781,103.08000183105469,103.80000305175781,103.80000305175781,1575
2021-07-13,103.4800033569336,105.04000091552734,102.54000091552734,104.83999633789062,104.83999633789062,1725
2021-07-14,103.4800033569336,105.27999877929688,103.31999969482422,104.44400024414062,104.44400024414062,2050
2021-07-15,106.11599731445312,106.4000015258789,104.16000366210938,104.16000366210938,104.16000366210938,2575
2021-07-16,103.31999969482422,105.68000030517578,102.80400085449219,105.5199966430664,105.5199966430664,1950
2021-07-19,107.5199966430664,110.72000122070312,107.5199966430664,109.44000244140625,109.44000244140625,19475
2021-07-20,109.08000183105469,109.4000015258789,106.87999725341797,107.95999908447266,107.95999908447266,5325
2021-07-21,105.5999984741211,106.4000015258789,105.5199966430664,105.5199966430664,105.5199966430664,1825
2021-07-22,104.80000305175781,105.12000274658203,103.76000213623047,103.76000213623047,103.76000213623047,4725
2021-07-23,103.4800033569336,104.36000061035156,103.4800033569336,103.72000122070312,103.72000122070312,1150
2021-07-26,104.72000122070312,105.12000274658203,104.5199966430664,105.04000091552734,105.04000091552734,4825
2021-07-27,105.80000305175781,107.80000305175781,105.80000305175781,106.4800033569336,106.4800033569336,3050
2021-07-28,106.39600372314453,106.72000122070312,105.4000015258789,105.4000015258789,105.4000015258789,2000
2021-07-29,104.87999725341797,104.95999908447266,104.4000015258789,104.68000030517578,104.68000030517578,1475
2021-07-30,106.0,106.36000061035156,105.0199966430664,106.36000061035156,106.36000061035156,2850
2021-08-02,105.55999755859375,107.95999908447266,105.55999755859375,107.95999908447266,107.95999908447266,2750
2021-08-03,107.77999877929688,108.4000015258789,105.80000305175781,106.19999694824219,106.19999694824219,1500
2021-08-04,106.4800033569336,106.91999816894531,105.68000030517578,106.12000274658203,106.12000274658203,1800
2021-08-05,106.0,106.0,104.87999725341797,105.0,105.0,2100
2021-08-06,104.31600189208984,104.94000244140625,103.80000305175781,104.23999786376953,104.23999786376953,2250
2021-08-09,105.19999694824219,105.19999694824219,104.0,104.26000213623047,104.26000213623047,3675
2021-08-10,103.75599670410156,104.16000366210938,103.5199966430664,103.8759994506836,103.8759994506836,725
2021-08-11,103.76000213623047,103.76000213623047,102.16000366210938,102.16000366210938,102.16000366210938,3050
2021-08-12,102.19599914550781,102.19599914550781,100.31999969482422,101.23999786376953,101.23999786376953,2625
2021-08-13,100.73999786376953,102.31999969482422,100.3239974975586,102.31999969482422,102.31999969482422,12050
2021-08-16,102.95999908447266,103.5199966430664,101.83999633789062,101.95999908447266,101.95999908447266,16275
2021-08-17,102.5999984741211,104.59600067138672,102.5999984741211,103.36000061035156,103.36000061035156,23275
2021-08-18,104.5199966430664,106.80000305175781,103.68000030517578,106.72000122070312,106.72000122070312,18850
2021-08-19,107.95999908447266,107.99600219726562,105.87999725341797,106.63999938964844,106.63999938964844,9925
2021-08-20,106.31999969482422,106.31999969482422,104.4800033569336,104.87999725341797,104.87999725341797,3750
2021-08-23,104.04000091552734,104.04000091552734,103.16000366210938,103.95999908447266,103.95999908447266,2900
2021-08-24,103.4800033569336,104.44000244140625,103.4800033569336,104.08000183105469,104.08000183105469,1175
2021-08-25,104.00399780273438,104.04000091552734,102.83999633789062,103.12000274658203,103.12000274658203,5225
2021-08-26,103.80000305175781,105.36000061035156,103.5999984741211,104.68000030517578,104.68000030517578,1800
2021-08-27,103.87999725341797,103.87999725341797,102.0,102.4000015258789,102.4000015258789,4375
2021-08-30,102.04000091552734,102.4800033569336,101.5199966430664,102.16000366210938,102.16000366210938,2250
2021-08-31,102.36000061035156,102.91999816894531,102.19999694824219,102.55999755859375,102.55999755859375,3225
2021-09-01,102.23999786376953,102.23999786376953,101.0,101.5199966430664,101.5199966430664,3250
2021-09-02,101.5199966430664,102.08000183105469,101.5199966430664,101.5199966430664,101.5199966430664,1000
2021-09-03,102.63999938964844,102.63999938964844,101.5999984741211,102.36000061035156,102.36000061035156,3450
2021-09-07,102.5199966430664,103.72000122070312,102.5199966430664,103.36000061035156,103.36000061035156,6025
2021-09-08,104.4800033569336,105.1520004272461,103.63999938964844,103.63999938964844,103.63999938964844,12150
2021-09-09,104.31999969482422,104.87999725341797,103.12000274658203,104.87999725341797,104.87999725341797,2650
2021-09-10,103.31999969482422,106.44000244140625,103.31999969482422,106.16000366210938,106.16000366210938,2450
2021-09-13,104.87999725341797,106.44000244140625,104.63999938964844,105.44000244140625,105.44000244140625,2850
2021-09-14,105.77999877929688,106.95999908447266,105.77999877929688,106.0,106.0,6225
2021-09-15,105.76000213623047,106.19999694824219,104.04000091552734,104.83999633789062,104.83999633789062,5325
2021-09-16,104.83999633789062,105.76000213623047,103.87999725341797,104.5199966430664,104.5199966430664,2250
2021-09-17,104.87999725341797,106.4000015258789,104.87999725341797,106.4000015258789,106.4000015258789,3050
2021-09-20,109.76000213623047,113.19999694824219,108.91999816894531,110.31999969482422,110.31999969482422,75600
2021-09-21,108.95999908447266,110.87999725341797,107.80000305175781,108.31999969482422,108.31999969482422,12650
2021-09-22,107.36000061035156,107.5199966430664,105.12000274658203,105.95999908447266,105.95999908447266,15325
2021-09-23,104.5199966430664,104.83999633789062,103.5999984741211,103.80000305175781,103.80000305175781,6175
2021-09-24,104.4800033569336,104.55999755859375,102.91999816894531,103.16000366210938,103.16000366210938,7625
2021-09-27,102.5199966430664,103.55999755859375,102.04000091552734,103.5199966430664,103.5199966430664,12725
2021-09-28,104.91999816894531,107.80000305175781,104.76000213623047,107.04000091552734,107.04000091552734,7550
2021-09-29,106.5999984741211,107.87999725341797,106.44000244140625,107.80000305175781,107.80000305175781,5050
2021-09-30,106.83999633789062,108.80000305175781,106.23999786376953,108.19999694824219,108.19999694824219,5100
2021-10-01,107.19999694824219,108.08399963378906,105.63999938964844,106.95999908447266,106.95999908447266,2300
2021-10-04,106.95999908447266,109.4000015258789,106.5999984741211,108.72000122070312,108.72000122070312,9375
2021-10-05,108.4000015258789,108.4800033569336,106.27999877929688,107.04000091552734,107.04000091552734,8000
2021-10-06,107.91999816894531,109.23999786376953,106.5199966430664,106.5199966430664,106.5199966430664,13750
2021-10-07,105.5199966430664,105.73999786376953,104.95999908447266,105.08000183105469,105.08000183105469,8375
2021-10-08,104.68000030517578,105.68000030517578,104.19999694824219,105.31999969482422,105.31999969482422,8400
2021-10-11,105.72000122070312,105.76000213623047,104.19999694824219,105.76000213623047,105.76000213623047,5200
2021-10-12,104.9280014038086,105.4800033569336,104.16000366210938,104.16000366210938,104.16000366210938,950
2021-10-13,104.0,104.44000244140625,103.4800033569336,103.72000122070312,103.72000122070312,1500
2021-10-14,102.68000030517578,102.68000030517578,101.23999786376953,101.4800033569336,101.4800033569336,4900
2021-10-15,100.76000213623047,102.72000122070312,100.68000030517578,102.55999755859375,102.55999755859375,8150
2021-10-18,103.36000061035156,103.5199966430664,102.44000244140625,103.36000061035156,103.36000061035156,18950
2021-10-19,102.91999816894531,103.08000183105469,102.16000366210938,102.83999633789062,102.83999633789062,9375
2021-10-20,102.72000122070312,103.0,102.08000183105469,102.16000366210938,102.16000366210938,4075
2021-10-21,101.99600219726562,101.99600219726562,100.91600036621094,101.16000366210938,101.16000366210938,1125
2021-10-22,100.87999725341797,102.36000061035156,100.76000213623047,101.91999816894531,101.91999816894531,3450
2021-10-25,102.08000183105469,102.44000244140625,100.08000183105469,100.27999877929688,100.27999877929688,5000
2021-10-26,99.87999725341797,101.72000122070312,99.44000244140625,100.87999725341797,100.87999725341797,6175
2021-10-27,100.81999969482422,102.4800033569336,100.26000213623047,102.36000061035156,102.36000061035156,1525
2021-10-28,101.4000015258789,101.4800033569336,100.63999938964844,100.87999725341797,100.87999725341797,875
2021-10-29,101.95999908447266,102.12000274658203,101.23999786376953,102.0,102.0,1600
2021-11-01,101.55999755859375,102.5199966430664,101.31999969482422,101.55999755859375,101.55999755859375,2575
2021-11-02,101.12000274658203,101.31999969482422,100.23999786376953,100.23999786376953,100.23999786376953,3300
2021-11-03,100.23999786376953,100.5199966430664,98.55999755859375,98.76000213623047,98.76000213623047,4750
2021-11-04,98.31999969482422,99.80000305175781,98.31999969482422,99.80000305175781,99.80000305175781,1875
2021-11-05,99.43199920654297,100.91999816894531,99.43199920654297,100.87999725341797,100.87999725341797,3575
2021-11-08,100.36000061035156,101.5999984741211,100.31999969482422,101.4800033569336,101.4800033569336,2325
2021-11-09,102.0,103.04000091552734,102.0,102.44000244140625,102.44000244140625,2875
2021-11-10,102.83999633789062,103.0,101.12000274658203,102.5199966430664,102.5199966430664,1000
2021-11-11,101.95999908447266,102.04000091552734,100.77999877929688,101.31999969482422,101.31999969482422,1100
2021-11-12,100.80000305175781,100.95999908447266,100.0,100.80000305175781,100.80000305175781,1000
2021-11-15,100.36000061035156,102.23999786376953,100.36000061035156,101.4000015258789,101.4000015258789,1325
2021-11-16,101.23999786376953,101.83999633789062,101.19999694824219,101.83999633789062,101.83999633789062,850
2021-11-17,101.63999938964844,103.5199966430664,101.63999938964844,103.4000015258789,103.4000015258789,1950
2021-11-18,103.4000015258789,104.36000061035156,102.72000122070312,103.68000030517578,103.68000030517578,1425
2021-11-19,104.23999786376953,104.27999877929688,103.19999694824219,103.44000244140625,103.44000244140625,1550
2021-11-22,102.72000122070312,104.4000015258789,102.63999938964844,104.4000015258789,104.4000015258789,1975
2021-11-23,104.76000213623047,105.16000366210938,103.04000091552734,103.04000091552734,103.04000091552734,3250
2021-11-24,104.36000061035156,104.87999725341797,102.80000305175781,102.80000305175781,102.80000305175781,1500
2021-11-26,106.91999816894531,113.27999877929688,106.0,110.19999694824219,110.19999694824219,16450
2021-11-29,107.0,107.4000015258789,104.44000244140625,105.04000091552734,105.04000091552734,26050
2021-11-30,106.87999725341797,111.12000274658203,106.72000122070312,110.91999816894531,110.91999816894531,15275
2021-12-01,107.80000305175781,113.23999786376953,106.04000091552734,113.0,113.0,8000
2021-12-02,112.27999877929688,113.04000091552734,109.95999908447266,110.55999755859375,110.55999755859375,15175
2021-12-03,110.08000183105469,116.5999984741211,109.72000122070312,114.83999633789062,114.83999633789062,10700
2021-12-06,112.76000213623047,113.72000122070312,110.5199966430664,110.5199966430664,110.5199966430664,10375
2021-12-07,108.19999694824219,108.19999694824219,104.91999816894531,105.83999633789062,105.83999633789062,8400
2021-12-08,105.0,105.55999755859375,103.86000061035156,104.83999633789062,104.83999633789062,16900
2021-12-09,104.33999633789062,105.31999969482422,103.91999816894531,105.31999969482422,105.31999969482422,3325
2021-12-10,103.72000122070312,104.44000244140625,103.12000274658203,103.63999938964844,103.63999938964844,4350
2021-12-13,104.4800033569336,106.5999984741211,104.4800033569336,106.5999984741211,106.5999984741211,5350
2021-12-14,107.44000244140625,108.95999908447266,106.83999633789062,107.31999969482422,107.31999969482422,5075
2021-12-15,108.19999694824219,108.91999816894531,103.68000030517578,103.72000122070312,103.72000122070312,54525
2021-12-16,104.11599731445312,106.5999984741211,104.0,106.36000061035156,106.36000061035156,3050
2021-12-17,107.5999984741211,108.55999755859375,106.48400115966797,108.5199966430664,108.5199966430664,5050
2021-12-20,111.55999755859375,112.4800033569336,108.5199966430664,108.76000213623047,108.76000213623047,6825
2021-12-21,107.91999816894531,108.08000183105469,106.55999755859375,107.04000091552734,107.04000091552734,4625
2021-12-22,106.16000366210938,106.68000030517578,105.5199966430664,105.5199966430664,105.5199966430664,3825
2021-12-23,104.72000122070312,105.72000122070312,104.72000122070312,105.72000122070312,105.72000122070312,8175
2021-12-27,104.91999816894531,105.4800033569336,104.4800033569336,104.4800033569336,104.4800033569336,1200
2021-12-28,104.5199966430664,104.63999938964844,103.72000122070312,104.0,104.0,5375
2021-12-29,104.0,104.0,102.23999786376953,102.46800231933594,102.46800231933594,4500
2021-12-30,102.5999984741211,103.31999969482422,102.0,103.12000274658203,103.12000274658203,4650
2021-12-31,103.12000274658203,103.27999877929688,102.27999877929688,102.91999816894531,102.91999816894531,4500
2022-01-03,102.5999984741211,103.0,101.4800033569336,101.68000030517578,101.68000030517578,3550
2022-01-04,101.72000122070312,102.27999877929688,101.30000305175781,101.68000030517578,101.68000030517578,2725
2022-01-05,102.08000183105469,104.55999755859375,100.72000122070312,104.5199966430664,104.5199966430664,11775
2022-01-06,104.5199966430664,104.91999816894531,103.16000366210938,104.44000244140625,104.44000244140625,1825
2022-01-07,103.91999816894531,104.0,102.44000244140625,102.44000244140625,102.44000244140625,3950
2022-01-10,103.72000122070312,105.19999694824219,101.0,101.04000091552734,101.04000091552734,4600
2022-01-11,101.5999984741211,102.31999969482422,99.44000244140625,99.83999633789062,99.83999633789062,3525
2022-01-12,99.19999694824219,99.95999908447266,98.55999755859375,99.95999908447266,99.95999908447266,5950
2022-01-13,100.12000274658203,102.12000274658203,99.31999969482422,102.0,102.0,5275
2022-01-14,103.19999694824219,103.31999969482422,100.4800033569336,100.5999984741211,100.5999984741211,9575
2022-01-18,102.76000213623047,103.68000030517578,102.19999694824219,102.95999908447266,102.95999908447266,8000
2022-01-19,102.08000183105469,103.19999694824219,101.27999877929688,103.08000183105469,103.08000183105469,7525
2022-01-20,102.08000183105469,104.08000183105469,100.76000213623047,103.83999633789062,103.83999633789062,15250
2022-01-21,103.87999725341797,107.23999786376953,103.31999969482422,107.23999786376953,107.23999786376953,30875
2022-01-24,109.76000213623047,114.0,106.27999877929688,106.27999877929688,106.27999877929688,32025
2022-01-25,109.4000015258789,111.5199966430664,106.84400177001953,107.63999938964844,107.63999938964844,14800
2022-01-26,105.27999877929688,109.04000091552734,104.31999969482422,107.91999816894531,107.91999816894531,10725
2022-01-27,106.08000183105469,109.44000244140625,105.68000030517578,108.4000015258789,108.4000015258789,3675
2022-01-28,108.31999969482422,109.5999984741211,105.0,105.44000244140625,105.44000244140625,7850
2022-01-31,106.08000183105469,106.37999725341797,102.4000015258789,102.55999755859375,102.55999755859375,7950
2022-02-01,101.95999908447266,102.72000122070312,99.4000015258789,99.44000244140625,99.44000244140625,18175
2022-02-02,99.55999755859375,100.44000244140625,99.12000274658203,100.23999786376953,100.23999786376953,58000
2022-02-03,102.44000244140625,105.36000061035156,101.16000366210938,105.12000274658203,105.12000274658203,30775
2022-02-04,104.63999938964844,105.38400268554688,102.19999694824219,104.68000030517578,104.68000030517578,19400
2022-02-07,104.23999786376953,104.23999786376953,101.95999908447266,103.36000061035156,103.36000061035156,22575
2022-02-08,102.55999755859375,103.19999694824219,100.91999816894531,101.31999969482422,101.31999969482422,13750
2022-02-09,100.0,100.27999877929688,99.08000183105469,99.4800033569336,99.4800033569336,19525
2022-02-10,101.12000274658203,103.80000305175781,99.31999969482422,102.91999816894531,102.91999816894531,13600
2022-02-11,101.87999725341797,106.80000305175781,101.4800033569336,106.36000061035156,106.36000061035156,66550
2022-02-14,106.23999786376953,108.0199966430664,105.27999877929688,105.91999816894531,105.91999816894531,14000
2022-02-15,103.80000305175781,104.12000274658203,102.55999755859375,102.68000030517578,102.68000030517578,15075
2022-02-16,104.36000061035156,104.43599700927734,100.95999908447266,101.19999694824219,101.19999694824219,10475
2022-02-17,103.5199966430664,104.80000305175781,102.95999908447266,104.72000122070312,104.72000122070312,7975
2022-02-18,104.44000244140625,106.4000015258789,104.0,106.08000183105469,106.08000183105469,22300
2022-02-22,106.68000030517578,107.03600311279297,104.4800033569336,105.55999755859375,105.55999755859375,8150
2022-02-23,104.19999694824219,108.5999984741211,104.19999694824219,108.5199966430664,108.5199966430664,4250
2022-02-24,112.80000305175781,112.83599853515625,106.04000091552734,106.44000244140625,106.44000244140625,27825
2022-02-25,106.44000244140625,107.43599700927734,104.19999694824219,105.04000091552734,105.04000091552734,5275
2022-02-28,108.23999786376953,109.63999938964844,106.80000305175781,108.16000366210938,108.16000366210938,10000
2022-03-01,109.5199966430664,113.08000183105469,109.19999694824219,112.4000015258789,112.4000015258789,6225
2022-03-02,111.31999969482422,111.83999633789062,108.87999725341797,110.0,110.0,43050
2022-03-03,109.23999786376953,111.5,109.23999786376953,111.0199966430664,111.0199966430664,15225
2022-03-04,113.83999633789062,114.68800354003906,112.31999969482422,112.31999969482422,112.31999969482422,6950
2022-03-07,114.4000015258789,117.95999908447266,113.04000091552734,117.95999908447266,117.95999908447266,26900
2022-03-08,117.44000244140625,119.44000244140625,114.12000274658203,118.04000091552734,118.04000091552734,41875
2022-03-09,114.87999725341797,116.87999725341797,113.68000030517578,116.76000213623047,116.76000213623047,11000
2022-03-10,117.76000213623047,118.4800033569336,115.5999984741211,116.19999694824219,116.19999694824219,5875
2022-03-11,114.08000183105469,116.80000305175781,114.08000183105469,116.80000305175781,116.80000305175781,16700
2022-03-14,116.19999694824219,121.44000244140625,115.36000061035156,118.87999725341797,118.87999725341797,14950
2022-03-15,118.44000244140625,119.4000015258789,116.08000183105469,116.4000015258789,116.4000015258789,79200
2022-03-16,115.0,115.80000305175781,112.36000061035156,112.76000213623047,112.76000213623047,14000
2022-03-17,112.36000061035156,112.55999755859375,110.31999969482422,111.36000061035156,111.36000061035156,7150
2022-03-18,112.08000183105469,112.22000122070312,108.27200317382812,108.27200317382812,108.27200317382812,16550
2022-03-21,108.27999877929688,108.72000122070312,105.76000213623047,108.63999938964844,108.63999938964844,12325
2022-03-22,107.55999755859375,107.55999755859375,106.72000122070312,106.91999816894531,106.91999816894531,26100
2022-03-23,108.04000091552734,108.23999786376953,106.63999938964844,106.91999816894531,106.91999816894531,10100
2022-03-24,107.5199966430664,107.79199981689453,105.80000305175781,106.76000213623047,106.76000213623047,4525
2022-03-25,106.68000030517578,107.23999786376953,105.24400329589844,105.4000015258789,105.4000015258789,18100
2022-03-28,105.80000305175781,106.81199645996094,104.83999633789062,105.0,105.0,15900
2022-03-29,104.4800033569336,104.80000305175781,103.30000305175781,103.36000061035156,103.36000061035156,14300
2022-03-30,103.63999938964844,105.4000015258789,103.5999984741211,104.19999694824219,104.19999694824219,33825
2022-03-31,105.19999694824219,106.04000091552734,104.72000122070312,105.91999816894531,105.91999816894531,21500
2022-04-01,105.36000061035156,106.45999908447266,104.4800033569336,105.31999969482422,105.31999969482422,7600
2022-04-04,105.16799926757812,105.31999969482422,103.95999908447266,103.95999908447266,103.95999908447266,2600
2022-04-05,104.31999969482422,107.4000015258789,104.27999877929688,107.19999694824219,107.19999694824219,3975
2022-04-06,108.36000061035156,109.8479995727539,107.4800033569336,108.19999694824219,108.19999694824219,14775
2022-04-07,109.04000091552734,110.0,107.19999694824219,107.5999984741211,107.5999984741211,5700
2022-04-08,108.12000274658203,108.4000015258789,106.9000015258789,108.0,108.0,4125
2022-04-11,108.55999755859375,110.19999694824219,108.4800033569336,110.16000366210938,110.16000366210938,31925
2022-04-12,109.80000305175781,111.30400085449219,108.76799774169922,111.04000091552734,111.04000091552734,7650
2022-04-13,111.5199966430664,111.72000122070312,108.37999725341797,108.87999725341797,108.87999725341797,9100
2022-04-14,108.04000091552734,110.19999694824219,107.64800262451172,110.19999694824219,110.19999694824219,10075
2022-04-18,110.83999633789062,111.0,109.95999908447266,110.27999877929688,110.27999877929688,7200
2022-04-19,110.5999984741211,110.5999984741211,107.44000244140625,108.08000183105469,108.08000183105469,5000
2022-04-20,107.16000366210938,107.72000122070312,106.5999984741211,106.5999984741211,106.5999984741211,3950
2022-04-21,105.5199966430664,109.87999725341797,105.5199966430664,109.72000122070312,109.72000122070312,6400
2022-04-22,109.83999633789062,114.31999969482422,109.63999938964844,113.76000213623047,113.76000213623047,30400
2022-04-25,114.16000366210938,115.72000122070312,112.04000091552734,112.31999969482422,112.31999969482422,18675
2022-04-26,113.72000122070312,116.80000305175781,113.44000244140625,116.63999938964844,116.63999938964844,12650
2022-04-27,116.44000244140625,116.87999725341797,114.0,116.83999633789062,116.83999633789062,35450
2022-04-28,114.44000244140625,117.9000015258789,114.0,117.87999725341797,117.87999725341797,18600
2022-04-29,116.63999938964844,118.86399841308594,115.5999984741211,118.27999877929688,118.27999877929688,32575
2022-05-02,118.0,122.23999786376953,117.27999877929688,118.04000091552734,118.04000091552734,33250
2022-05-03,117.23999786376953,117.68000030517578,115.68000030517578,115.68000030517578,115.68000030517578,4700
2022-05-04,115.72000122070312,115.92400360107422,110.27999877929688,111.12000274658203,111.12000274658203,9700
2022-05-05,113.16000366210938,119.87999725341797,111.91999816894531,119.63999938964844,119.63999938964844,14225
2022-05-06,119.4800033569336,122.52400207519531,118.80000305175781,119.63999938964844,119.63999938964844,7525
2022-05-09,123.95999908447266,124.5999984741211,121.04000091552734,124.12000274658203,124.12000274658203,7475
2022-05-10,120.68000030517578,124.83999633789062,120.68000030517578,123.08000183105469,123.08000183105469,6100
2022-05-11,123.5199966430664,123.5199966430664,119.87999725341797,122.31999969482422,122.31999969482422,3775
2022-05-12,123.23999786376953,124.76000213623047,120.36000061035156,122.27999877929688,122.27999877929688,62675
2022-05-13,119.36000061035156,119.87999725341797,117.12000274658203,118.23999786376953,118.23999786376953,57200
2022-05-16,117.55999755859375,118.30000305175781,116.55999755859375,117.5999984741211,117.5999984741211,8975
2022-05-17,114.91999816894531,117.23999786376953,114.91999816894531,116.72000122070312,116.72000122070312,8275
2022-05-18,119.19999694824219,122.55999755859375,117.16000366210938,122.55999755859375,122.55999755859375,7550
2022-05-19,123.08000183105469,124.0,118.68000030517578,118.68000030517578,118.68000030517578,21250
2022-05-20,119.19999694824219,123.5999984741211,118.2760009765625,119.55999755859375,119.55999755859375,10000
2022-05-23,118.55999755859375,120.0,117.83999633789062,119.19999694824219,119.19999694824219,6050
2022-05-24,119.87999725341797,122.12000274658203,119.68000030517578,120.08000183105469,120.08000183105469,17875
2022-05-25,120.08000183105469,120.08000183105469,117.4800033569336,117.87999725341797,117.87999725341797,4775
2022-05-26,117.31999969482422,118.0,116.5999984741211,117.63999938964844,117.63999938964844,3975
2022-05-27,116.0,116.36000061035156,115.68000030517578,115.68000030517578,115.68000030517578,3775
2022-05-31,118.12000274658203,118.5199966430664,114.88400268554688,115.23999786376953,115.23999786376953,6700
2022-06-01,114.23999786376953,117.19999694824219,114.16000366210938,114.83999633789062,114.83999633789062,2875
2022-06-02,114.80000305175781,115.68800354003906,112.87999725341797,113.12000274658203,113.12000274658203,1425
2022-06-03,114.64399719238281,115.0,113.69599914550781,114.98400115966797,114.98400115966797,1575
2022-06-06,113.95999908447266,115.30000305175781,113.72000122070312,114.27999877929688,114.27999877929688,1450
2022-06-07,116.08000183105469,116.68000030517578,113.27999877929688,113.27999877929688,113.27999877929688,850
2022-06-08,113.95999908447266,114.83999633789062,112.947998046875,114.12000274658203,114.12000274658203,1800
2022-06-09,114.19999694824219,115.81199645996094,114.0,115.55999755859375,115.55999755859375,3250
2022-06-10,119.4000015258789,120.76799774169922,118.5999984741211,119.27999877929688,119.27999877929688,5025
2022-06-13,124.12000274658203,127.36000061035156,122.80000305175781,125.91999816894531,125.91999816894531,13325
2022-06-14,125.87999725341797,127.08000183105469,124.31999969482422,124.5199966430664,124.5199966430664,10475
2022-06-15,123.5199966430664,123.5199966430664,118.31999969482422,121.23999786376953,121.23999786376953,9675
2022-06-16,123.95999908447266,125.95999908447266,123.19999694824219,124.87999725341797,124.87999725341797,7450
2022-06-17,124.12000274658203,124.76000213623047,122.16000366210938,122.55999755859375,122.55999755859375,4225
2022-06-21,119.5999984741211,120.31999969482422,118.4000015258789,120.08000183105469,120.08000183105469,9750
2022-06-22,121.16000366210938,121.91999816894531,118.76000213623047,119.12000274658203,119.12000274658203,2575
2022-06-23,118.0,119.68000030517578,117.5999984741211,119.0,119.0,1200
2022-06-24,117.19999694824219,117.80000305175781,116.4000015258789,117.63999938964844,117.63999938964844,3100
2022-06-27,116.76000213623047,116.83999633789062,115.5999984741211,115.83999633789062,115.83999633789062,2150
2022-06-28,115.72000122070312,118.23999786376953,115.44000244140625,117.36000061035156,117.36000061035156,5425
2022-06-29,119.16000366210938,119.19999694824219,118.23999786376953,118.5199966430664,118.5199966430664,6050
2022-06-30,119.87999725341797,121.08000183105469,119.19999694824219,119.66799926757812,119.66799926757812,3825
2022-07-01,120.12000274658203,120.4000015258789,117.76000213623047,117.76000213623047,117.76000213623047,2250
2022-07-05,119.91999816894531,120.4000015258789,117.68000030517578,118.12000274658203,118.12000274658203,2800
2022-07-06,117.68000030517578,119.1719970703125,117.19999694824219,117.87999725341797,117.87999725341797,1975
2022-07-07,116.95999908447266,117.0,116.25599670410156,116.83999633789062,116.83999633789062,1575
2022-07-08,116.68000030517578,117.19999694824219,115.62000274658203,115.68000030517578,115.68000030517578,1450
2022-07-11,117.16000366210938,117.87999725341797,116.44000244140625,117.75599670410156,117.75599670410156,2125
2022-07-12,118.0,118.48799896240234,116.72000122070312,118.48799896240234,118.48799896240234,1300
2022-07-13,119.63999938964844,119.63999938964844,117.5999984741211,118.46800231933594,118.46800231933594,1075
2022-07-14,120.5999984741211,120.81199645996094,118.55999755859375,119.04000091552734,119.04000091552734,1675
2022-07-15,117.55999755859375,118.39600372314453,116.63999938964844,116.8280029296875,116.8280029296875,2800
2022-07-18,116.87999725341797,118.80000305175781,115.72000122070312,118.61199951171875,118.61199951171875,2725
2022-07-19,117.04000091552734,117.04000091552734,115.44000244140625,115.95999908447266,115.95999908447266,1225
2022-07-20,117.08000183105469,117.08000183105469,115.5999984741211,115.68000030517578,115.68000030517578,800
2022-07-21,115.83999633789062,115.83999633789062,115.08000183105469,115.08000183105469,115.08000183105469,175
2022-07-22,115.47599792480469,116.0,114.68399810791016,115.61599731445312,115.61599731445312,2250
2022-07-25,114.91999816894531,115.55999755859375,114.91999816894531,115.55999755859375,115.55999755859375,2525
2022-07-26,115.83599853515625,116.76000213623047,115.5999984741211,116.0479965209961,116.0479965209961,3700
2022-07-27,114.44000244140625,114.44000244140625,113.16000366210938,113.80000305175781,113.80000305175781,8050
2022-07-28,113.23999786376953,113.55999755859375,111.69599914550781,111.69599914550781,111.69599914550781,1500
2022-07-29,116.36000061035156,116.36000061035156,109.7239990234375,109.9800033569336,109.9800033569336,5000
2022-08-01,110.16000366210938,112.0,109.87999725341797,111.95999908447266,111.95999908447266,2075
2022-08-02,112.36000061035156,113.76000213623047,110.95999908447266,113.45999908447266,113.45999908447266,1950
2022-08-03,111.72000122070312,112.08000183105469,110.83999633789062,110.947998046875,110.947998046875,7100
2022-08-04,111.55999755859375,112.4000015258789,111.44000244140625,112.36399841308594,112.36399841308594,1125
2022-08-05,113.83999633789062,113.83999633789062,112.03600311279297,112.03600311279297,112.03600311279297,1800
2022-08-08,111.63999938964844,112.71600341796875,111.55999755859375,112.30000305175781,112.30000305175781,1575
2022-08-09,112.88400268554688,113.0,112.81199645996094,112.81199645996094,112.81199645996094,350
2022-08-10,111.0,111.27999877929688,109.44400024414062,109.77999877929688,109.77999877929688,3425
2022-08-11,109.91999816894531,110.4000015258789,109.4800033569336,110.0199966430664,110.0199966430664,950
2022-08-12,109.80000305175781,109.80000305175781,108.63999938964844,109.28800201416016,109.28800201416016,1800
2022-08-15,109.5199966430664,109.5199966430664,108.4800033569336,108.51200103759766,108.51200103759766,1225
2022-08-16,109.0,109.0,108.16000366210938,108.72000122070312,108.72000122070312,1850
2022-08-17,109.52400207519531,110.2760009765625,108.72000122070312,109.36000061035156,109.36000061035156,975
2022-08-18,109.68000030517578,109.68000030517578,108.68000030517578,109.10399627685547,109.10399627685547,7350
2022-08-19,111.44000244140625,112.04000091552734,110.64800262451172,111.04000091552734,111.04000091552734,14400
2022-08-22,112.76000213623047,113.76000213623047,112.4000015258789,113.55999755859375,113.55999755859375,56450
2022-08-23,114.16000366210938,114.16000366210938,112.44000244140625,112.68000030517578,112.68000030517578,3350
2022-08-24,112.63999938964844,112.63999938964844,111.30400085449219,111.30400085449219,111.30400085449219,2000
2022-08-25,111.19999694824219,111.19999694824219,109.63999938964844,109.87999725341797,109.87999725341797,7250
2022-08-26,109.63999938964844,114.19999694824219,109.63999938964844,113.68000030517578,113.68000030517578,6525
2022-08-29,114.36000061035156,114.55999755859375,112.5999984741211,112.76000213623047,112.76000213623047,8300
2022-08-30,112.87999725341797,114.22000122070312,112.87999725341797,113.80000305175781,113.80000305175781,2825
2022-08-31,112.24400329589844,113.72000122070312,112.24400329589844,112.76000213623047,112.76000213623047,3075
2022-09-01,113.68000030517578,115.08000183105469,112.44000244140625,112.5199966430664,112.5199966430664,16950
2022-09-02,110.68000030517578,113.36000061035156,110.04000091552734,113.0,113.0,20625
2022-09-06,112.04000091552734,114.36000061035156,111.95999908447266,112.95999908447266,112.95999908447266,31725
2022-09-07,113.5199966430664,113.5199966430664,110.87999725341797,110.87999725341797,110.87999725341797,2075
2022-09-08,111.4800033569336,111.59600067138672,110.5199966430664,110.68000030517578,110.68000030517578,43375
2022-09-09,109.91999816894531,110.19999694824219,109.16000366210938,110.19999694824219,110.19999694824219,45450
2022-09-12,108.95999908447266,109.80000305175781,108.55999755859375,109.12000274658203,109.12000274658203,14300
2022-09-13,111.55999755859375,114.83999633789062,111.36000061035156,113.72000122070312,113.72000122070312,26550
2022-09-14,114.0,114.56400299072266,112.8280029296875,113.27999877929688,113.27999877929688,14175
2022-09-15,114.19999694824219,114.31999969482422,113.08000183105469,114.08000183105469,114.08000183105469,2100
2022-09-16,114.76000213623047,115.91999816894531,113.23999786376953,113.95999908447266,113.95999908447266,6975
2022-09-19,115.04000091552734,115.04000091552734,111.5,111.5199966430664,111.5199966430664,14525
2022-09-20,112.87999725341797,113.12000274658203,111.68000030517578,112.04000091552734,112.04000091552734,8150
2022-09-21,111.5199966430664,113.4800033569336,110.4800033569336,113.4800033569336,113.4800033569336,13975
2022-09-22,113.08000183105469,114.12000274658203,112.36000061035156,113.36000061035156,113.36000061035156,6150
2022-09-23,114.19999694824219,117.95999908447266,114.19999694824219,116.16000366210938,116.16000366210938,16475
2022-09-26,117.44000244140625,119.4000015258789,115.72000122070312,119.4000015258789,119.4000015258789,9000
2022-09-27,117.16000366210938,121.12000274658203,117.16000366210938,119.5199966430664,119.5199966430664,12325
2022-09-28,119.5199966430664,119.87999725341797,117.4800033569336,117.72000122070312,117.72000122070312,14475
2022-09-29,119.16000366210938,121.05999755859375,119.08000183105469,119.63999938964844,119.63999938964844,6250
2022-09-30,119.68000030517578,120.37200164794922,117.76000213623047,120.16000366210938,120.16000366210938,2925
2022-10-03,118.31999969482422,118.83999633789062,116.80000305175781,117.91999816894531,117.91999816894531,12625
2022-10-04,115.5999984741211,117.19999694824219,115.55999755859375,117.12000274658203,117.12000274658203,3050
2022-10-05,117.55999755859375,119.12000274658203,117.55999755859375,117.63999938964844,117.63999938964844,10100
2022-10-06,117.27999877929688,119.35600280761719,116.76000213623047,119.04000091552734,119.04000091552734,3050
2022-10-07,119.94000244140625,122.4000015258789,119.94000244140625,121.23999786376953,121.23999786376953,5125
2022-10-10,122.36000061035156,124.08000183105469,122.0,123.19999694824219,123.19999694824219,2400
2022-10-11,123.76000213623047,124.68000030517578,122.08000183105469,124.68000030517578,124.68000030517578,13175
2022-10-12,123.80000305175781,124.95999908447266,123.2760009765625,123.68000030517578,123.68000030517578,5950
2022-10-13,125.4800033569336,125.4800033569336,120.83999633789062,121.04000091552734,121.04000091552734,8525
2022-10-14,120.16000366210938,124.63999938964844,119.94000244140625,123.08000183105469,123.08000183105469,1100
2022-10-17,120.76000213623047,121.31999969482422,119.91999816894531,121.31999969482422,121.31999969482422,9925
2022-10-18,118.44000244140625,120.87999725341797,118.44000244140625,119.68000030517578,119.68000030517578,12300
2022-10-19,120.68000030517578,121.63999938964844,120.08000183105469,120.08000183105469,120.08000183105469,2300
2022-10-20,120.15599822998047,120.4800033569336,118.95999908447266,120.4000015258789,120.4000015258789,6225
2022-10-21,119.87999725341797,120.08000183105469,118.91999816894531,120.04000091552734,120.04000091552734,6050
2022-10-24,118.04000091552734,120.63999938964844,118.04000091552734,118.87999725341797,118.87999725341797,9325
2022-10-25,118.27999877929688,118.5999984741211,116.55999755859375,116.63999938964844,116.63999938964844,2675
2022-10-26,116.68000030517578,116.68000030517578,114.76000213623047,115.55999755859375,115.55999755859375,28475
2022-10-27,116.5999984741211,116.5999984741211,114.19999694824219,115.0,115.0,14550
2022-10-28,114.31999969482422,114.31999969482422,112.16000366210938,113.12000274658203,113.12000274658203,53900
2022-10-31,113.27999877929688,113.50399780273438,112.4000015258789,112.4000015258789,112.4000015258789,3400
2022-11-01,111.4800033569336,112.12000274658203,111.31999969482422,111.31999969482422,111.31999969482422,8775
2022-11-02,111.23999786376953,113.44000244140625,109.83999633789062,113.08000183105469,113.08000183105469,32375
2022-11-03,113.04000091552734,113.27999877929688,110.91999816894531,111.31999969482422,111.31999969482422,22850
2022-11-04,109.76000213623047,111.03199768066406,108.4000015258789,109.44000244140625,109.44000244140625,63175
2022-11-07,110.30000305175781,110.30000305175781,108.5999984741211,109.36000061035156,109.36000061035156,71475
2022-11-08,109.5999984741211,110.63999938964844,108.5199966430664,110.63999938964844,110.63999938964844,28750
2022-11-09,110.4000015258789,113.31999969482422,110.4000015258789,113.08000183105469,113.08000183105469,23350
2022-11-10,109.19999694824219,110.19999694824219,108.76000213623047,110.16000366210938,110.16000366210938,40450
2022-11-11,110.49199676513672,110.91999816894531,110.08000183105469,110.87999725341797,110.87999725341797,20025
2022-11-14,110.95999908447266,111.33200073242188,109.79199981689453,111.31999969482422,111.31999969482422,29175
2022-11-15,110.80000305175781,112.5999984741211,110.16000366210938,111.72000122070312,111.72000122070312,9825
2022-11-16,112.19999694824219,112.19999694824219,110.8479995727539,111.08000183105469,111.08000183105469,4550
2022-11-17,112.0,112.0,110.4000015258789,110.4000015258789,110.4000015258789,2475
2022-11-18,110.23999786376953,110.96399688720703,109.91999816894531,110.16000366210938,110.16000366210938,7425
2022-11-21,109.91999816894531,109.91999816894531,108.5999984741211,108.68000030517578,108.68000030517578,45625
2022-11-22,108.04000091552734,108.04000091552734,106.31999969482422,106.31999969482422,106.31999969482422,39550
2022-11-23,106.5999984741211,106.83999633789062,105.36000061035156,105.63999938964844,105.63999938964844,25850
2022-11-25,105.63999938964844,106.4000015258789,105.55999755859375,106.4000015258789,106.4000015258789,10200
2022-11-28,107.0,108.55999755859375,106.80000305175781,108.19999694824219,108.19999694824219,17150
2022-11-29,108.37999725341797,108.68000030517578,107.23999786376953,107.36000061035156,107.36000061035156,16150
2022-11-30,107.68000030517578,108.23999786376953,104.91999816894531,105.0,105.0,29375
2022-12-01,104.80000305175781,105.76000213623047,104.16000366210938,104.16000366210938,104.16000366210938,32175
2022-12-02,104.87999725341797,104.87999725341797,102.87999725341797,102.91999816894531,102.91999816894531,8900
2022-12-05,104.5199966430664,104.55999755859375,103.66799926757812,104.19999694824219,104.19999694824219,24975
2022-12-06,103.5199966430664,105.12000274658203,103.27999877929688,104.5999984741211,104.5999984741211,37000
2022-12-07,104.76000213623047,105.4800033569336,104.76000213623047,104.91999816894531,104.91999816894531,10200
2022-12-08,105.0999984741211,105.4800033569336,103.95999908447266,104.0,104.0,5100
2022-12-09,104.12000274658203,105.27999877929688,103.4800033569336,105.27999877929688,105.27999877929688,12475
2022-12-12,105.44000244140625,105.44000244140625,103.68000030517578,103.76000213623047,103.76000213623047,21850
2022-12-13,101.12000274658203,103.83999633789062,101.12000274658203,102.72000122070312,102.72000122070312,11875
2022-12-14,101.4000015258789,102.95999908447266,101.4000015258789,101.76000213623047,101.76000213623047,9775
2022-12-15,103.04000091552734,105.41200256347656,103.04000091552734,104.4000015258789,104.4000015258789,21725
2022-12-16,105.41999816894531,107.12000274658203,105.19999694824219,105.83999633789062,105.83999633789062,22525
2022-12-19,105.36000061035156,105.68000030517578,104.27999877929688,104.91999816894531,104.91999816894531,20300
2022-12-20,105.0,105.12000274658203,104.0,104.36000061035156,104.36000061035156,7225
2022-12-21,103.55999755859375,103.55999755859375,102.4000015258789,102.80000305175781,102.80000305175781,16050
2022-12-22,103.04000091552734,106.23999786376953,103.04000091552734,105.4000015258789,105.4000015258789,22950
2022-12-23,105.12000274658203,105.19999694824219,103.91999816894531,103.91999816894531,103.91999816894531,3400
2022-12-27,106.16000366210938,106.16000366210938,103.91999816894531,104.23999786376953,104.23999786376953,16500
2022-12-28,103.68000030517578,104.4800033569336,102.86399841308594,104.31999969482422,104.31999969482422,7850
2022-12-29,103.63999938964844,103.63999938964844,102.80000305175781,103.31999969482422,103.31999969482422,5925
2022-12-30,104.0,104.52799987792969,103.4000015258789,103.4000015258789,103.4000015258789,25525
2023-01-03,102.55999755859375,103.6760025024414,101.80000305175781,101.95999908447266,101.95999908447266,18150
2023-01-04,101.27999877929688,101.44000244140625,99.83999633789062,99.95999908447266,99.95999908447266,13125
2023-01-05,100.36399841308594,100.54000091552734,100.0,100.04000091552734,100.04000091552734,9950
2023-01-06,98.80000305175781,99.04000091552734,97.08000183105469,97.5999984741211,97.5999984741211,11350
2023-01-09,97.19999694824219,97.80000305175781,96.16000366210938,97.31999969482422,97.31999969482422,19625
2023-01-10,97.36000061035156,97.36000061035156,95.08000183105469,95.16000366210938,95.16000366210938,5625
2023-01-11,94.95999908447266,95.63999938964844,94.5999984741211,95.27999877929688,95.27999877929688,5850
2023-01-12,94.55999755859375,94.62000274658203,93.23999786376953,93.5199966430664,93.5199966430664,6375
2023-01-13,94.04000091552734,94.04000091552734,91.04000091552734,91.80000305175781,91.80000305175781,15050
2023-01-17,91.72000122070312,92.71600341796875,91.72000122070312,92.0,92.0,8425
2023-01-18,91.80000305175781,94.24800109863281,91.80000305175781,94.24800109863281,94.24800109863281,13225
2023-01-19,95.5199966430664,95.5199966430664,93.68000030517578,94.0,94.0,6525
2023-01-20,94.04000091552734,94.18000030517578,91.91999816894531,92.16000366210938,92.16000366210938,14500
2023-01-23,91.5199966430664,91.72000122070312,90.91600036621094,91.12000274658203,91.12000274658203,6325
2023-01-24,91.0,91.0,88.63999938964844,88.63999938964844,88.63999938964844,6275
2023-01-25,89.68000030517578,90.4000015258789,88.19999694824219,88.19999694824219,88.19999694824219,5200
2023-01-26,87.87999725341797,88.16000366210938,87.0,87.27999877929688,87.27999877929688,24050
2023-01-27,87.44000244140625,87.44000244140625,85.80000305175781,86.44000244140625,86.44000244140625,8125
2023-01-30,87.04000091552734,87.72000122070312,86.4800033569336,86.4800033569336,86.4800033569336,14050
2023-01-31,86.16000366210938,86.27999877929688,85.4000015258789,85.76000213623047,85.76000213623047,19875
2023-02-01,85.83999633789062,86.63999938964844,84.15599822998047,84.4000015258789,84.4000015258789,23750
2023-02-02,83.80000305175781,86.44000244140625,83.72000122070312,85.76000213623047,85.76000213623047,31775
2023-02-03,87.55999755859375,87.55999755859375,85.68399810791016,86.68000030517578,86.68000030517578,12025
2023-02-06,86.87999725341797,87.63999938964844,86.68000030517578,87.12000274658203,87.12000274658203,7050
2023-02-07,87.76000213623047,87.76000213623047,85.68000030517578,86.16000366210938,86.16000366210938,3200
2023-02-08,86.87999725341797,88.36000061035156,86.08000183105469,88.16000366210938,88.16000366210938,7100
2023-02-09,88.19999694824219,89.87999725341797,86.76399993896484,89.5199966430664,89.5199966430664,7900
2023-02-10,90.08000183105469,91.31999969482422,89.9800033569336,90.95999908447266,90.95999908447266,7700
2023-02-13,90.31999969482422,90.36000061035156,88.55999755859375,88.72000122070312,88.72000122070312,5975
2023-02-14,88.23999786376953,88.42400360107422,86.83999633789062,87.08000183105469,87.08000183105469,5575
2023-02-15,87.68000030517578,87.83999633789062,86.5199966430664,86.55999755859375,86.55999755859375,3000
2023-02-16,87.95999908447266,88.55999755859375,86.65599822998047,88.31999969482422,88.31999969482422,14200
2023-02-17,89.23999786376953,90.12000274658203,88.4800033569336,88.66400146484375,88.66400146484375,6825
2023-02-21,90.0,92.23999786376953,90.0,91.4800033569336,91.4800033569336,24300
2023-02-22,91.72000122070312,92.4800033569336,90.31199645996094,90.44000244140625,90.44000244140625,5900
2023-02-23,89.44000244140625,90.68000030517578,88.80000305175781,89.16000366210938,89.16000366210938,5350
2023-02-24,90.27999877929688,91.77999877929688,90.27999877929688,91.19999694824219,91.19999694824219,9950
2023-02-27,89.80000305175781,89.87999725341797,89.27999877929688,89.44000244140625,89.44000244140625,8275
2023-02-28,89.44000244140625,89.44000244140625,88.16000366210938,88.44000244140625,88.44000244140625,7050
2023-03-01,88.83999633789062,89.63999938964844,88.63999938964844,89.63999938964844,89.63999938964844,2225
2023-03-02,90.31999969482422,90.31999969482422,87.31999969482422,87.4000015258789,87.4000015258789,4950
2023-03-03,86.91999816894531,87.36000061035156,86.0,86.27999877929688,86.27999877929688,5575
2023-03-06,85.83999633789062,85.83999633789062,84.83999633789062,84.83999633789062,84.83999633789062,4650
2023-03-07,84.83999633789062,85.95999908447266,84.36000061035156,85.63999938964844,85.63999938964844,4525
2023-03-08,86.76000213623047,86.76000213623047,84.72000122070312,85.36000061035156,85.36000061035156,12300
2023-03-09,84.19999694824219,89.4000015258789,84.0,89.19999694824219,89.19999694824219,6725
2023-03-10,89.44000244140625,98.5999984741211,89.19999694824219,94.36000061035156,94.36000061035156,65850
2023-03-13,96.0,98.4800033569336,94.72000122070312,96.23999786376953,96.23999786376953,13675
2023-03-14,90.55999755859375,93.91999816894531,90.44000244140625,93.0,93.0,16375
2023-03-15,97.5199966430664,101.83999633789062,97.0,98.44000244140625,98.44000244140625,37750
2023-03-16,99.23999786376953,99.4000015258789,93.27999877929688,93.4800033569336,93.4800033569336,11600
2023-03-17,94.95999908447266,99.76000213623047,94.80000305175781,99.44000244140625,99.44000244140625,11125
2023-03-20,99.68000030517578,100.31999969482422,97.68000030517578,98.36000061035156,98.36000061035156,6550
2023-03-21,96.5199966430664,96.5199966430664,93.19999694824219,93.63999938964844,93.63999938964844,8150
2023-03-22,93.12000274658203,94.08000183105469,91.12000274658203,93.80000305175781,93.80000305175781,7925
2023-03-23,93.68000030517578,96.44000244140625,91.25599670410156,96.12000274658203,96.12000274658203,6200
2023-03-24,97.4800033569336,99.80000305175781,95.16000366210938,95.23999786376953,95.23999786376953,6850
2023-03-27,93.16000366210938,95.0,92.87999725341797,93.08000183105469,93.08000183105469,7350
2023-03-28,93.23999786376953,94.0,92.36000061035156,92.68000030517578,92.68000030517578,6700
2023-03-29,90.95999908447266,91.72000122070312,90.76000213623047,91.23999786376953,91.23999786376953,6725
2023-03-30,91.4000015258789,92.27999877929688,91.36000061035156,91.80000305175781,91.80000305175781,3400
2023-03-31,91.4000015258789,91.72000122070312,91.0,91.36000061035156,91.36000061035156,8375
2023-04-03,92.12000274658203,92.23200225830078,90.36000061035156,90.36000061035156,90.36000061035156,8450
2023-04-04,91.23999786376953,92.96399688720703,91.23999786376953,92.5199966430664,92.5199966430664,16475
2023-04-05,93.31999969482422,93.63999938964844,92.68000030517578,92.81999969482422,92.81999969482422,5300
2023-04-06,93.36000061035156,93.4800033569336,92.0,92.44000244140625,92.44000244140625,3125
2023-04-10,94.73999786376953,94.73999786376953,90.97200012207031,90.97200012207031,90.97200012207031,4300
2023-04-11,90.4800033569336,91.12000274658203,90.16000366210938,90.91999816894531,90.91999816894531,5650
2023-04-12,89.4800033569336,90.87999725341797,89.4800033569336,90.68000030517578,90.68000030517578,4250
2023-04-13,90.68000030517578,90.68000030517578,88.87999725341797,89.23999786376953,89.23999786376953,28400
2023-04-14,90.12000274658203,90.68000030517578,89.72000122070312,90.08000183105469,90.08000183105469,3300
2023-04-17,89.5199966430664,89.5199966430664,88.37999725341797,88.83999633789062,88.83999633789062,20475
2023-04-18,88.91999816894531,89.80000305175781,88.91999816894531,89.16000366210938,89.16000366210938,7650
2023-04-19,90.5199966430664,90.5199966430664,89.04000091552734,89.72000122070312,89.72000122070312,6525
2023-04-20,90.95999908447266,91.08000183105469,89.80000305175781,90.80000305175781,90.80000305175781,13350
2023-04-21,90.76000213623047,91.08000183105469,90.23999786376953,90.63999938964844,90.63999938964844,7150
2023-04-24,90.76000213623047,91.44000244140625,90.55999755859375,90.63999938964844,90.63999938964844,5900
2023-04-25,91.16000366210938,94.0,90.76000213623047,93.80000305175781,93.80000305175781,12700
2023-04-26,93.16000366210938,93.23999786376953,91.91999816894531,92.80000305175781,92.80000305175781,5700
2023-04-27,91.5999984741211,92.0,91.27999877929688,92.0,92.0,8750
2023-04-28,91.63999938964844,92.16000366210938,91.63999938964844,91.83999633789062,91.83999633789062,6300
2023-05-01,91.80000305175781,91.83999633789062,89.87999725341797,90.55999755859375,90.55999755859375,5300
2023-05-02,90.87999725341797,94.23999786376953,90.87999725341797,91.80000305175781,91.80000305175781,14350
2023-05-03,92.12000274658203,93.12000274658203,91.44000244140625,93.12000274658203,93.12000274658203,15425
2023-05-04,93.5999984741211,95.63999938964844,93.5999984741211,95.16000366210938,95.16000366210938,11375
2023-05-05,93.19999694824219,93.31999969482422,92.0,92.04000091552734,92.04000091552734,3500
2023-05-08,92.27999877929688,92.72000122070312,91.4800033569336,91.4800033569336,91.4800033569336,1925
2023-05-09,92.04000091552734,92.19999694824219,91.23999786376953,91.5999984741211,91.5999984741211,5150
2023-05-10,90.63999938964844,92.19999694824219,90.44000244140625,90.63999938964844,90.63999938964844,3925
2023-05-11,91.4000015258789,91.4800033569336,89.68000030517578,89.68000030517578,89.68000030517578,5425
2023-05-12,89.71600341796875,91.04000091552734,89.4800033569336,90.44000244140625,90.44000244140625,19500
2023-05-15,90.16000366210938,90.27999877929688,89.54000091552734,89.54000091552734,89.54000091552734,1725
2023-05-16,90.23999786376953,91.27999877929688,89.91999816894531,91.27999877929688,91.27999877929688,2325
2023-05-17,89.91999816894531,90.31999969482422,89.36000061035156,89.72000122070312,89.72000122070312,6425
2023-05-18,89.4000015258789,89.63999938964844,88.33999633789062,88.5199966430664,88.5199966430664,64675
2023-05-19,88.0,90.0,87.5199966430664,89.91999816894531,89.91999816894531,14825
2023-05-22,90.63999938964844,90.63999938964844,88.83999633789062,89.19999694824219,89.19999694824219,3775
2023-05-23,89.76000213623047,90.19999694824219,88.4800033569336,89.5479965209961,89.5479965209961,6600
2023-05-24,89.83999633789062,90.04000091552734,89.16000366210938,89.65599822998047,89.65599822998047,6750
2023-05-25,89.23999786376953,89.72000122070312,88.5199966430664,88.83999633789062,88.83999633789062,1875
2023-05-26,88.23999786376953,88.23999786376953,86.8479995727539,86.8479995727539,86.8479995727539,7175
2023-05-30,85.19999694824219,87.12000274658203,85.18000030517578,86.31999969482422,86.31999969482422,6600
2023-05-31,86.23999786376953,87.05599975585938,85.5999984741211,85.91999816894531,85.91999816894531,5025
2023-06-01,84.80000305175781,85.27999877929688,82.76000213623047,82.80000305175781,82.80000305175781,18425
2023-06-02,81.5999984741211,82.08000183105469,80.27999877929688,80.91999816894531,80.91999816894531,67300
2023-06-05,80.83999633789062,81.23999786376953,80.34400177001953,80.44000244140625,80.44000244140625,5050
2023-06-06,80.08000183105469,80.27999877929688,77.23999786376953,77.44000244140625,77.44000244140625,33825
2023-06-07,78.80000305175781,78.80000305175781,77.64399719238281,78.19999694824219,78.19999694824219,8550
2023-06-08,78.12000274658203,78.23999786376953,76.5199966430664,76.5199966430664,76.5199966430664,7950
2023-06-09,76.5199966430664,77.0,76.04000091552734,76.27999877929688,76.27999877929688,6900
2023-06-12,76.72000122070312,77.16000366210938,76.31999969482422,76.4800033569336,76.4800033569336,2300
2023-06-13,75.72000122070312,76.75599670410156,75.63200378417969,76.30799865722656,76.30799865722656,2125
2023-06-14,76.4000015258789,76.4800033569336,75.27999877929688,75.5999984741211,75.5999984741211,6875
2023-06-15,75.23999786376953,76.19999694824219,75.0,76.19999694824219,76.19999694824219,31525
2023-06-16,75.23999786376953,76.4000015258789,74.63200378417969,74.63200378417969,74.63200378417969,9075
2023-06-20,75.12000274658203,75.95999908447266,75.12000274658203,75.95999908447266,75.95999908447266,8100
2023-06-21,75.31999969482422,75.4800033569336,74.87999725341797,75.04000091552734,75.04000091552734,16075
2023-06-22,75.36000061035156,75.5,74.5999984741211,74.76000213623047,74.76000213623047,2825
2023-06-23,75.27999877929688,75.80000305175781,74.56400299072266,75.08000183105469,75.08000183105469,9450
2023-06-26,74.87999725341797,74.95999908447266,73.76000213623047,74.16000366210938,74.16000366210938,25050
2023-06-27,73.87999725341797,73.87999725341797,72.23999786376953,72.4800033569336,72.4800033569336,9500
2023-06-28,72.0,72.04000091552734,70.68800354003906,70.80000305175781,70.80000305175781,15950
2023-06-29,71.04000091552734,71.79199981689453,70.76799774169922,71.79199981689453,71.79199981689453,5775
2023-06-30,71.27999877929688,71.31999969482422,70.16000366210938,71.0,71.0,21475
2023-07-03,69.9800033569336,70.37999725341797,69.87999725341797,70.36000061035156,70.36000061035156,17625
2023-07-05,70.87999725341797,71.16000366210938,70.36000061035156,70.36000061035156,70.36000061035156,5400
2023-07-06,71.48799896240234,74.36000061035156,71.45999908447266,71.95999908447266,71.95999908447266,50900
2023-07-07,72.4800033569336,72.5,70.23999786376953,70.76000213623047,70.76000213623047,49125
2023-07-10,70.4800033569336,70.76000213623047,69.87999725341797,69.87999725341797,69.87999725341797,9100
2023-07-11,69.31999969482422,70.08000183105469,69.08399963378906,69.31999969482422,69.31999969482422,33800
2023-07-12,68.27999877929688,68.34400177001953,67.55999755859375,67.80000305175781,67.80000305175781,14675
2023-07-13,66.91999816894531,68.12000274658203,66.87999725341797,68.12000274658203,68.12000274658203,4475
2023-07-14,68.16000366210938,68.4800033569336,67.4800033569336,67.63999938964844,67.63999938964844,4425
2023-07-17,67.04000091552734,67.87999725341797,66.91999816894531,67.87999725341797,67.87999725341797,6075
2023-07-18,67.83999633789062,67.87999725341797,67.4800033569336,67.83999633789062,67.83999633789062,8175
2023-07-19,68.08000183105469,68.87999725341797,67.56400299072266,68.5199966430664,68.5199966430664,89825
2023-07-20,69.31999969482422,69.31999969482422,68.12000274658203,68.95999908447266,68.95999908447266,8000
2023-07-21,68.4800033569336,68.4800033569336,67.72000122070312,68.36000061035156,68.36000061035156,7425
2023-07-24,68.63999938964844,68.63999938964844,67.36000061035156,67.55999755859375,67.55999755859375,8575
2023-07-25,67.19999694824219,67.4800033569336,66.77999877929688,67.4800033569336,67.4800033569336,19525
2023-07-26,67.23999786376953,67.4000015258789,66.5199966430664,66.5999984741211,66.5999984741211,23050
2023-07-27,66.19999694824219,68.4800033569336,66.19999694824219,67.83999633789062,67.83999633789062,9575
2023-07-28,67.04000091552734,67.04000091552734,66.19999694824219,66.87999725341797,66.87999725341797,19500
2023-07-31,66.36000061035156,67.23999786376953,66.36000061035156,66.5999984741211,66.5999984741211,5750
2023-08-01,66.4000015258789,67.76000213623047,66.4000015258789,67.31999969482422,67.31999969482422,62150
2023-08-02,68.27999877929688,70.4800033569336,68.27999877929688,69.5479965209961,69.5479965209961,32600
2023-08-03,70.7959976196289,71.16000366210938,68.91999816894531,68.91999816894531,68.91999816894531,18725
2023-08-04,68.44000244140625,70.35600280761719,67.80000305175781,70.08000183105469,70.08000183105469,5250
2023-08-07,69.23999786376953,69.4000015258789,68.16000366210938,68.23999786376953,68.23999786376953,3950
2023-08-08,70.12000274658203,71.5999984741211,69.36000061035156,69.55999755859375,69.55999755859375,14225
2023-08-09,69.0,70.12000274658203,68.5199966430664,69.44000244140625,69.44000244140625,39000
2023-08-10,67.91999816894531,69.83999633789062,67.68000030517578,69.27999877929688,69.27999877929688,4625
2023-08-11,69.76000213623047,70.0,68.08399963378906,68.4000015258789,68.4000015258789,15425
2023-08-14,68.80000305175781,69.19999694824219,67.68399810791016,67.91999816894531,67.91999816894531,3875
2023-08-15,68.4000015258789,70.23999786376953,68.4000015258789,69.76000213623047,69.76000213623047,10575
2023-08-16,69.5199966430664,70.5999984741211,68.87999725341797,70.5999984741211,70.5999984741211,4525
2023-08-17,70.23999786376953,71.87999725341797,69.91999816894531,71.4800033569336,71.4800033569336,20925
2023-08-18,72.76000213623047,72.95999908447266,71.15599822998047,71.27999877929688,71.27999877929688,43150
2023-08-21,70.4800033569336,71.27999877929688,69.87999725341797,70.26000213623047,70.26000213623047,18975
2023-08-22,69.55999755859375,70.87999725341797,69.55999755859375,70.5999984741211,70.5999984741211,5200
2023-08-23,70.5199966430664,70.5199966430664,69.5199966430664,69.76000213623047,69.76000213623047,4575
2023-08-24,69.04000091552734,71.03199768066406,69.04000091552734,71.03199768066406,71.03199768066406,6075
2023-08-25,70.0999984741211,71.08000183105469,68.72000122070312,68.95999908447266,68.95999908447266,76900
2023-08-28,68.4800033569336,68.63999938964844,67.68000030517578,68.16000366210938,68.16000366210938,8775
2023-08-29,67.83999633789062,67.83999633789062,66.63999938964844,67.23999786376953,67.23999786376953,8450
2023-08-30,66.91999816894531,67.23999786376953,66.23999786376953,66.5999984741211,66.5999984741211,4200
2023-08-31,66.5199966430664,66.5199966430664,65.5999984741211,65.68000030517578,65.68000030517578,26600
2023-09-01,65.04000091552734,65.5199966430664,64.76000213623047,65.5199966430664,65.5199966430664,16000
2023-09-05,65.62000274658203,65.80000305175781,64.72000122070312,64.95999908447266,64.95999908447266,6250
2023-09-06,65.4800033569336,66.44000244140625,65.4000015258789,65.91999816894531,65.91999816894531,4275
2023-09-07,66.87999725341797,66.87999725341797,65.31999969482422,65.45600128173828,65.45600128173828,2425
2023-09-08,65.31999969482422,65.31999969482422,64.31999969482422,64.4800033569336,64.4800033569336,3875
2023-09-11,64.0,64.31999969482422,63.52000045776367,63.63999938964844,63.63999938964844,3500
2023-09-12,63.84000015258789,63.84000015258789,63.099998474121094,63.68000030517578,63.68000030517578,3300
2023-09-13,63.68000030517578,63.68000030517578,63.040000915527344,63.4119987487793,63.4119987487793,3175
2023-09-14,63.36000061035156,63.36000061035156,62.52000045776367,62.560001373291016,62.560001373291016,8325
2023-09-15,62.63999938964844,63.560001373291016,62.52000045776367,63.560001373291016,63.560001373291016,5700
2023-09-18,64.23999786376953,64.23999786376953,62.91999816894531,63.68000030517578,63.68000030517578,4125
2023-09-19,63.439998626708984,64.27999877929688,63.0,63.08000183105469,63.08000183105469,6825
2023-09-20,62.68000030517578,63.84000015258789,62.31999969482422,63.79999923706055,63.79999923706055,3775
2023-09-21,65.12000274658203,65.87999725341797,64.80000305175781,65.72000122070312,65.72000122070312,12450
2023-09-22,65.5199966430664,66.04000091552734,65.08000183105469,65.87999725341797,65.87999725341797,9425
2023-09-25,66.4000015258789,66.4800033569336,65.68000030517578,65.76000213623047,65.76000213623047,6125
2023-09-26,66.4800033569336,68.91200256347656,66.4800033569336,68.91200256347656,68.91200256347656,7775
2023-09-27,67.87999725341797,69.95999908447266,67.80400085449219,67.87999725341797,67.87999725341797,10025
2023-09-28,68.08000183105469,68.19999694824219,66.36000061035156,66.4800033569336,66.4800033569336,3725
2023-09-29,65.44000244140625,67.12000274658203,65.12000274658203,66.91999816894531,66.91999816894531,10850
2023-10-02,66.95999908447266,67.27999877929688,66.12000274658203,66.81600189208984,66.81600189208984,12000
2023-10-03,67.5999984741211,70.552001953125,67.5999984741211,70.5199966430664,70.5199966430664,5575
2023-10-04,70.5199966430664,70.56400299072266,69.16000366210938,69.16000366210938,69.16000366210938,4700
2023-10-05,69.83999633789062,70.5999984741211,68.87999725341797,68.87999725341797,68.87999725341797,10100
2023-10-06,69.68000030517578,70.39600372314453,67.5199966430664,68.16000366210938,68.16000366210938,28475
2023-10-09,69.4800033569336,69.80000305175781,68.08000183105469,68.08000183105469,68.08000183105469,3425
2023-10-10,67.76000213623047,67.76000213623047,66.60399627685547,67.12000274658203,67.12000274658203,4025
2023-10-11,66.80000305175781,67.80000305175781,66.24800109863281,66.24800109863281,66.24800109863281,4225
2023-10-12,66.0,67.80000305175781,65.76000213623047,67.36000061035156,67.36000061035156,4625
2023-10-13,67.16000366210938,71.27999877929688,67.08000183105469,71.19999694824219,71.19999694824219,7475
2023-10-16,69.76000213623047,69.80400085449219,68.4800033569336,68.50800323486328,68.50800323486328,7275
2023-10-17,69.87999725341797,70.16000366210938,69.12000274658203,69.83999633789062,69.83999633789062,2375
2023-10-18,70.68000030517578,71.91999816894531,70.4800033569336,71.72000122070312,71.72000122070312,11500
2023-10-19,71.36000061035156,73.87999725341797,71.0,73.87999725341797,73.87999725341797,4350
2023-10-20,74.12000274658203,75.11599731445312,73.68000030517578,74.68000030517578,74.68000030517578,10600
2023-10-23,75.55999755859375,75.68000030517578,72.36000061035156,73.12000274658203,73.12000274658203,8400
2023-10-24,71.95999908447266,72.87999725341797,70.95999908447266,71.12000274658203,71.12000274658203,9825
2023-10-25,71.4800033569336,74.08000183105469,71.4800033569336,73.9520034790039,73.9520034790039,4350
2023-10-26,73.63999938964844,75.0,73.36399841308594,74.04000091552734,74.04000091552734,4100
2023-10-27,73.36000061035156,75.23999786376953,73.04000091552734,75.19999694824219,75.19999694824219,4775
2023-10-30,74.4000015258789,74.4000015258789,72.27999877929688,72.31999969482422,72.31999969482422,3350
2023-10-31,71.72000122070312,72.27999877929688,70.0,70.0,70.0,28875
2023-11-01,69.55999755859375,69.68000030517578,67.91999816894531,68.0,68.0,3475
2023-11-02,66.80000305175781,67.36000061035156,66.5999984741211,66.5999984741211,66.5999984741211,4050
2023-11-03,66.27999877929688,66.27999877929688,65.36000061035156,65.5719985961914,65.5719985961914,23600
2023-11-06,65.27999877929688,65.27999877929688,64.08000183105469,64.18000030517578,64.18000030517578,5275
2023-11-07,64.0,64.30400085449219,63.6879997253418,63.6879997253418,63.6879997253418,3375
2023-11-08,63.47999954223633,64.19599914550781,62.91999816894531,62.91999816894531,62.91999816894531,3650
2023-11-09,62.599998474121094,64.5199966430664,62.599998474121094,64.5199966430664,64.5199966430664,2875
2023-11-10,63.52000045776367,63.52000045776367,62.36000061035156,62.52799987792969,62.52799987792969,8325
2023-11-13,62.91999816894531,62.91999816894531,62.0,62.79999923706055,62.79999923706055,2625
2023-11-14,61.68000030517578,62.79999923706055,61.40399932861328,62.7599983215332,62.7599983215332,9875
2023-11-15,62.2400016784668,62.459999084472656,61.7239990234375,62.060001373291016,62.060001373291016,9325
2023-11-16,62.0,62.08000183105469,61.2400016784668,61.31999969482422,61.31999969482422,7675
2023-11-17,61.08000183105469,61.279998779296875,60.84000015258789,61.0,61.0,10325
2023-11-20,60.7599983215332,60.7599983215332,60.448001861572266,60.68000030517578,60.68000030517578,14050
2023-11-21,60.7599983215332,60.959999084472656,60.2400016784668,60.279998779296875,60.279998779296875,44275
2023-11-22,59.63999938964844,60.68000030517578,59.400001525878906,60.507999420166016,60.507999420166016,11250
2023-11-24,60.52000045776367,60.540000915527344,59.20000076293945,59.20000076293945,59.20000076293945,3775
2023-11-27,59.560001373291016,59.63199996948242,59.08000183105469,59.63199996948242,59.63199996948242,11650
2023-11-28,59.52000045776367,59.52399826049805,58.959999084472656,59.040000915527344,59.040000915527344,10975
2023-11-29,58.720001220703125,59.99599838256836,58.560001373291016,59.992000579833984,59.992000579833984,3075
2023-11-30,59.84000015258789,59.91999816894531,59.444000244140625,59.63999938964844,59.63999938964844,9025
2023-12-01,59.439998626708984,59.47999954223633,58.91999816894531,58.96799850463867,58.96799850463867,39850
2023-12-04,59.36000061035156,60.220001220703125,59.279998779296875,59.79999923706055,59.79999923706055,3975
2023-12-05,59.79999923706055,59.79999923706055,59.400001525878906,59.52799987792969,59.52799987792969,4600
2023-12-06,59.36000061035156,59.880001068115234,59.36000061035156,59.52000045776367,59.52000045776367,2850
2023-12-07,59.560001373291016,59.880001068115234,59.439998626708984,59.448001861572266,59.448001861572266,3575
2023-12-08,59.400001525878906,59.400001525878906,58.5,58.599998474121094,58.599998474121094,3300
2023-12-11,58.400001525878906,58.459999084472656,57.70000076293945,57.720001220703125,57.720001220703125,3175
2023-12-12,57.2400016784668,57.36000061035156,56.47999954223633,56.79999923706055,56.79999923706055,7425
2023-12-13,56.560001373291016,56.959999084472656,56.0,56.0,56.0,13700
2023-12-14,55.599998474121094,56.68000030517578,55.599998474121094,55.720001220703125,55.720001220703125,54375
2023-12-15,55.91999816894531,56.880001068115234,55.63999938964844,56.880001068115234,56.880001068115234,16050
2023-12-18,56.880001068115234,57.439998626708984,56.7599983215332,57.439998626708984,57.439998626708984,9625
2023-12-19,57.599998474121094,58.79999923706055,57.599998474121094,58.79999923706055,58.79999923706055,22950
2023-12-20,58.560001373291016,60.91999816894531,58.507999420166016,60.63999938964844,60.63999938964844,18800
2023-12-21,60.31999969482422,60.5,59.7599983215332,59.91999816894531,59.91999816894531,10025
2023-12-22,59.91999816894531,60.720001220703125,59.63999938964844,59.720001220703125,59.720001220703125,6375
2023-12-26,59.63999938964844,59.84000015258789,59.20000076293945,59.2400016784668,59.2400016784668,5025
2023-12-27,59.0,59.08000183105469,57.15999984741211,57.52000045776367,57.52000045776367,24800
2023-12-28,57.63999938964844,57.959999084472656,57.52000045776367,57.599998474121094,57.599998474121094,4200
2023-12-29,57.79999923706055,58.0,57.47999954223633,57.91999816894531,57.91999816894531,12800
2024-01-02,58.36000061035156,58.7599983215332,57.63999938964844,57.68000030517578,57.68000030517578,14450
2024-01-03,58.08000183105469,58.959999084472656,57.79999923706055,58.45600128173828,58.45600128173828,5750
2024-01-04,58.400001525878906,58.47999954223633,57.84400177001953,58.19200134277344,58.19200134277344,6600
2024-01-05,58.119998931884766,58.119998931884766,56.79999923706055,56.880001068115234,56.880001068115234,8700
2024-01-08,57.040000915527344,57.040000915527344,55.63999938964844,55.880001068115234,55.880001068115234,4925
2024-01-09,56.2400016784668,56.34000015258789,55.36000061035156,55.36000061035156,55.36000061035156,3400
2024-01-10,55.15999984741211,55.15999984741211,54.68000030517578,54.880001068115234,54.880001068115234,8975
2024-01-11,54.31999969482422,55.63999938964844,54.15999984741211,55.15999984741211,55.15999984741211,6225
2024-01-12,54.959999084472656,55.36000061035156,54.68000030517578,55.36000061035156,55.36000061035156,14475
2024-01-16,56.439998626708984,57.040000915527344,56.040000915527344,56.599998474121094,56.599998474121094,11550
2024-01-17,57.599998474121094,58.20000076293945,56.79999923706055,57.31999969482422,57.31999969482422,12950
2024-01-18,56.400001525878906,57.279998779296875,56.279998779296875,56.36000061035156,56.36000061035156,4925
2024-01-19,55.599998474121094,55.84000015258789,55.040000915527344,55.279998779296875,55.279998779296875,7275
2024-01-22,55.119998931884766,55.15999984741211,54.31999969482422,54.36000061035156,54.36000061035156,6600
2024-01-23,53.84000015258789,53.84000015258789,53.47999954223633,53.599998474121094,53.599998474121094,2725
2024-01-24,53.31999969482422,54.119998931884766,53.2400016784668,54.119998931884766,54.119998931884766,4525
2024-01-25,54.0,54.599998474121094,53.880001068115234,54.560001373291016,54.560001373291016,24200
2024-01-26,54.52000045776367,54.52000045776367,54.040000915527344,54.400001525878906,54.400001525878906,4825
2024-01-29,54.36000061035156,54.7599983215332,54.12799835205078,54.279998779296875,54.279998779296875,1150
2024-01-30,54.0,54.400001525878906,54.0,54.400001525878906,54.400001525878906,1100
2024-01-31,54.400001525878906,56.0,54.400001525878906,55.91999816894531,55.91999816894531,6575
2024-02-01,55.20000076293945,55.91999816894531,55.040000915527344,55.327999114990234,55.327999114990234,2775
2024-02-02,55.15999984741211,55.63199996948242,55.0,55.63199996948242,55.63199996948242,3850
2024-02-05,55.7599983215332,56.012001037597656,54.599998474121094,54.79999923706055,54.79999923706055,4550
2024-02-06,54.47999954223633,54.720001220703125,54.12799835205078,54.12799835205078,54.12799835205078,1550
2024-02-07,54.20000076293945,54.31999969482422,53.959999084472656,54.167999267578125,54.167999267578125,2900
2024-02-08,54.119998931884766,54.47999954223633,53.91999816894531,54.08000183105469,54.08000183105469,2075
2024-02-09,53.959999084472656,54.555999755859375,53.599998474121094,54.52000045776367,54.52000045776367,3875
2024-02-12,54.439998626708984,55.599998474121094,54.439998626708984,55.47999954223633,55.47999954223633,2300
2024-02-13,56.439998626708984,58.439998626708984,56.119998931884766,56.70000076293945,56.70000076293945,19575
2024-02-14,55.65999984741211,56.47999954223633,55.36000061035156,55.959999084472656,55.959999084472656,11200
2024-02-15,55.68000030517578,56.15999984741211,55.400001525878906,55.80799865722656,55.80799865722656,3500
2024-02-16,56.15999984741211,56.15999984741211,55.2400016784668,55.52000045776367,55.52000045776367,7675
2024-02-20,55.84000015258789,56.880001068115234,55.79999923706055,56.36000061035156,56.36000061035156,5925
2024-02-21,56.400001525878906,56.47999954223633,55.400001525878906,55.47999954223633,55.47999954223633,3950
2024-02-22,54.47999954223633,55.599998474121094,54.119998931884766,55.36000061035156,55.36000061035156,9950
2024-02-23,55.040000915527344,55.11600112915039,54.64400100708008,54.720001220703125,54.720001220703125,20850
2024-02-26,54.560001373291016,54.560001373291016,54.07600021362305,54.15599822998047,54.15599822998047,2975
2024-02-27,54.0,54.0,53.68000030517578,53.68000030517578,53.68000030517578,1875
2024-02-28,53.84000015258789,54.47999954223633,53.84000015258789,54.47999954223633,54.47999954223633,2525
2024-02-29,54.119998931884766,54.36000061035156,53.79600143432617,54.119998931884766,54.119998931884766,3325
2024-03-01,53.880001068115234,54.31999969482422,53.68000030517578,53.959999084472656,53.959999084472656,1950
2024-03-04,54.2400016784668,54.619998931884766,53.959999084472656,54.58000183105469,54.58000183105469,3800
2024-03-05,55.0359992980957,56.20000076293945,54.91999816894531,55.68000030517578,55.68000030517578,5025
2024-03-06,55.279998779296875,55.68000030517578,55.279998779296875,55.492000579833984,55.492000579833984,7600
2024-03-07,55.20000076293945,55.91999816894531,55.119998931884766,55.68000030517578,55.68000030517578,2250
2024-03-08,55.31999969482422,57.4119987487793,55.31999969482422,56.41999816894531,56.41999816894531,1450
2024-03-11,56.68000030517578,57.124000549316406,56.040000915527344,56.599998474121094,56.599998474121094,4900
2024-03-12,55.86000061035156,55.875999450683594,55.40399932861328,55.487998962402344,55.487998962402344,4575
2024-03-13,55.68000030517578,55.84000015258789,55.36000061035156,55.67599868774414,55.67599868774414,1975
2024-03-14,55.79999923706055,57.400001525878906,55.75600051879883,56.63199996948242,56.63199996948242,1150
2024-03-15,56.599998474121094,58.20000076293945,56.599998474121094,57.15999984741211,57.15999984741211,5725
2024-03-18,56.91999816894531,56.91999816894531,56.31999969482422,56.47999954223633,56.47999954223633,8200
2024-03-19,56.400001525878906,56.400001525878906,55.56399917602539,55.79999923706055,55.79999923706055,8850
2024-03-20,55.63999938964844,55.63999938964844,54.7239990234375,54.959999084472656,54.959999084472656,4075
2024-03-21,54.52000045776367,55.11600112915039,54.52000045776367,55.00400161743164,55.00400161743164,6525
2024-03-22,54.91999816894531,55.47999954223633,54.91600036621094,55.220001220703125,55.220001220703125,5300
2024-03-25,55.279998779296875,55.36000061035156,55.0,55.124000549316406,55.124000549316406,5550
2024-03-26,55.0,55.0,54.63999938964844,54.63999938964844,54.63999938964844,3975
2024-03-27,54.63999938964844,54.80400085449219,54.400001525878906,54.47999954223633,54.47999954223633,5675
2024-03-28,54.63999938964844,54.959999084472656,54.31999969482422,54.7599983215332,54.7599983215332,11275
2024-04-01,54.79999923706055,55.439998626708984,54.720001220703125,55.040000915527344,55.040000915527344,6375
2024-04-02,55.959999084472656,56.555999755859375,55.52000045776367,55.52000045776367,55.52000045776367,8100
2024-04-03,55.880001068115234,55.880001068115234,55.15999984741211,55.279998779296875,55.279998779296875,2000
2024-04-04,54.720001220703125,56.59600067138672,54.720001220703125,56.439998626708984,56.439998626708984,4950
2024-04-05,56.36000061035156,56.832000732421875,56.0,56.832000732421875,56.832000732421875,4600
2024-04-08,56.599998474121094,56.599998474121094,55.560001373291016,55.63999938964844,55.63999938964844,1375
2024-04-09,55.720001220703125,56.20000076293945,55.36000061035156,55.604000091552734,55.604000091552734,1050
2024-04-10,56.2400016784668,56.91999816894531,56.040000915527344,56.3120002746582,56.3120002746582,2475
2024-04-11,56.15999984741211,57.31999969482422,55.7599983215332,55.880001068115234,55.880001068115234,7475
2024-04-12,57.0,58.400001525878906,57.0,57.560001373291016,57.560001373291016,25100
2024-04-15,56.63999938964844,58.91999816894531,56.63999938964844,58.84000015258789,58.84000015258789,8475
2024-04-16,58.63999938964844,58.84000015258789,57.124000549316406,57.279998779296875,57.279998779296875,4925
2024-04-17,57.0,58.236000061035156,56.720001220703125,56.91999816894531,56.91999816894531,4525
2024-04-18,57.08000183105469,57.31999969482422,56.560001373291016,57.279998779296875,57.279998779296875,4700
2024-04-19,57.31999969482422,58.08000183105469,56.79999923706055,57.63999938964844,57.63999938964844,13275
2024-04-22,56.560001373291016,56.560001373291016,54.779998779296875,54.91999816894531,54.91999816894531,14325
2024-04-23,54.599998474121094,54.65999984741211,53.880001068115234,54.119998931884766,54.119998931884766,10875
2024-04-24,54.0,54.52000045776367,53.97999954223633,53.97999954223633,53.97999954223633,21300
2024-04-25,55.0,55.08000183105469,53.91999816894531,53.939998626708984,53.939998626708984,5150
2024-04-26,53.2400016784668,53.7599983215332,52.91999816894531,53.63999938964844,53.63999938964844,24700
2024-04-29,53.68000030517578,53.68000030517578,52.91999816894531,53.0,53.0,4650
2024-04-30,53.279998779296875,53.43600082397461,52.720001220703125,53.20000076293945,53.20000076293945,11475
2024-05-01,53.599998474121094,54.0,52.84000015258789,54.0,54.0,4350
2024-05-02,53.79999923706055,53.91999816894531,52.880001068115234,52.959999084472656,52.959999084472656,9175
2024-05-03,52.040000915527344,52.61600112915039,51.79999923706055,51.81999969482422,51.81999969482422,30475
2024-05-06,51.599998474121094,51.70800018310547,51.040000915527344,51.119998931884766,51.119998931884766,13075
2024-05-07,50.91999816894531,51.119998931884766,50.84000015258789,50.91999816894531,50.91999816894531,5400
2024-05-08,50.91999816894531,51.0,50.720001220703125,50.720001220703125,50.720001220703125,18000
2024-05-09,50.7599983215332,50.79999923706055,50.400001525878906,50.400001525878906,50.400001525878906,14325
2024-05-10,50.439998626708984,50.52000045776367,50.08000183105469,50.29999923706055,50.29999923706055,8100
2024-05-13,50.31999969482422,50.47999954223633,50.0,50.400001525878906,50.400001525878906,7900
2024-05-14,50.400001525878906,50.400001525878906,49.599998474121094,49.619998931884766,49.619998931884766,11725
2024-05-15,49.119998931884766,49.327999114990234,48.52799987792969,48.560001373291016,48.560001373291016,9875
2024-05-16,48.7599983215332,48.7599983215332,48.599998474121094,48.71200180053711,48.71200180053711,7100
2024-05-17,48.560001373291016,48.75600051879883,48.119998931884766,48.231998443603516,48.231998443603516,11575
2024-05-20,48.119998931884766,48.231998443603516,47.763999938964844,48.18000030517578,48.18000030517578,20275
2024-05-21,48.15999984741211,48.15999984741211,47.7599983215332,47.91999816894531,47.91999816894531,9900
2024-05-22,48.31999969482422,48.7599983215332,48.04399871826172,48.47999954223633,48.47999954223633,5000
2024-05-23,48.20000076293945,48.99599838256836,48.15999984741211,48.7599983215332,48.7599983215332,10175
2024-05-24,48.79999923706055,48.79999923706055,47.959999084472656,48.040000915527344,48.040000915527344,3350
2024-05-28,48.20000076293945,48.880001068115234,48.19200134277344,48.560001373291016,48.560001373291016,13500
2024-05-29,49.20000076293945,49.43600082397461,48.79999923706055,49.2400016784668,49.2400016784668,6625
2024-05-30,48.959999084472656,49.215999603271484,48.599998474121094,48.7599983215332,48.7599983215332,3075
2024-05-31,48.439998626708984,49.11199951171875,48.2400016784668,48.36000061035156,48.36000061035156,4725
2024-06-03,48.08000183105469,48.720001220703125,48.040000915527344,48.48400115966797,48.48400115966797,4325
2024-06-04,48.7599983215332,49.040000915527344,48.720001220703125,48.720001220703125,48.720001220703125,4525
2024-06-05,48.720001220703125,48.880001068115234,48.47999954223633,48.560001373291016,48.560001373291016,5375
2024-06-06,48.880001068115234,49.0359992980957,48.79999923706055,48.91999816894531,48.91999816894531,3525
2024-06-07,48.91999816894531,48.959999084472656,48.47999954223633,48.84000015258789,48.84000015258789,1975
2024-06-10,49.0,49.099998474121094,48.68000030517578,48.7400016784668,48.7400016784668,3500
2024-06-11,49.040000915527344,49.15999984741211,48.64400100708008,48.720001220703125,48.720001220703125,3200
2024-06-12,48.31999969482422,48.779998779296875,48.279998779296875,48.7599983215332,48.7599983215332,3200
2024-06-13,49.0,49.43600082397461,48.68000030517578,49.02000045776367,49.02000045776367,11625
2024-06-14,49.720001220703125,49.959999084472656,49.31999969482422,49.7400016784668,49.7400016784668,5425
2024-06-17,49.84000015258789,50.08000183105469,49.400001525878906,49.720001220703125,49.720001220703125,15575
2024-06-18,49.47999954223633,50.0,49.31999969482422,50.0,50.0,2175
2024-06-20,49.880001068115234,51.36000061035156,49.79999923706055,51.36000061035156,51.36000061035156,5175
2024-06-21,51.599998474121094,51.86000061035156,50.31999969482422,50.52000045776367,50.52000045776367,10225
2024-06-24,50.36000061035156,50.47999954223633,49.959999084472656,50.0,50.0,13500
2024-06-25,50.040000915527344,50.20000076293945,49.68000030517578,49.68000030517578,49.68000030517578,4000
2024-06-26,49.763999938964844,50.040000915527344,49.720001220703125,49.720001220703125,49.720001220703125,54325
2024-06-27,49.79999923706055,49.79999923706055,49.3120002746582,49.3120002746582,49.3120002746582,5025
2024-06-28,49.47999954223633,49.720001220703125,49.0,49.720001220703125,49.720001220703125,2475
2024-07-01,49.68000030517578,49.68000030517578,48.52000045776367,48.52000045776367,48.52000045776367,5625
2024-07-02,49.0,49.0,48.15999984741211,48.31999969482422,48.31999969482422,9325
2024-07-03,48.31999969482422,48.959999084472656,48.31999969482422,48.959999084472656,48.959999084472656,6475
2024-07-05,48.400001525878906,49.0,48.400001525878906,48.880001068115234,48.880001068115234,5500
2024-07-08,48.880001068115234,48.880001068115234,48.560001373291016,48.68000030517578,48.68000030517578,3100
2024-07-09,48.63999938964844,48.91999816894531,48.2400016784668,48.91999816894531,48.91999816894531,7550
2024-07-10,48.720001220703125,48.75600051879883,47.880001068115234,48.15999984741211,48.15999984741211,15150
2024-07-11,48.36000061035156,49.099998474121094,48.36000061035156,48.959999084472656,48.959999084472656,9025
2024-07-12,48.959999084472656,48.959999084472656,48.119998931884766,48.68000030517578,48.68000030517578,5775
2024-07-15,47.959999084472656,49.119998931884766,47.959999084472656,49.0,49.0,4750
2024-07-16,48.880001068115234,49.08000183105469,48.880001068115234,49.08000183105469,49.08000183105469,3875
2024-07-17,49.84000015258789,50.31999969482422,49.36000061035156,49.84000015258789,49.84000015258789,20500
2024-07-18,49.36000061035156,50.599998474121094,49.279998779296875,50.31999969482422,50.31999969482422,11125
2024-07-19,50.119998931884766,50.79199981689453,49.91999816894531,50.400001525878906,50.400001525878906,49875
2024-07-22,50.20000076293945,50.2400016784668,49.47999954223633,49.560001373291016,49.560001373291016,9625
2024-07-23,49.47999954223633,49.7599983215332,49.400001525878906,49.63999938964844,49.63999938964844,2975
2024-07-24,50.43000030517578,51.95000076293945,50.43000030517578,51.95000076293945,51.95000076293945,7300
2024-07-25,51.54999923706055,52.40999984741211,51.0,51.97600173950195,51.97600173950195,15400
2024-07-26,51.558998107910156,51.63999938964844,50.85499954223633,50.90999984741211,50.90999984741211,5800
2024-07-29,50.66999816894531,51.09000015258789,49.9900016784668,50.11000061035156,50.11000061035156,6100
2024-07-30,50.17499923706055,51.70000076293945,50.17499923706055,50.529998779296875,50.529998779296875,4600
2024-07-31,49.88999938964844,49.939998626708984,49.189998626708984,49.939998626708984,49.939998626708984,9700
2024-08-01,50.9900016784668,52.86000061035156,50.9900016784668,51.94599914550781,51.94599914550781,6300
2024-08-02,53.459999084472656,57.43000030517578,53.459999084472656,56.439998626708984,56.439998626708984,119500
2024-08-05,63.2400016784668,68.55799865722656,59.63999938964844,63.310001373291016,63.310001373291016,117100
2024-08-06,61.66999816894531,63.209999084472656,58.22999954223633,60.34000015258789,60.34000015258789,33200
2024-08-07,57.31999969482422,61.400001525878906,56.369998931884766,59.81999969482422,59.81999969482422,23700
2024-08-08,58.54999923706055,59.36000061035156,56.77000045776367,56.89500045776367,56.89500045776367,12100
2024-08-09,57.20000076293945,57.209999084472656,53.779998779296875,54.16999816894531,54.16999816894531,35600
2024-08-12,53.150001525878906,54.44499969482422,52.099998474121094,53.40999984741211,53.40999984741211,13800
2024-08-13,52.81999969482422,53.34000015258789,50.999000549316406,51.0,51.0,47100
2024-08-14,50.650001525878906,51.0,49.5099983215332,49.5099983215332,49.5099983215332,45800
2024-08-15,49.9900016784668,50.189998626708984,49.130001068115234,49.61000061035156,49.61000061035156,11000
2024-08-16,49.59000015258789,50.06999969482422,49.18000030517578,49.75,49.75,54300
2024-08-19,49.77000045776367,50.22999954223633,49.57099914550781,50.099998474121094,50.099998474121094,10100
2024-08-20,50.2599983215332,51.27000045776367,50.0099983215332,51.27000045776367,51.27000045776367,45700
2024-08-21,50.970001220703125,51.54999923706055,50.66999816894531,50.959999084472656,50.959999084472656,19400
2024-08-22,51.09000015258789,52.0,51.09000015258789,51.959999084472656,51.959999084472656,4900
2024-08-23,51.45500183105469,51.45500183105469,50.7599983215332,50.762001037597656,50.762001037597656,7400
2024-08-26,50.400001525878906,50.986000061035156,50.290000915527344,50.290000915527344,50.290000915527344,3600
2024-08-27,50.45000076293945,50.45000076293945,50.0099983215332,50.1879997253418,50.1879997253418,7400
2024-08-28,49.97999954223633,51.29999923706055,49.86000061035156,50.59000015258789,50.59000015258789,4300
2024-08-29,50.06999969482422,50.66600036621094,50.06999969482422,50.66600036621094,50.66600036621094,1600
2024-08-30,50.0099983215332,50.38999938964844,49.979000091552734,50.25,50.25,7900
2024-09-03,50.31999969482422,53.77000045776367,50.31999969482422,53.45000076293945,53.45000076293945,12200
2024-09-04,53.93000030517578,54.79999923706055,52.86000061035156,54.790000915527344,54.790000915527344,47900
2024-09-05,55.310001373291016,55.310001373291016,53.2599983215332,53.5,53.5,43000
2024-09-06,52.93000030517578,56.029998779296875,52.93000030517578,55.650001525878906,55.650001525878906,43000
2024-09-09,55.06999969482422,55.06999969482422,54.189998626708984,54.400001525878906,54.400001525878906,34400
2024-09-10,54.11000061035156,55.290000915527344,53.40999984741211,53.40999984741211,53.40999984741211,11600
2024-09-11,53.400001525878906,55.41999816894531,52.15599822998047,52.15599822998047,52.15599822998047,17800
2024-09-12,52.43000030517578,52.54999923706055,51.77000045776367,52.04999923706055,52.04999923706055,2700
2024-09-13,51.779998779296875,52.20000076293945,51.41999816894531,52.07500076293945,52.07500076293945,3700
2024-09-16,52.7400016784668,53.15999984741211,52.060001373291016,52.209999084472656,52.209999084472656,11400
2024-09-17,52.5,52.74100112915039,52.130001068115234,52.518001556396484,52.518001556396484,6700
2024-09-18,52.45000076293945,52.935001373291016,50.935001373291016,52.099998474121094,52.099998474121094,20300
2024-09-19,51.06999969482422,51.13999938964844,50.650001525878906,50.65999984741211,50.65999984741211,11500
2024-09-20,50.970001220703125,51.279998779296875,50.86000061035156,51.24599838256836,51.24599838256836,14700
2024-09-23,51.220001220703125,51.56999969482422,51.220001220703125,51.54100036621094,51.54100036621094,26900
2024-09-24,51.43000030517578,52.189998626708984,51.29999923706055,51.34000015258789,51.34000015258789,7400
2024-09-25,50.810001373291016,51.83000183105469,50.810001373291016,51.71200180053711,51.71200180053711,4400
2024-09-26,51.599998474121094,51.689998626708984,51.53499984741211,51.689998626708984,51.689998626708984,2400
2024-09-27,51.61000061035156,52.94499969482422,51.61000061035156,52.917999267578125,52.917999267578125,6300
2024-09-30,52.540000915527344,53.415000915527344,52.310001373291016,52.45600128173828,52.45600128173828,15500
2024-10-01,52.65999984741211,54.84000015258789,52.45000076293945,54.04999923706055,54.04999923706055,13100
2024-10-02,54.0099983215332,54.75,53.650001525878906,53.91600036621094,53.91600036621094,38100
2024-10-03,54.45000076293945,55.0,54.29999923706055,54.880001068115234,54.880001068115234,14500
2024-10-04,53.68000030517578,54.68000030517578,53.41999816894531,53.619998931884766,53.619998931884766,6100
2024-10-07,53.7599983215332,56.279998779296875,53.619998931884766,56.130001068115234,56.130001068115234,7900
2024-10-08,54.959999084472656,54.959999084472656,54.5,54.50299835205078,54.50299835205078,10900
2024-10-09,54.33000183105469,54.33000183105469,53.619998931884766,53.65999984741211,53.65999984741211,7600
2024-10-10,54.310001373291016,54.310001373291016,53.38999938964844,53.66999816894531,53.66999816894531,3900
2024-10-11,53.63999938964844,53.650001525878906,53.34299850463867,53.34299850463867,53.34299850463867,2400
2024-10-14,52.404998779296875,52.560001373291016,52.08000183105469,52.119998931884766,52.119998931884766,5400
2024-10-15,51.599998474121094,52.439998626708984,51.599998474121094,52.35900115966797,52.35900115966797,4100
2024-10-16,52.29999923706055,52.41999816894531,51.95000076293945,51.9900016784668,51.9900016784668,17400
2024-10-17,52.20000076293945,52.2400016784668,51.83000183105469,52.012001037597656,52.012001037597656,4700
2024-10-18,51.900001525878906,51.900001525878906,51.15999984741211,51.15999984741211,51.15999984741211,6000
2024-10-21,51.099998474121094,51.619998931884766,50.95500183105469,50.95500183105469,50.95500183105469,8400
2024-10-22,51.40999984741211,51.529998779296875,50.71500015258789,50.71500015258789,50.71500015258789,10400
2024-10-23,51.959999084472656,52.38999938964844,51.83000183105469,52.29600143432617,52.29600143432617,8700
2024-10-24,51.7760009765625,52.40999984741211,51.689998626708984,51.792999267578125,51.792999267578125,8600
2024-10-25,51.41999816894531,52.95899963378906,51.29999923706055,52.86000061035156,52.86000061035156,5600
2024-10-28,51.70000076293945,51.70000076293945,51.40999984741211,51.474998474121094,51.474998474121094,4300
2024-10-29,51.91999816894531,51.97999954223633,51.400001525878906,51.54199981689453,51.54199981689453,2300
2024-10-30,51.926998138427734,52.33399963378906,51.8390007019043,52.33399963378906,52.33399963378906,1200
2024-10-31,53.310001373291016,54.599998474121094,53.189998626708984,54.15999984741211,54.15999984741211,38500
2024-11-01,53.91999816894531,54.30099868774414,53.470001220703125,54.30099868774414,54.30099868774414,5100
2024-11-04,53.86000061035156,54.029998779296875,53.029998779296875,53.58000183105469,53.58000183105469,11100
2024-11-05,52.81999969482422,52.81999969482422,51.58000183105469,51.849998474121094,51.849998474121094,11200
2024-11-06,48.77000045776367,50.119998931884766,48.77000045776367,50.0,50.0,60400
2024-11-07,50.0,50.0,49.11000061035156,49.209999084472656,49.209999084472656,19400
2024-11-08,49.08000183105469,49.08000183105469,48.66999816894531,48.720001220703125,48.720001220703125,44300
2024-11-11,48.59000015258789,48.59000015258789,48.209999084472656,48.51499938964844,48.51499938964844,4900
2024-11-12,48.84000015258789,49.5,48.790000915527344,48.959999084472656,48.959999084472656,10800
2024-11-13,48.970001220703125,48.970001220703125,48.560001373291016,48.869998931884766,48.869998931884766,5300
2024-11-14,48.52000045776367,48.959999084472656,48.08000183105469,48.959999084472656,48.959999084472656,3500
2024-11-15,49.40999984741211,50.47999954223633,49.18000030517578,49.939998626708984,49.939998626708984,24100
2024-11-18,49.4900016784668,49.4900016784668,48.63999938964844,48.84000015258789,48.84000015258789,8700
2024-11-19,50.310001373291016,50.310001373291016,48.79999923706055,48.970001220703125,48.970001220703125,16200
2024-11-20,48.619998931884766,49.78499984741211,48.619998931884766,49.54199981689453,49.54199981689453,5800
2024-11-21,49.5099983215332,49.569000244140625,49.18000030517578,49.20600128173828,49.20600128173828,4800
2024-11-22,48.77000045776367,48.8129997253418,48.529998779296875,48.7400016784668,48.7400016784668,3500
2024-11-25,48.150001525878906,48.84000015258789,48.0099983215332,48.0099983215332,48.0099983215332,21200
2024-11-26,48.040000915527344,48.040000915527344,47.56999969482422,47.81999969482422,47.81999969482422,6500
2024-11-27,48.0,48.119998931884766,48.0,48.02000045776367,48.02000045776367,1500
2024-11-29,47.75,47.790000915527344,47.61000061035156,47.790000915527344,47.790000915527344,2100
2024-12-02,47.76900100708008,48.0,47.52000045776367,48.0,48.0,35000
2024-12-03,48.279998779296875,48.279998779296875,47.96200180053711,47.96200180053711,47.96200180053711,6300
2024-12-04,47.5,48.459999084472656,47.5,48.459999084472656,48.459999084472656,5100
2024-12-05,48.619998931884766,49.268001556396484,48.619998931884766,49.268001556396484,49.268001556396484,2800
2024-12-06,48.81999969482422,48.9900016784668,48.599998474121094,48.880001068115234,48.880001068115234,7900
2024-12-09,48.810001373291016,49.34000015258789,48.70000076293945,49.34000015258789,49.34000015258789,13100
2024-12-10,48.75,49.34000015258789,48.75,49.34000015258789,49.34000015258789,6500
2024-12-11,48.72200012207031,49.44499969482422,48.72200012207031,49.44499969482422,49.44499969482422,5600
2024-12-12,49.39099884033203,49.75,49.39099884033203,49.630001068115234,49.630001068115234,8300
2024-12-13,49.54999923706055,50.02000045776367,49.38999938964844,49.82400131225586,49.82400131225586,3900
2024-12-16,49.93000030517578,50.43000030517578,49.810001373291016,50.11000061035156,50.11000061035156,18400
2024-12-17,50.68000030517578,50.900001525878906,50.36000061035156,50.36000061035156,50.36000061035156,7100
2024-12-18,50.84000015258789,53.56999969482422,50.35499954223633,53.56999969482422,53.56999969482422,22100
2024-12-19,52.36000061035156,55.7400016784668,52.33000183105469,55.59000015258789,55.59000015258789,45400
2024-12-20,55.54999923706055,55.54999923706055,51.78499984741211,51.970001220703125,51.970001220703125,44300
2024-12-23,51.31999969482422,52.095001220703125,49.65999984741211,49.7599983215332,49.7599983215332,17300
2024-12-24,49.5099983215332,49.5099983215332,48.5,48.529998779296875,48.529998779296875,8900
2024-12-26,48.880001068115234,49.560001373291016,48.75,48.880001068115234,48.880001068115234,9900
2024-12-27,49.43000030517578,50.849998474121094,49.36000061035156,49.869998931884766,49.869998931884766,32000
2024-12-30,51.290000915527344,52.060001373291016,50.152000427246094,50.560001373291016,50.560001373291016,10900
2024-12-31,50.441001892089844,50.83300018310547,49.86000061035156,50.59299850463867,50.59299850463867,3100
2025-01-02,50.040000915527344,52.2599983215332,50.01900100708008,50.880001068115234,50.880001068115234,17600
2025-01-03,50.5,50.5,49.91999816894531,50.04499816894531,50.04499816894531,4000
2025-01-06,49.63999938964844,49.84000015258789,49.13999938964844,49.369998931884766,49.369998931884766,8100
2025-01-07,49.150001525878906,50.75,49.130001068115234,50.75,50.75,14600
2025-01-08,51.61000061035156,51.70000076293945,50.88999938964844,50.94599914550781,50.94599914550781,5400
2025-01-10,52.540000915527344,53.560001373291016,51.56999969482422,52.849998474121094,52.849998474121094,44700
2025-01-13,53.56999969482422,54.141998291015625,52.49100112915039,52.880001068115234,52.880001068115234,10800
2025-01-14,52.6349983215332,52.74300003051758,51.849998474121094,52.150001525878906,52.150001525878906,4400
2025-01-15,50.55500030517578,51.22999954223633,50.48099899291992,50.689998626708984,50.689998626708984,8800
2025-01-16,50.25,50.66999816894531,50.10499954223633,50.35900115966797,50.35900115966797,12100
2025-01-17,50.0,50.49800109863281,50.0,50.319000244140625,50.319000244140625,10000
2025-01-21,50.11000061035156,50.130001068115234,49.560001373291016,49.83000183105469,49.83000183105469,9900
2025-01-22,49.849998474121094,50.150001525878906,49.81999969482422,50.029998779296875,50.029998779296875,6400
2025-01-23,49.88999938964844,49.88999938964844,49.5989990234375,49.5989990234375,49.5989990234375,2400
2025-01-24,49.70000076293945,49.93000030517578,49.599998474121094,49.724998474121094,49.724998474121094,4900
2025-01-27,51.91699981689453,52.150001525878906,50.65999984741211,50.9119987487793,50.9119987487793,23000
2025-01-28,50.150001525878906,51.31999969482422,49.540000915527344,49.540000915527344,49.540000915527344,7600
2025-01-29,49.88999938964844,50.459999084472656,49.68000030517578,49.81999969482422,49.81999969482422,4100
2025-01-30,49.27299880981445,50.06399917602539,49.27299880981445,50.06399917602539,50.06399917602539,6600
2025-01-31,49.91999816894531,51.09000015258789,49.595001220703125,50.91600036621094,50.91600036621094,7600
2025-02-03,52.5,52.779998779296875,50.310001373291016,51.09000015258789,51.09000015258789,25700
2025-02-04,50.7599983215332,50.7599983215332,50.040000915527344,50.22999954223633,50.22999954223633,13400
2025-02-05,50.52000045776367,50.52000045776367,50.0,50.02899932861328,50.02899932861328,2400
2025-02-06,50.060001373291016,50.45000076293945,50.060001373291016,50.25,50.25,3900
2025-02-07,50.0,51.04199981689453,50.0,51.04199981689453,51.04199981689453,7300
2025-02-10,50.58000183105469,50.7599983215332,50.25,50.28799819946289,50.28799819946289,5600
2025-02-11,50.849998474121094,50.849998474121094,50.42300033569336,50.729000091552734,50.729000091552734,2700
2025-02-12,51.189998626708984,51.189998626708984,50.65800094604492,50.65800094604492,50.65800094604492,3400
2025-02-13,50.130001068115234,51.06999969482422,50.130001068115234,50.45899963378906,50.45899963378906,5400
2025-02-14,50.959999084472656,51.0,50.810001373291016,50.856998443603516,50.856998443603516,2200
2025-02-18,50.65999984741211,50.992000579833984,50.560001373291016,50.992000579833984,50.992000579833984,8500
2025-02-19,51.400001525878906,51.400001525878906,50.81999969482422,51.0099983215332,51.0099983215332,7100
2025-02-20,51.36000061035156,51.70000076293945,50.90299987792969,51.04999923706055,51.04999923706055,9700
2025-02-21,51.16299819946289,52.79999923706055,51.16299819946289,52.58000183105469,52.58000183105469,11700
2025-02-24,52.790000915527344,52.790000915527344,51.81999969482422,52.43000030517578,52.43000030517578,9800
2025-02-25,52.68000030517578,53.35100173950195,51.970001220703125,52.279998779296875,52.279998779296875,26200
2025-02-26,52.36399841308594,52.79999923706055,51.59000015258789,52.11000061035156,52.11000061035156,8500
2025-02-27,52.560001373291016,53.45000076293945,51.869998931884766,53.040000915527344,53.040000915527344,13100
2025-02-28,53.7400016784668,54.22999954223633,52.43000030517578,52.43000030517578,52.43000030517578,34800
2025-03-03,51.56999969482422,55.5099983215332,51.56999969482422,54.810001373291016,54.810001373291016,41300
2025-03-04,55.720001220703125,56.72999954223633,54.0,54.900001525878906,54.900001525878906,30100
2025-03-05,54.900001525878906,55.14799880981445,53.810001373291016,54.141998291015625,54.141998291015625,14800
2025-03-06,55.599998474121094,56.689998626708984,54.88999938964844,56.689998626708984,56.689998626708984,36300
2025-03-07,56.63999938964844,56.970001220703125,54.68000030517578,55.349998474121094,55.349998474121094,66600
2025-03-10,56.20000076293945,57.619998931884766,55.83000183105469,57.619998931884766,57.619998931884766,39400
2025-03-11,57.91999816894531,59.290000915527344,57.0,57.599998474121094,57.599998474121094,201600
2025-03-12,56.04999923706055,57.34000015258789,55.619998931884766,55.619998931884766,55.619998931884766,200800
2025-03-13,56.0099983215332,57.790000915527344,55.5099983215332,57.0,57.0,28500
2025-03-14,55.959999084472656,56.13999938964844,54.709999084472656,54.84000015258789,54.84000015258789,68200
2025-03-17,54.41999816894531,55.29999923706055,54.20800018310547,54.369998931884766,54.369998931884766,18700
2025-03-18,53.97999954223633,54.974998474121094,53.970001220703125,54.65999984741211,54.65999984741211,8500
2025-03-19,54.849998474121094,54.849998474121094,53.22999954223633,53.72999954223633,53.72999954223633,12800
2025-03-20,54.0,54.0099983215332,53.42399978637695,53.42399978637695,53.42399978637695,4100
2025-03-21,54.130001068115234,54.130001068115234,53.09000015258789,53.130001068115234,53.130001068115234,18300
2025-03-24,52.29999923706055,52.41999816894531,51.290000915527344,51.400001525878906,51.400001525878906,53900
2025-03-25,51.27000045776367,51.900001525878906,51.233001708984375,51.88999938964844,51.88999938964844,9500
2025-03-26,51.61000061035156,53.2599983215332,51.61000061035156,52.900001525878906,52.900001525878906,14600
2025-03-27,53.1349983215332,53.369998931884766,52.70000076293945,52.77000045776367,52.77000045776367,25900
2025-03-28,53.459999084472656,55.15999984741211,53.18000030517578,55.04999923706055,55.04999923706055,18200
2025-03-31,56.93000030517578,57.029998779296875,54.93000030517578,55.13999938964844,55.13999938964844,17600
2025-04-01,55.619998931884766,56.20500183105469,54.79999923706055,55.279998779296875,55.279998779296875,14100
2025-04-02,55.61000061035156,55.61000061035156,54.349998474121094,54.630001068115234,54.630001068115234,29500
2025-04-03,58.630001068115234,60.678001403808594,57.53300094604492,60.678001403808594,60.678001403808594,110200
2025-04-04,64.56999969482422,65.87999725341797,61.92499923706055,64.4800033569336,64.4800033569336,115400
2025-04-07,68.58000183105469,69.33000183105469,59.777000427246094,62.959999084472656,62.959999084472656,76800
2025-04-08,60.91999816894531,68.5,60.7400016784668,64.62999725341797,64.62999725341797,32600
2025-04-09,67.2300033569336,67.9000015258789,58.43000030517578,58.43000030517578,58.43000030517578,232000
2025-04-10,62.060001373291016,67.27999877929688,61.619998931884766,65.72000122070312,65.72000122070312,106600
2025-04-11,65.41999816894531,68.02999877929688,63.97999954223633,66.2300033569336,66.2300033569336,30900
2025-04-14,62.9900016784668,65.0,62.9900016784668,63.4900016784668,63.4900016784668,73400
2025-04-15,64.12000274658203,64.12000274658203,62.34000015258789,63.38999938964844,63.38999938964844,19900
2025-04-16,64.33999633789062,65.9000015258789,63.99300003051758,65.9000015258789,65.9000015258789,5900
2025-04-17,64.93000030517578,65.66000366210938,64.8499984741211,65.44999694824219,65.44999694824219,4900
2025-04-21,65.5199966430664,67.94000244140625,65.45999908447266,67.70999908447266,67.70999908447266,27900
2025-04-22,66.62999725341797,66.63999938964844,65.66000366210938,65.66999816894531,65.66999816894531,19500
2025-04-23,64.0,65.12000274658203,63.790000915527344,64.87999725341797,64.87999725341797,9700
2025-04-24,63.84000015258789,63.97999954223633,63.04999923706055,63.06999969482422,63.06999969482422,3600
2025-04-25,63.18000030517578,63.845001220703125,61.900001525878906,62.040000915527344,62.040000915527344,19200
2025-04-28,61.75,63.18000030517578,61.75,62.34000015258789,62.34000015258789,25600
2025-04-29,62.33000183105469,62.685001373291016,62.0099983215332,62.02000045776367,62.02000045776367,17200
2025-04-30,62.970001220703125,64.02999877929688,62.58000183105469,63.029998779296875,63.029998779296875,13800
2025-05-01,62.27000045776367,62.525001525878906,61.65999984741211,62.15999984741211,62.15999984741211,37600
2025-05-02,61.540000915527344,61.540000915527344,60.599998474121094,60.599998474121094,60.599998474121094,3700
2025-05-05,61.15999984741211,61.44599914550781,60.84000015258789,61.14400100708008,61.14400100708008,6500
2025-05-06,61.970001220703125,62.290000915527344,61.5,62.17599868774414,62.17599868774414,8000
2025-05-07,61.790000915527344,62.310001373291016,61.555999755859375,61.555999755859375,61.555999755859375,1500
2025-05-08,61.154998779296875,61.400001525878906,60.40999984741211,60.724998474121094,60.724998474121094,7500
2025-05-09,60.310001373291016,60.33000183105469,59.83000183105469,60.13800048828125,60.13800048828125,5000
2025-05-12,58.43000030517578,58.43000030517578,55.7400016784668,55.790000915527344,55.790000915527344,18100
2025-05-13,55.643001556396484,55.82899856567383,54.9900016784668,55.790000915527344,55.790000915527344,17800
2025-05-14,56.15999984741211,56.402000427246094,55.84000015258789,56.189998626708984,56.189998626708984,10800
2025-05-15,56.380001068115234,56.470001220703125,55.84000015258789,55.84000015258789,55.84000015258789,7300
2025-05-16,55.59000015258789,56.52000045776367,55.59000015258789,56.459999084472656,56.459999084472656,24100
2025-05-19,57.41999816894531,57.41999816894531,56.58000183105469,56.900001525878906,56.900001525878906,10700
2025-05-20,57.1349983215332,57.36000061035156,56.70600128173828,56.790000915527344,56.790000915527344,34500
2025-05-21,57.59000015258789,59.209999084472656,57.16999816894531,59.209999084472656,59.209999084472656,11500
2025-05-22,59.18000030517578,59.18000030517578,58.40999984741211,58.972999572753906,58.972999572753906,2600
2025-05-23,60.630001068115234,60.630001068115234,59.75,60.40999984741211,60.40999984741211,6500
2025-05-27,58.83000183105469,58.83000183105469,57.869998931884766,58.02000045776367,58.02000045776367,12600
2025-05-28,58.400001525878906,58.75,58.27000045776367,58.7400016784668,58.7400016784668,4700
2025-05-29,58.06999969482422,59.11000061035156,58.06999969482422,59.08000183105469,59.08000183105469,6300
2025-05-30,59.310001373291016,60.029998779296875,59.04999923706055,59.24300003051758,59.24300003051758,9400
2025-06-02,59.58000183105469,59.72999954223633,59.053001403808594,59.349998474121094,59.349998474121094,8600
2025-06-03,59.290000915527344,59.31999969482422,58.56999969482422,58.775001525878906,58.775001525878906,5900
2025-06-04,58.650001525878906,59.119998931884766,58.52000045776367,59.119998931884766,59.119998931884766,22500
2025-06-05,59.10499954223633,59.79999923706055,58.45000076293945,59.720001220703125,59.720001220703125,9400
2025-06-06,59.04999923706055,59.04999923706055,58.65999984741211,58.880001068115234,58.880001068115234,7000
2025-06-09,58.70000076293945,58.88999938964844,58.43000030517578,58.79999923706055,58.79999923706055,9400
2025-06-10,58.779998779296875,59.029998779296875,58.529998779296875,58.78799819946289,58.78799819946289,5900
2025-06-11,58.61000061035156,59.07500076293945,58.45000076293945,58.97999954223633,58.97999954223633,10900
2025-06-12,59.380001068115234,59.47999954223633,58.88999938964844,59.21200180053711,59.21200180053711,4300
2025-06-13,60.279998779296875,61.02000045776367,59.540000915527344,61.02000045776367,61.02000045776367,24100
2025-06-16,59.54999923706055,59.54999923706055,58.84000015258789,59.380001068115234,59.380001068115234,6100
2025-06-17,60.104000091552734,60.91999816894531,59.90999984741211,60.47999954223633,60.47999954223633,17500
2025-06-18,60.38999938964844,60.7400016784668,59.31999969482422,59.90999984741211,59.90999984741211,7000
2025-06-20,59.904998779296875,60.41999816894531,59.861000061035156,60.3380012512207,60.3380012512207,2000
2025-06-23,60.38999938964844,60.93000030517578,59.880001068115234,60.130001068115234,60.130001068115234,12400
2025-06-24,58.75,58.75,58.38999938964844,58.599998474121094,58.599998474121094,15500
2025-06-25,58.16999816894531,58.5,58.099998474121094,58.31999969482422,58.31999969482422,5000
2025-06-26,58.0099983215332,58.0099983215332,57.75,57.880001068115234,57.880001068115234,10000
2025-06-27,57.900001525878906,58.2130012512207,57.79999923706055,58.138999938964844,58.138999938964844,5400
2025-06-30,58.130001068115234,58.459999084472656,58.119998931884766,58.459999084472656,58.459999084472656,4700
2025-07-01,58.4900016784668,58.61000061035156,58.18000030517578,58.43000030517578,58.43000030517578,3400
2025-07-02,58.47999954223633,58.630001068115234,58.06999969482422,58.560001373291016,58.560001373291016,82100
2025-07-03,58.060001373291016,58.52000045776367,58.060001373291016,58.5099983215332,58.5099983215332,17000
2025-07-07,58.7599983215332,59.290000915527344,58.630001068115234,58.755001068115234,58.755001068115234,10000
2025-07-08,58.44900131225586,58.47999954223633,57.83100128173828,58.22999954223633,58.22999954223633,15500
2025-07-09,57.79999923706055,58.13100051879883,57.72999954223633,58.007999420166016,58.007999420166016,1900
2025-07-10,58.09600067138672,58.09600067138672,57.808998107910156,57.834999084472656,57.834999084472656,3900
2025-07-11,58.150001525878906,58.150001525878906,57.689998626708984,58.02000045776367,58.02000045776367,16200
2025-07-14,58.619998931884766,58.630001068115234,58.470001220703125,58.619998931884766,58.619998931884766,27700
2025-07-15,58.20000076293945,58.7400016784668,58.189998626708984,58.7400016784668,58.7400016784668,5600
2025-07-16,58.790000915527344,59.91999816894531,58.709999084472656,58.9900016784668,58.9900016784668,10000
2025-07-17,59.33000183105469,59.5,59.04999923706055,59.5,59.5,8500
2025-07-18,59.310001373291016,59.369998931884766,59.060001373291016,59.064998626708984,59.064998626708984,7700
2025-07-21,58.97999954223633,59.220001220703125,58.66999816894531,59.220001220703125,59.220001220703125,4300
2025-07-22,59.5,59.72999954223633,59.19200134277344,59.43000030517578,59.43000030517578,15400
2025-07-23,59.13800048828125,59.18000030517578,58.02000045776367,58.119998931884766,58.119998931884766,41400
2025-07-24,57.779998779296875,57.869998931884766,57.63999938964844,57.689998626708984,57.689998626708984,5600
2025-07-25,57.880001068115234,57.96500015258789,57.47999954223633,57.720001220703125,57.720001220703125,12200
2025-07-28,57.31999969482422,57.349998474121094,57.02000045776367,57.06100082397461,57.06100082397461,7300
2025-07-29,57.27000045776367,58.209999084472656,57.20000076293945,58.12099838256836,58.12099838256836,18700
2025-07-30,58.130001068115234,58.48099899291992,57.81999969482422,58.41999816894531,58.41999816894531,8800
2025-07-31,58.15999984741211,58.685001373291016,58.0,58.5,58.5,18100
2025-08-01,59.529998779296875,60.15999984741211,59.314998626708984,59.66999816894531,59.66999816894531,15400
2025-08-04,59.33000183105469,59.33000183105469,58.75,58.779998779296875,58.779998779296875,6900
2025-08-05,58.91999816894531,59.362998962402344,58.7599983215332,59.09000015258789,59.09000015258789,2600
2025-08-06,58.900001525878906,58.900001525878906,58.2400016784668,58.34000015258789,58.34000015258789,3700
2025-08-07,58.0,58.90999984741211,58.0,58.7400016784668,58.7400016784668,2800
2025-08-08,58.34000015258789,58.624000549316406,58.209999084472656,58.439998626708984,58.439998626708984,2300
2025-08-11,58.41999816894531,58.5629997253418,58.19200134277344,58.55799865722656,58.55799865722656,3100
2025-08-12,58.380001068115234,58.45000076293945,57.85100173950195,57.946998596191406,57.946998596191406,10400
2025-08-13,57.400001525878906,58.05699920654297,57.400001525878906,58.05699920654297,58.05699920654297,7800
2025-08-14,58.31999969482422,58.31999969482422,57.93000030517578,58.27000045776367,58.27000045776367,5000
2025-08-15,58.34000015258789,58.68000030517578,58.0099983215332,58.68000030517578,58.68000030517578,7000
2025-08-18,58.68000030517578,58.86000061035156,58.0,58.0,58.0,6200
2025-08-19,57.74300003051758,58.43000030517578,57.720001220703125,58.29199981689453,58.29199981689453,30800
2025-08-20,58.209999084472656,58.81999969482422,57.97999954223633,58.375999450683594,58.375999450683594,20400
2025-08-21,58.965999603271484,58.965999603271484,58.560001373291016,58.691001892089844,58.691001892089844,3800
2025-08-22,58.599998474121094,58.599998474121094,56.060001373291016,56.13999938964844,56.13999938964844,39900
2025-08-25,56.29999923706055,56.595001220703125,56.29999923706055,56.59000015258789,56.59000015258789,12900
2025-08-26,58.20000076293945,58.20000076293945,56.65999984741211,56.65999984741211,56.65999984741211,3000
2025-08-27,57.099998474121094,57.150001525878906,56.65999984741211,57.060001373291016,57.060001373291016,7100
2025-08-28,56.54999923706055,56.810001373291016,56.45000076293945,56.810001373291016,56.810001373291016,5700
2025-08-29,56.779998779296875,57.2400016784668,56.72999954223633,57.15999984741211,57.15999984741211,35200
2025-09-02,58.40800094604492,58.41999816894531,57.89500045776367,57.900001525878906,57.900001525878906,11300
2025-09-03,57.88999938964844,57.88999938964844,57.470001220703125,57.582000732421875,57.582000732421875,7500
2025-09-04,58.209999084472656,58.209999084472656,56.75400161743164,56.75400161743164,56.75400161743164,5800
2025-09-05,55.88999938964844,57.279998779296875,55.88999938964844,56.972999572753906,56.972999572753906,11100
2025-09-08,56.59000015258789,56.650001525878906,56.41999816894531,56.41999816894531,56.41999816894531,2600
2025-09-09,56.400001525878906,56.54999923706055,56.04999923706055,56.209999084472656,56.209999084472656,8800
2025-09-10,56.154998779296875,56.332000732421875,56.119998931884766,56.2239990234375,56.2239990234375,2700
2025-09-11,55.790000915527344,55.79999923706055,55.45000076293945,55.61000061035156,55.61000061035156,7000
2025-09-12,55.435001373291016,55.75,55.435001373291016,55.75,55.75,3300
2025-09-15,55.5,55.959999084472656,55.4900016784668,55.959999084472656,55.959999084472656,29800
2025-09-16,56.040000915527344,56.53300094604492,56.040000915527344,56.53300094604492,56.53300094604492,8600
2025-09-17,56.16999816894531,56.20000076293945,55.44499969482422,55.59000015258789,55.59000015258789,12600
2025-09-18,55.4900016784668,55.849998474121094,55.46500015258789,55.763999938964844,55.763999938964844,9500
2025-09-19,55.599998474121094,55.90999984741211,55.599998474121094,55.849998474121094,55.849998474121094,3500
2025-09-22,55.93000030517578,56.27000045776367,55.7400016784668,56.2599983215332,56.2599983215332,34400
2025-09-23,56.02000045776367,56.7400016784668,55.941001892089844,56.5099983215332,56.5099983215332,62800
2025-09-24,56.400001525878906,56.7869987487793,56.215999603271484,56.23400115966797,56.23400115966797,6900
2025-09-25,56.20000076293945,56.52000045776367,56.18000030517578,56.310001373291016,56.310001373291016,21900
2025-09-26,56.029998779296875,56.2599983215332,55.189998626708984,55.189998626708984,55.189998626708984,3700
2025-09-29,55.12099838256836,55.560001373291016,55.119998931884766,55.369998931884766,55.369998931884766,19900
2025-09-30,55.66999816894531,55.72999954223633,55.34000015258789,55.45000076293945,55.45000076293945,17600
2025-10-01,55.68000030517578,55.68000030517578,55.150001525878906,55.349998474121094,55.349998474121094,15500
2025-10-02,55.13999938964844,55.689998626708984,55.13999938964844,55.650001525878906,55.650001525878906,14700
2025-10-03,55.34000015258789,55.790000915527344,55.29999923706055,55.516998291015625,55.516998291015625,12400
2025-10-06,55.2599983215332,55.709999084472656,55.2599983215332,55.630001068115234,55.630001068115234,15000
2025-10-07,55.486000061035156,56.013999938964844,55.486000061035156,55.91999816894531,55.91999816894531,31900
2025-10-08,55.79899978637695,55.91699981689453,55.630001068115234,55.91699981689453,55.91699981689453,7300
2025-10-09,55.91999816894531,56.119998931884766,55.909000396728516,55.986000061035156,55.986000061035156,1400
2025-10-10,56.029998779296875,58.35300064086914,56.029998779296875,57.619998931884766,57.619998931884766,26600
2025-10-13,56.599998474121094,56.70000076293945,56.0,56.040000915527344,56.040000915527344,8800
2025-10-14,57.560001373291016,57.79999923706055,56.59000015258789,57.119998931884766,57.119998931884766,4100
2025-10-15,56.5,57.763999938964844,56.5,57.189998626708984,57.189998626708984,6000
2025-10-16,56.970001220703125,58.819000244140625,56.970001220703125,58.720001220703125,58.720001220703125,11200
2025-10-17,58.43000030517578,58.599998474121094,57.02000045776367,57.20000076293945,57.20000076293945,15700
2025-10-20,56.630001068115234,56.630001068115234,55.95000076293945,56.0099983215332,56.0099983215332,20300
2025-10-21,56.150001525878906,56.404998779296875,55.77000045776367,56.404998779296875,56.404998779296875,2600
2025-10-22,56.58000183105469,57.560001373291016,56.36000061035156,56.560001373291016,56.560001373291016,17700
2025-10-23,56.479000091552734,56.599998474121094,56.222999572753906,56.222999572753906,56.222999572753906,3200
2025-10-24,55.58000183105469,55.755001068115234,55.345001220703125,55.709999084472656,55.709999084472656,46500
2025-10-27,55.08000183105469,55.41999816894531,54.8650016784668,55.34000015258789,55.34000015258789,63500
2025-10-28,55.222999572753906,55.819000244140625,55.222999572753906,55.79999923706055,55.79999923706055,3800
2025-10-29,55.84000015258789,56.18000030517578,55.47999954223633,56.18000030517578,56.18000030517578,29500
2025-10-30,56.30500030517578,56.56999969482422,56.040000915527344,56.56999969482422,56.56999969482422,8400
2025-10-31,56.20000076293945,57.36000061035156,56.20000076293945,56.970001220703125,56.970001220703125,9600
2025-11-03,56.630001068115234,57.439998626708984,56.630001068115234,57.36000061035156,57.36000061035156,3800
2025-11-04,58.18000030517578,58.54999923706055,57.599998474121094,58.220001220703125,58.220001220703125,12900
2025-11-05,58.0099983215332,58.0099983215332,56.790000915527344,57.0,57.0,13800
2025-11-06,57.04999923706055,58.099998474121094,57.04999923706055,57.79999923706055,57.79999923706055,11400
2025-11-07,58.040000915527344,58.40999984741211,57.430999755859375,57.430999755859375,57.430999755859375,16300
2025-11-10,56.52000045776367,57.20000076293945,56.20000076293945,56.849998474121094,56.849998474121094,64400
2025-11-11,56.722999572753906,57.130001068115234,56.709999084472656,57.130001068115234,57.130001068115234,5900
2025-11-12,56.9900016784668,57.40999984741211,56.9900016784668,57.244998931884766,57.244998931884766,4200
2025-11-13,57.650001525878906,58.88999938964844,57.560001373291016,58.86000061035156,58.86000061035156,16400
2025-11-14,59.369998931884766,59.529998779296875,57.91999816894531,58.16999816894531,58.16999816894531,8900
2025-11-17,58.43000030517578,59.119998931884766,58.0260009765625,58.790000915527344,58.790000915527344,9100
2025-11-18,59.79999923706055,60.56999969482422,58.63999938964844,59.380001068115234,59.380001068115234,20100
2025-11-19,59.65999984741211,59.65999984741211,58.83000183105469,58.970001220703125,58.970001220703125,5600
2025-11-20,57.619998931884766,60.459999084472656,57.560001373291016,60.34000015258789,60.34000015258789,16700
2025-11-21,59.47999954223633,60.560001373291016,59.189998626708984,59.959999084472656,59.959999084472656,23200
2025-11-24,59.41999816894531,59.41999816894531,57.95000076293945,58.08000183105469,58.08000183105469,17000
2025-11-25,57.810001373291016,58.349998474121094,57.04999923706055,57.380001068115234,57.380001068115234,18900
2025-11-26,57.130001068115234,57.22999954223633,56.724998474121094,56.90999984741211,56.90999984741211,11300
2025-11-28,56.54999923706055,56.54999923706055,56.33000183105469,56.369998931884766,56.369998931884766,4200
2025-12-01,56.720001220703125,56.81999969482422,55.599998474121094,55.7400016784668,55.7400016784668,46000
2025-12-02,55.70000076293945,56.0099983215332,55.70000076293945,55.7599983215332,55.7599983215332,124000
2025-12-03,56.13999938964844,56.22999954223633,55.569000244140625,55.720001220703125,55.720001220703125,12600
2025-12-04,55.400001525878906,55.77000045776367,55.332000732421875,55.47999954223633,55.47999954223633,6000
2025-12-05,55.220001220703125,55.220001220703125,54.86000061035156,55.119998931884766,55.119998931884766,21300
2025-12-08,55.08000183105469,55.70000076293945,55.08000183105469,55.349998474121094,55.349998474121094,15800
2025-12-09,55.33000183105469,55.459999084472656,55.25,55.349998474121094,55.349998474121094,4800
2025-12-10,55.279998779296875,55.31999969482422,54.266998291015625,54.470001220703125,54.470001220703125,16200
2025-12-11,54.58000183105469,54.70000076293945,54.2599983215332,54.349998474121094,54.349998474121094,6200
2025-12-12,54.18000030517578,55.02899932861328,53.86000061035156,54.27000045776367,54.27000045776367,14800
2025-12-15,54.220001220703125,54.939998626708984,54.220001220703125,54.48899841308594,54.48899841308594,5800
2025-12-16,54.84000015258789,54.91999816894531,54.290000915527344,54.369998931884766,54.369998931884766,27900
2025-12-17,54.31999969482422,54.880001068115234,54.255001068115234,54.61000061035156,54.61000061035156,59700
2025-12-18,54.099998474121094,54.400001525878906,53.762001037597656,54.060001373291016,54.060001373291016,24400
2025-12-19,53.54999923706055,53.54999923706055,52.880001068115234,52.95000076293945,52.95000076293945,28500
2025-12-22,52.630001068115234,52.66999816894531,52.189998626708984,52.34000015258789,52.34000015258789,27700
2025-12-23,52.16999816894531,52.5,52.099998474121094,52.38999938964844,52.38999938964844,11700
2025-12-24,52.310001373291016,52.599998474121094,52.310001373291016,52.599998474121094,52.599998474121094,2400
2025-12-26,52.459999084472656,53.029998779296875,52.459999084472656,52.790000915527344,52.790000915527344,11700
2025-12-29,53.02000045776367,53.20000076293945,52.810001373291016,53.20000076293945,53.20000076293945,35400
2025-12-30,52.97999954223633,53.060001373291016,52.8129997253418,53.04800033569336,53.04800033569336,2400
