date,open,high,low,close,adj_close,volume,"('date', '')","('open', 'GNL-PA')","('high', 'GNL-PA')","('low', 'GNL-PA')","('close', 'GNL-PA')","('adj_close', 'GNL-PA')","('volume', 'GNL-PA')","('currency', '')"
2020-01-02,26.1200008392334,26.420000076293945,26.030000686645508,26.420000076293945,16.723134994506836,37895,,,,,,,,
2020-01-03,26.420000076293945,26.440000534057617,26.402599334716797,26.43000030517578,16.729463577270508,7191,,,,,,,,
2020-01-06,26.420000076293945,26.440000534057617,26.30660057067871,26.440000534057617,16.735794067382812,18432,,,,,,,,
2020-01-07,26.399999618530273,26.454999923706055,26.172800064086914,26.420000076293945,16.723134994506836,13813,,,,,,,,
2020-01-08,26.420000076293945,26.440000534057617,26.374000549316406,26.399999618530273,16.710479736328125,9457,,,,,,,,
2020-01-09,26.459999084472656,26.485000610351562,26.33009910583496,26.459999084472656,16.748455047607422,8505,,,,,,,,
2020-01-10,26.469999313354492,26.469999313354492,26.38129997253418,26.44499969482422,16.73896026611328,5847,,,,,,,,
2020-01-13,26.450000762939453,26.469999313354492,26.309600830078125,26.460500717163086,16.7487735748291,10533,,,,,,,,
2020-01-14,26.229999542236328,26.469999313354492,26.229999542236328,26.454999923706055,16.745290756225586,5300,,,,,,,,
2020-01-15,26.469999313354492,26.5,26.465999603271484,26.479999542236328,16.761117935180664,3549,,,,,,,,
2020-01-16,26.479999542236328,26.489999771118164,26.277000427246094,26.485000610351562,16.764280319213867,5027,,,,,,,,
2020-01-17,26.399999618530273,26.450000762939453,26.399999618530273,26.440000534057617,16.735794067382812,20458,,,,,,,,
2020-01-21,26.450000762939453,26.510000228881836,26.399999618530273,26.509199142456055,16.779598236083984,15221,,,,,,,,
2020-01-22,26.26729965209961,26.510000228881836,26.26729965209961,26.479999542236328,16.761117935180664,5651,,,,,,,,
2020-01-23,26.329999923706055,26.5,26.329999923706055,26.5,16.773773193359375,5601,,,,,,,,
2020-01-24,26.540000915527344,26.540000915527344,26.200000762939453,26.532499313354492,16.79434585571289,4782,,,,,,,,
2020-01-27,26.530000686645508,26.600000381469727,26.362600326538086,26.5,16.773773193359375,5325,,,,,,,,
2020-01-28,26.34980010986328,26.709999084472656,26.34980010986328,26.563499450683594,16.81396484375,8245,,,,,,,,
2020-01-29,26.799999237060547,26.799999237060547,26.43000030517578,26.5,16.773773193359375,7893,,,,,,,,
2020-01-30,26.68000030517578,26.68000030517578,26.479700088500977,26.479700088500977,16.760921478271484,3075,,,,,,,,
2020-01-31,26.489999771118164,26.579999923706055,26.4596004486084,26.579999923706055,16.82440948486328,2585,,,,,,,,
2020-02-03,26.526199340820312,26.559999465942383,26.526199340820312,26.559999465942383,16.811752319335938,977,,,,,,,,
2020-02-04,26.31999969482422,26.68000030517578,26.31999969482422,26.670000076293945,16.881378173828125,3220,,,,,,,,
2020-02-05,26.579999923706055,26.698400497436523,26.540000915527344,26.698400497436523,16.89935302734375,1740,,,,,,,,
2020-02-06,26.649999618530273,26.65999984741211,26.610000610351562,26.65999984741211,16.875045776367188,7003,,,,,,,,
2020-02-07,26.700000762939453,26.710899353027344,26.5,26.710899353027344,16.90726661682129,13835,,,,,,,,
2020-02-10,26.709999084472656,26.780000686645508,26.6200008392334,26.653900146484375,16.871185302734375,14221,,,,,,,,
2020-02-11,26.59000015258789,26.729999542236328,26.59000015258789,26.729999542236328,16.91935920715332,4590,,,,,,,,
2020-02-12,26.606000900268555,26.75,26.606000900268555,26.709999084472656,16.906700134277344,11872,,,,,,,,
2020-02-13,26.739999771118164,26.739999771118164,26.674999237060547,26.699800491333008,16.900243759155273,4307,,,,,,,,
2020-02-14,26.56999969482422,26.709999084472656,26.56999969482422,26.600000381469727,16.837072372436523,10538,,,,,,,,
2020-02-18,26.68000030517578,26.709999084472656,26.6200008392334,26.709999084472656,16.906700134277344,4017,,,,,,,,
2020-02-19,26.709999084472656,26.75,26.649999618530273,26.73349952697754,16.92157554626465,11124,,,,,,,,
2020-02-20,26.610000610351562,26.747900009155273,26.600000381469727,26.747900009155273,16.930688858032227,43379,,,,,,,,
2020-02-21,26.6200008392334,26.940000534057617,26.6200008392334,26.729999542236328,16.91935920715332,14827,,,,,,,,
2020-02-24,26.600000381469727,26.7549991607666,26.549999237060547,26.559799194335938,16.81162452697754,13333,,,,,,,,
2020-02-25,26.549999237060547,26.72209930419922,25.5,25.549999237060547,16.172449111938477,27188,,,,,,,,
2020-02-26,25.700000762939453,26.030000686645508,25.700000762939453,25.75,16.299039840698242,13154,,,,,,,,
2020-02-27,25.299999237060547,25.649999618530273,25.275800704956055,25.350000381469727,16.045856475830078,18053,,,,,,,,
2020-02-28,25.25,25.489999771118164,24.90999984741211,25.389999389648438,16.071178436279297,15252,,,,,,,,
2020-03-02,25.399999618530273,26.299100875854492,25.34320068359375,25.597299575805664,16.202390670776367,13990,,,,,,,,
2020-03-03,25.6200008392334,25.96299934387207,25.600000381469727,25.700000762939453,16.267396926879883,10139,,,,,,,,
2020-03-04,25.827899932861328,26.149999618530273,25.780000686645508,26.149999618530273,16.55223274230957,3157,,,,,,,,
2020-03-05,26.200000762939453,26.34000015258789,25.239999771118164,25.290000915527344,16.007871627807617,25331,,,,,,,,
2020-03-06,25.290000915527344,25.510000228881836,25.0,25.200000762939453,15.950913429260254,11900,,,,,,,,
2020-03-09,24.579999923706055,24.950000762939453,23.559999465942383,24.299999237060547,15.381233215332031,43983,,,,,,,,
2020-03-10,24.940000534057617,25.0,24.399999618530273,25.0,15.824315071105957,27917,,,,,,,,
2020-03-11,24.950000762939453,24.950000762939453,23.760000228881836,24.479999542236328,15.495172500610352,19231,,,,,,,,
2020-03-12,23.479999542236328,23.639999389648438,17.5492000579834,19.510000228881836,12.349298477172852,44554,,,,,,,,
2020-03-13,19.510000228881836,21.64590072631836,18.559999465942383,20.260000228881836,12.82402515411377,28536,,,,,,,,
2020-03-16,18.40999984741211,19.8799991607666,17.5,19.165000915527344,12.130919456481934,23201,,,,,,,,
2020-03-17,19.34000015258789,19.345699310302734,18.549999237060547,18.964000701904297,12.003691673278809,26073,,,,,,,,
2020-03-18,18.610000610351562,18.700000762939453,11.382800102233887,12.198800086975098,7.7215070724487305,64173,,,,,,,,
2020-03-19,10.0,16.371700286865234,9.050000190734863,14.15999984741211,8.962892532348633,79709,,,,,,,,
2020-03-20,14.430000305175781,18.219900131225586,14.430000305175781,17.489999771118164,11.07069206237793,32677,,,,,,,,
2020-03-23,17.0,17.0,13.949999809265137,13.949999809265137,8.829967498779297,42315,,,,,,,,
2020-03-24,13.960000038146973,17.670000076293945,13.960000038146973,17.649999618530273,11.171965599060059,56831,,,,,,,,
2020-03-25,17.399999618530273,19.414600372314453,16.5,18.959999084472656,12.001158714294434,50909,,,,,,,,
2020-03-26,18.799999237060547,22.274999618530273,18.799999237060547,21.5,13.60891056060791,46314,,,,,,,,
2020-03-27,21.5,21.5,20.0,20.77280044555664,13.148613929748535,17508,,,,,,,,
2020-03-30,18.700000762939453,20.69219970703125,18.700000762939453,19.850000381469727,12.564505577087402,25058,,,,,,,,
2020-03-31,19.010000228881836,20.393699645996094,19.010000228881836,20.274999618530273,12.833518981933594,11429,,,,,,,,
2020-04-01,19.899999618530273,20.260000228881836,18.760000228881836,18.829999923706055,11.918874740600586,20568,,,,,,,,
2020-04-02,19.0,19.128400802612305,17.350000381469727,17.885000228881836,11.599852561950684,25048,,,,,,,,
2020-04-03,17.350000381469727,17.607999801635742,16.649999618530273,17.0,11.025861740112305,15557,,,,,,,,
2020-04-06,17.209999084472656,17.986900329589844,17.1200008392334,17.549999237060547,11.382579803466797,26262,,,,,,,,
2020-04-07,18.200000762939453,19.739999771118164,18.139999389648438,19.459999084472656,12.62136459350586,15525,,,,,,,,
2020-04-08,18.950000762939453,20.219999313354492,18.950000762939453,19.95599937438965,12.943063735961914,15362,,,,,,,,
2020-04-09,20.5,21.729999542236328,19.444400787353516,21.729999542236328,14.093645095825195,30283,,,,,,,,
2020-04-13,21.799999237060547,21.899999618530273,20.010000228881836,21.0,13.620182037353516,13018,,,,,,,,
2020-04-14,21.170700073242188,22.899999618530273,21.170700073242188,22.0,14.268759727478027,18356,,,,,,,,
2020-04-15,22.0,22.170000076293945,21.149999618530273,21.579999923706055,13.996356010437012,8597,,,,,,,,
2020-04-16,21.600000381469727,21.748600006103516,20.140300750732422,20.469999313354492,13.276432037353516,15904,,,,,,,,
2020-04-17,20.5,20.62310028076172,19.970800399780273,20.200000762939453,13.101317405700684,35853,,,,,,,,
2020-04-20,19.65999984741211,20.010000228881836,19.65999984741211,20.010000228881836,12.978087425231934,28365,,,,,,,,
2020-04-21,19.780000686645508,19.93000030517578,19.375,19.691999435424805,12.771836280822754,28144,,,,,,,,
2020-04-22,19.809999465942383,19.920000076293945,19.299999237060547,19.299999237060547,12.517593383789062,31322,,,,,,,,
2020-04-23,19.681800842285156,19.770000457763672,19.234500885009766,19.5,12.647311210632324,41478,,,,,,,,
2020-04-24,19.200000762939453,19.489999771118164,19.0,19.489999771118164,12.640822410583496,37418,,,,,,,,
2020-04-27,20.030000686645508,20.450000762939453,19.6200008392334,20.239999771118164,13.127262115478516,75932,,,,,,,,
2020-04-28,20.25,20.8799991607666,20.25,20.8799991607666,13.542350769042969,34387,,,,,,,,
2020-04-29,21.020000457763672,22.1200008392334,21.020000457763672,21.94770050048828,14.234837532043457,60759,,,,,,,,
2020-04-30,21.559999465942383,22.25,21.559999465942383,22.239999771118164,14.424419403076172,17997,,,,,,,,
2020-05-01,21.850000381469727,21.940000534057617,20.95009994506836,21.0,13.620182037353516,4479,,,,,,,,
2020-05-04,21.0,21.760000228881836,21.0,21.579999923706055,13.996356010437012,18993,,,,,,,,
2020-05-05,21.40999984741211,22.197999954223633,21.40999984741211,21.611400604248047,14.016724586486816,7046,,,,,,,,
2020-05-06,21.25,22.18000030517578,21.25,21.989999771118164,14.262275695800781,24806,,,,,,,,
2020-05-07,22.040000915527344,22.6200008392334,21.850000381469727,22.579999923706055,14.644938468933105,12153,,,,,,,,
2020-05-08,22.510000228881836,22.829999923706055,22.510000228881836,22.809999465942383,14.794105529785156,26884,,,,,,,,
2020-05-11,22.899999618530273,23.0,22.649999618530273,22.969999313354492,14.897880554199219,19243,,,,,,,,
2020-05-12,22.989999771118164,23.260000228881836,22.670000076293945,23.149999618530273,15.014625549316406,11137,,,,,,,,
2020-05-13,23.0,23.149999618530273,22.5,22.56999969482422,14.638455390930176,25558,,,,,,,,
2020-05-14,22.40999984741211,22.68000030517578,21.729999542236328,22.530000686645508,14.612510681152344,9096,,,,,,,,
2020-05-15,22.3799991607666,22.389999389648438,21.850000381469727,22.0,14.268759727478027,6535,,,,,,,,
2020-05-18,22.5,23.100000381469727,22.5,23.100000381469727,14.982198715209961,16427,,,,,,,,
2020-05-19,23.100000381469727,23.360000610351562,23.0,23.264799118041992,15.089082717895508,18647,,,,,,,,
2020-05-20,24.266599655151367,24.266599655151367,23.09000015258789,23.5,15.241630554199219,21136,,,,,,,,
2020-05-21,23.510000228881836,23.510000228881836,23.395000457763672,23.5,15.241630554199219,19845,,,,,,,,
2020-05-22,23.5,23.649999618530273,23.377700805664062,23.469999313354492,15.222173690795898,20213,,,,,,,,
2020-05-26,23.600000381469727,23.850000381469727,23.600000381469727,23.700000762939453,15.37134838104248,19371,,,,,,,,
2020-05-27,24.700000762939453,24.700000762939453,23.829999923706055,23.84000015258789,15.462148666381836,12241,,,,,,,,
2020-05-28,23.84000015258789,23.899999618530273,23.610000610351562,23.829999923706055,15.455663681030273,6988,,,,,,,,
2020-05-29,23.799999237060547,23.829999923706055,23.600000381469727,23.829999923706055,15.455663681030273,6601,,,,,,,,
2020-06-01,23.75,23.850000381469727,23.649999618530273,23.81999969482422,15.449176788330078,15865,,,,,,,,
2020-06-02,23.75,24.049999237060547,23.75,23.899999618530273,15.501059532165527,8458,,,,,,,,
2020-06-03,24.097700119018555,24.097700119018555,23.8799991607666,24.022300720214844,15.580385208129883,6478,,,,,,,,
2020-06-04,24.09000015258789,24.200000762939453,24.0,24.200000762939453,15.695633888244629,4817,,,,,,,,
2020-06-05,24.299999237060547,24.739999771118164,24.155000686645508,24.739999771118164,16.045867919921875,34199,,,,,,,,
2020-06-08,24.739999771118164,25.0,24.739999771118164,24.8799991607666,16.136669158935547,11162,,,,,,,,
2020-06-09,24.739999771118164,25.132400512695312,24.739999771118164,25.030000686645508,16.233963012695312,5835,,,,,,,,
2020-06-10,24.81999969482422,25.0,24.458799362182617,24.899999618530273,16.14964485168457,29226,,,,,,,,
2020-06-11,24.0,24.71339988708496,24.0,24.459999084472656,15.864266395568848,18163,,,,,,,,
2020-06-12,24.530000686645508,24.690200805664062,24.510000228881836,24.56999969482422,15.935612678527832,7774,,,,,,,,
2020-06-15,24.25,24.25,23.760000228881836,24.010000228881836,15.572408676147461,21102,,,,,,,,
2020-06-16,24.25,24.85409927368164,24.010000228881836,24.719999313354492,16.032896041870117,4923,,,,,,,,
2020-06-17,24.799999237060547,24.969999313354492,24.5,24.825000762939453,16.101001739501953,10566,,,,,,,,
2020-06-18,24.799999237060547,24.96500015258789,24.799999237060547,24.924999237060547,16.165857315063477,7428,,,,,,,,
2020-06-19,25.25,25.25,24.899999618530273,24.989999771118164,16.208017349243164,6529,,,,,,,,
2020-06-22,24.979999542236328,24.986099243164062,24.809999465942383,24.899999618530273,16.14964485168457,7499,,,,,,,,
2020-06-23,24.8700008392334,24.915599822998047,24.799999237060547,24.899999618530273,16.14964485168457,5874,,,,,,,,
2020-06-24,24.799999237060547,24.809999465942383,24.110000610351562,24.200000762939453,15.695633888244629,6204,,,,,,,,
2020-06-25,24.149999618530273,24.299999237060547,24.0,24.110000610351562,15.63726806640625,32711,,,,,,,,
2020-06-26,24.010000228881836,24.375,23.81999969482422,23.81999969482422,15.449176788330078,9680,,,,,,,,
2020-06-29,24.042400360107422,24.260000228881836,24.010000228881836,24.149999618530273,15.663209915161133,8922,,,,,,,,
2020-06-30,24.790000915527344,24.790000915527344,24.260000228881836,24.309999465942383,15.766977310180664,56049,,,,,,,,
2020-07-01,24.309999465942383,24.489999771118164,24.079999923706055,24.25,16.026792526245117,30724,,,,,,,,
2020-07-02,24.395000457763672,24.707300186157227,24.395000457763672,24.56999969482422,16.238285064697266,11110,,,,,,,,
2020-07-06,24.549999237060547,24.75,24.5,24.5,16.192020416259766,8565,,,,,,,,
2020-07-07,24.799999237060547,24.99370002746582,24.299999237060547,24.399999618530273,16.12592887878418,9371,,,,,,,,
2020-07-08,24.65999984741211,24.689899444580078,24.270000457763672,24.450000762939453,16.158977508544922,9437,,,,,,,,
2020-07-09,24.649999618530273,24.649999618530273,24.149999618530273,24.149999618530273,15.96070671081543,8939,,,,,,,,
2020-07-10,24.149999618530273,24.459999084472656,24.149999618530273,24.18000030517578,15.980534553527832,7216,,,,,,,,
2020-07-13,24.399999618530273,24.399999618530273,23.780000686645508,23.950000762939453,15.828529357910156,31076,,,,,,,,
2020-07-14,23.950000762939453,23.950000762939453,23.415000915527344,23.466999053955078,15.50931167602539,12699,,,,,,,,
2020-07-15,23.360000610351562,23.799999237060547,23.34000015258789,23.489999771118164,15.524516105651855,6574,,,,,,,,
2020-07-16,23.5,23.875999450683594,23.299999237060547,23.299999237060547,15.398940086364746,12554,,,,,,,,
2020-07-17,23.329999923706055,23.549999237060547,23.0,23.5,15.531124114990234,15533,,,,,,,,
2020-07-20,23.75,23.889999389648438,23.459999084472656,23.849899291992188,15.762372016906738,180507,,,,,,,,
2020-07-21,24.28499984741211,24.40999984741211,24.165000915527344,24.239999771118164,16.020187377929688,6593,,,,,,,,
2020-07-22,24.200000762939453,24.5,24.197599411010742,24.360000610351562,16.09949493408203,12547,,,,,,,,
2020-07-23,24.440000534057617,24.579999923706055,24.434999465942383,24.489999771118164,16.185415267944336,82464,,,,,,,,
2020-07-24,24.100000381469727,24.88990020751953,24.100000381469727,24.819900512695312,16.403444290161133,42305,,,,,,,,
2020-07-27,24.610000610351562,24.81999969482422,24.610000610351562,24.65999984741211,16.29776382446289,11712,,,,,,,,
2020-07-28,24.65999984741211,24.65999984741211,24.56999969482422,24.639999389648438,16.2845458984375,7597,,,,,,,,
2020-07-29,24.780000686645508,24.808500289916992,24.670000076293945,24.670000076293945,16.30437660217285,14057,,,,,,,,
2020-07-30,24.719999313354492,24.75,24.63800048828125,24.63800048828125,16.28322410583496,19798,,,,,,,,
2020-07-31,24.649999618530273,24.75,24.649999618530273,24.729999542236328,16.344026565551758,14073,,,,,,,,
2020-08-03,24.729999542236328,24.8700008392334,24.62350082397461,24.829999923706055,16.410118103027344,31763,,,,,,,,
2020-08-04,24.8799991607666,24.979999542236328,24.760000228881836,24.850000381469727,16.423336029052734,9495,,,,,,,,
2020-08-05,24.799999237060547,25.190000534057617,24.799999237060547,25.030000686645508,16.542295455932617,20187,,,,,,,,
2020-08-06,25.1072998046875,25.165000915527344,25.079999923706055,25.09000015258789,16.581951141357422,10661,,,,,,,,
2020-08-07,25.059999465942383,25.229999542236328,25.040000915527344,25.190000534057617,16.64804458618164,12226,,,,,,,,
2020-08-10,25.059999465942383,25.399900436401367,25.059999465942383,25.301700592041016,16.721864700317383,29602,,,,,,,,
2020-08-11,25.399999618530273,25.399999618530273,25.34000015258789,25.3799991607666,16.773611068725586,10103,,,,,,,,
2020-08-12,25.1200008392334,25.768699645996094,25.1200008392334,25.6200008392334,16.932226181030273,12801,,,,,,,,
2020-08-13,25.65999984741211,25.790000915527344,25.489999771118164,25.729999542236328,17.004926681518555,14582,,,,,,,,
2020-08-14,25.729999542236328,25.850000381469727,25.610000610351562,25.670000076293945,16.96527099609375,14069,,,,,,,,
2020-08-17,25.46500015258789,25.84000015258789,25.46500015258789,25.68000030517578,16.971879959106445,8529,,,,,,,,
2020-08-18,25.559999465942383,25.871000289916992,25.510000228881836,25.75,17.018146514892578,12083,,,,,,,,
2020-08-19,25.670000076293945,25.8700008392334,25.649999618530273,25.649999618530273,16.952054977416992,8425,,,,,,,,
2020-08-20,25.940000534057617,25.940000534057617,25.719999313354492,25.770000457763672,17.03136444091797,9801,,,,,,,,
2020-08-21,25.860000610351562,25.880199432373047,25.510000228881836,25.88010025024414,17.1041316986084,11953,,,,,,,,
2020-08-24,25.989999771118164,25.989999771118164,25.8799991607666,25.950000762939453,17.15032386779785,12766,,,,,,,,
2020-08-25,25.950000762939453,26.079999923706055,25.920000076293945,26.079999923706055,17.23624038696289,12959,,,,,,,,
2020-08-26,25.950000762939453,25.969999313354492,25.84000015258789,25.950000762939453,17.15032386779785,20859,,,,,,,,
2020-08-27,25.950000762939453,25.96500015258789,25.829999923706055,25.829999923706055,17.071014404296875,4772,,,,,,,,
2020-08-28,25.829999923706055,25.8799991607666,25.809999465942383,25.847200393676758,17.08238410949707,7573,,,,,,,,
2020-08-31,25.889999389648438,25.899999618530273,25.72599983215332,25.899999618530273,17.117277145385742,4989,,,,,,,,
2020-09-01,25.885000228881836,25.989999771118164,25.885000228881836,25.989999771118164,17.176755905151367,2974,,,,,,,,
2020-09-02,25.989999771118164,25.989999771118164,25.700000762939453,25.850000381469727,17.084238052368164,3547,,,,,,,,
2020-09-03,25.84000015258789,25.850000381469727,25.5,25.780000686645508,17.0379695892334,16000,,,,,,,,
2020-09-04,25.90999984741211,25.90999984741211,25.440000534057617,25.5757999420166,16.90301513671875,9093,,,,,,,,
2020-09-08,25.40999984741211,25.899999618530273,25.260000228881836,25.489999771118164,16.846309661865234,10956,,,,,,,,
2020-09-09,25.42009925842285,25.75,25.42009925842285,25.75,17.018146514892578,3233,,,,,,,,
2020-09-10,25.760000228881836,25.989999771118164,25.760000228881836,25.899999618530273,17.117277145385742,1849,,,,,,,,
2020-09-11,25.889999389648438,25.920000076293945,25.81999969482422,25.860000610351562,17.090843200683594,17745,,,,,,,,
2020-09-14,25.989999771118164,25.989999771118164,25.790000915527344,25.950000762939453,17.15032386779785,4034,,,,,,,,
2020-09-15,25.490100860595703,26.09000015258789,25.490100860595703,26.09000015258789,17.24285125732422,112935,,,,,,,,
2020-09-16,26.229999542236328,26.229999542236328,25.70009994506836,26.035900115966797,17.207096099853516,4442,,,,,,,,
2020-09-17,26.229999542236328,26.229999542236328,25.940000534057617,25.9950008392334,17.180065155029297,6319,,,,,,,,
2020-09-18,25.915000915527344,25.915000915527344,25.885400772094727,25.899999618530273,17.117277145385742,2546,,,,,,,,
2020-09-21,25.8799991607666,26.040000915527344,25.450000762939453,25.989999771118164,17.176755905151367,32021,,,,,,,,
2020-09-22,26.020000457763672,26.020000457763672,25.860000610351562,26.020000457763672,17.19658851623535,8878,,,,,,,,
2020-09-23,25.8700008392334,26.010000228881836,25.649999618530273,25.649999618530273,16.952054977416992,20152,,,,,,,,
2020-09-24,25.6200008392334,25.8799991607666,25.3700008392334,25.649999618530273,16.952054977416992,5529,,,,,,,,
2020-09-25,25.700000762939453,25.93000030517578,25.700000762939453,25.860000610351562,17.090843200683594,10910,,,,,,,,
2020-09-28,25.850000381469727,26.00749969482422,25.790000915527344,25.829999923706055,17.071014404296875,9344,,,,,,,,
2020-09-29,25.95199966430664,26.020000457763672,25.790000915527344,25.8700008392334,17.09745216369629,4478,,,,,,,,
2020-09-30,25.739999771118164,26.014999389648438,25.700000762939453,25.700000762939453,16.9851016998291,30359,,,,,,,,
2020-10-01,25.799999237060547,25.81999969482422,25.549999237060547,25.700000762939453,16.9851016998291,14831,,,,,,,,
2020-10-02,25.0,25.6299991607666,25.0,25.450000762939453,17.12175178527832,9199,,,,,,,,
2020-10-05,25.329999923706055,25.579999923706055,25.329999923706055,25.579999923706055,17.209211349487305,18319,,,,,,,,
2020-10-06,25.420000076293945,25.6200008392334,25.209999084472656,25.6200008392334,17.236122131347656,10361,,,,,,,,
2020-10-07,25.6299991607666,25.950000762939453,25.549999237060547,25.920000076293945,17.43795394897461,10975,,,,,,,,
2020-10-08,25.540000915527344,25.850000381469727,25.309999465942383,25.81999969482422,17.37067413330078,6844,,,,,,,,
2020-10-09,25.600000381469727,25.639999389648438,25.40999984741211,25.600000381469727,17.22266960144043,6534,,,,,,,,
2020-10-12,25.5,25.878000259399414,25.3799991607666,25.75,17.323583602905273,11667,,,,,,,,
2020-10-13,25.889999389648438,25.889999389648438,25.56999969482422,25.68000030517578,17.276487350463867,3423,,,,,,,,
2020-10-14,25.59000015258789,25.714500427246094,25.549999237060547,25.700000762939453,17.289945602416992,5650,,,,,,,,
2020-10-15,25.850000381469727,25.889999389648438,25.739999771118164,25.889999389648438,17.417766571044922,2432,,,,,,,,
2020-10-16,25.989999771118164,25.989999771118164,25.626399993896484,25.920000076293945,17.43795394897461,4473,,,,,,,,
2020-10-19,25.93000030517578,25.93000030517578,25.530000686645508,25.584999084472656,17.21257781982422,5953,,,,,,,,
2020-10-20,25.75,25.959999084472656,25.75,25.860000610351562,17.397584915161133,2207,,,,,,,,
2020-10-21,25.670000076293945,25.709999084472656,25.5,25.5,17.155393600463867,6355,,,,,,,,
2020-10-22,25.34000015258789,25.719999313354492,25.34000015258789,25.719999313354492,17.303396224975586,1622,,,,,,,,
2020-10-23,25.690500259399414,25.690500259399414,25.5,25.68000030517578,17.276487350463867,2296,,,,,,,,
2020-10-26,25.530000686645508,25.549100875854492,25.450000762939453,25.51099967956543,17.162790298461914,4429,,,,,,,,
2020-10-27,25.422800064086914,25.626300811767578,25.422800064086914,25.540000915527344,17.18229866027832,1937,,,,,,,,
2020-10-28,25.5,25.528900146484375,25.360000610351562,25.385000228881836,17.078025817871094,13627,,,,,,,,
2020-10-29,25.479999542236328,25.5,25.295000076293945,25.33489990234375,17.044321060180664,4684,,,,,,,,
2020-10-30,25.409400939941406,25.700000762939453,25.409400939941406,25.700000762939453,17.289945602416992,15953,,,,,,,,
2020-11-02,25.56999969482422,25.649999618530273,25.549999237060547,25.600000381469727,17.22266960144043,3580,,,,,,,,
2020-11-03,25.450000762939453,25.709999084472656,25.350000381469727,25.350000381469727,17.054475784301758,17332,,,,,,,,
2020-11-04,25.639999389648438,25.690000534057617,25.299999237060547,25.59000015258789,17.215940475463867,17055,,,,,,,,
2020-11-05,25.649999618530273,25.8700008392334,25.52389907836914,25.729999542236328,17.31012725830078,27921,,,,,,,,
2020-11-06,25.6299991607666,25.6299991607666,25.420000076293945,25.459999084472656,17.128480911254883,3228,,,,,,,,
2020-11-09,25.549999237060547,25.950000762939453,25.549999237060547,25.950000762939453,17.458133697509766,16186,,,,,,,,
2020-11-10,25.75,25.969999313354492,25.75,25.8799991607666,17.41103744506836,8391,,,,,,,,
2020-11-11,25.84000015258789,26.116199493408203,25.84000015258789,26.116199493408203,17.569944381713867,6049,,,,,,,,
2020-11-12,25.81999969482422,26.1200008392334,25.75,26.1200008392334,17.5725040435791,24413,,,,,,,,
2020-11-13,26.1200008392334,26.200000762939453,26.100000381469727,26.200000762939453,17.626325607299805,4043,,,,,,,,
2020-11-16,26.0,26.469999313354492,26.0,26.469999313354492,17.807966232299805,12781,,,,,,,,
2020-11-17,26.450000762939453,26.502599716186523,26.267200469970703,26.3799991607666,17.747417449951172,35882,,,,,,,,
2020-11-18,26.360000610351562,26.399999618530273,26.309999465942383,26.390499114990234,17.754484176635742,21225,,,,,,,,
2020-11-19,26.270000457763672,26.5,26.1299991607666,26.5,17.828153610229492,3829,,,,,,,,
2020-11-20,26.389999389648438,26.389999389648438,26.25,26.25,17.65995979309082,25629,,,,,,,,
2020-11-23,26.030000686645508,26.308000564575195,26.030000686645508,26.25,17.65995979309082,32244,,,,,,,,
2020-11-24,26.25,26.25,26.190000534057617,26.25,17.65995979309082,7694,,,,,,,,
2020-11-25,26.280000686645508,26.290000915527344,26.110000610351562,26.165000915527344,17.60277557373047,5430,,,,,,,,
2020-11-27,26.149999618530273,26.149999618530273,26.149999618530273,26.149999618530273,17.592683792114258,785,,,,,,,,
2020-11-30,26.18000030517578,26.540000915527344,26.15999984741211,26.540000915527344,17.85506248474121,6392,,,,,,,,
2020-12-01,26.59000015258789,26.6299991607666,26.2322998046875,26.2322998046875,17.648056030273438,4425,,,,,,,,
2020-12-02,26.229999542236328,26.344999313354492,26.149999618530273,26.15999984741211,17.59941291809082,4077,,,,,,,,
2020-12-03,25.979999542236328,26.299999237060547,25.979999542236328,26.200000762939453,17.626325607299805,7788,,,,,,,,
2020-12-04,26.170000076293945,26.389999389648438,26.170000076293945,26.200000762939453,17.626325607299805,6995,,,,,,,,
2020-12-07,26.15999984741211,26.489999771118164,26.15999984741211,26.440200805664062,17.787918090820312,26742,,,,,,,,
2020-12-08,26.479999542236328,26.653200149536133,26.46820068359375,26.653200149536133,17.93121910095215,13456,,,,,,,,
2020-12-09,26.700000762939453,26.700000762939453,26.40999984741211,26.420000076293945,17.774330139160156,6050,,,,,,,,
2020-12-10,26.1200008392334,26.459999084472656,26.1200008392334,26.209999084472656,17.633047103881836,10405,,,,,,,,
2020-12-11,26.31999969482422,26.31999969482422,26.15999984741211,26.319900512695312,17.706987380981445,6225,,,,,,,,
2020-12-14,26.15999984741211,26.23859977722168,26.06999969482422,26.1200008392334,17.5725040435791,9701,,,,,,,,
2020-12-15,25.940000534057617,26.1200008392334,25.719999313354492,25.979999542236328,17.478315353393555,24197,,,,,,,,
2020-12-16,25.84000015258789,25.92289924621582,25.719999313354492,25.790000915527344,17.350492477416992,45704,,,,,,,,
2020-12-17,25.739999771118164,25.78499984741211,25.610000610351562,25.719999313354492,17.303396224975586,41623,,,,,,,,
2020-12-18,25.719999313354492,25.849899291992188,25.6200008392334,25.649999618530273,17.256305694580078,35315,,,,,,,,
2020-12-21,25.520000457763672,25.899999618530273,25.520000457763672,25.799999237060547,17.357221603393555,17586,,,,,,,,
2020-12-22,25.799999237060547,25.850000381469727,25.780000686645508,25.809999465942383,17.363948822021484,46241,,,,,,,,
2020-12-23,25.860000610351562,25.8700008392334,25.814199447631836,25.829999923706055,17.37740135192871,9181,,,,,,,,
2020-12-24,25.899999618530273,25.899999618530273,25.829999923706055,25.8799991607666,17.41103744506836,2649,,,,,,,,
2020-12-28,25.799999237060547,26.0,25.799999237060547,25.989999771118164,17.48504066467285,52725,,,,,,,,
2020-12-29,26.1299991607666,26.148000717163086,25.950000762939453,26.0,17.491775512695312,46108,,,,,,,,
2020-12-30,25.8799991607666,26.100000381469727,25.8799991607666,26.079999923706055,17.545591354370117,57542,,,,,,,,
2020-12-31,25.959999084472656,26.15999984741211,25.959999084472656,26.15999984741211,17.59941291809082,64526,,,,,,,,
2021-01-04,25.809999465942383,25.989999771118164,25.670000076293945,25.84000015258789,17.6905517578125,102469,,,,,,,,
2021-01-05,25.799999237060547,25.889999389648438,25.799999237060547,25.850000381469727,17.697397232055664,151089,,,,,,,,
2021-01-06,25.799999237060547,25.799999237060547,25.719999313354492,25.75,17.62893295288086,32639,,,,,,,,
2021-01-07,25.84000015258789,25.84000015258789,25.649999618530273,25.75,17.62893295288086,94868,,,,,,,,
2021-01-08,25.770000457763672,25.770000457763672,25.479999542236328,25.75,17.62893295288086,33931,,,,,,,,
2021-01-11,25.790000915527344,25.790000915527344,25.600000381469727,25.760000228881836,17.635786056518555,50032,,,,,,,,
2021-01-12,25.639999389648438,25.790000915527344,25.639999389648438,25.790000915527344,17.656322479248047,17023,,,,,,,,
2021-01-13,25.790000915527344,26.3799991607666,25.549999237060547,25.940000534057617,17.759016036987305,12518,,,,,,,,
2021-01-14,25.809999465942383,25.969999313354492,25.600000381469727,25.81999969482422,17.67685890197754,8922,,,,,,,,
2021-01-15,25.950000762939453,25.950000762939453,25.739999771118164,25.770000457763672,17.642627716064453,4522,,,,,,,,
2021-01-19,25.899999618530273,25.899999618530273,25.65999984741211,25.739999771118164,17.62209129333496,53430,,,,,,,,
2021-01-20,25.639999389648438,25.829999923706055,25.639999389648438,25.81999969482422,17.67685890197754,10920,,,,,,,,
2021-01-21,25.850000381469727,25.850000381469727,25.719999313354492,25.809999465942383,17.670015335083008,3303,,,,,,,,
2021-01-22,25.65999984741211,25.84000015258789,25.65999984741211,25.84000015258789,17.6905517578125,16842,,,,,,,,
2021-01-25,25.8799991607666,25.8799991607666,25.680400848388672,25.75,17.62893295288086,29157,,,,,,,,
2021-01-26,25.7091007232666,25.75,25.600000381469727,25.65999984741211,17.567319869995117,12550,,,,,,,,
2021-01-27,25.6200008392334,25.779600143432617,25.600000381469727,25.6200008392334,17.539936065673828,5656,,,,,,,,
2021-01-28,25.6200008392334,25.790000915527344,25.600000381469727,25.610000610351562,17.53308868408203,17980,,,,,,,,
2021-01-29,25.799999237060547,25.976999282836914,25.6299991607666,25.969999313354492,17.77955436706543,24706,,,,,,,,
2021-02-01,25.729999542236328,25.790000915527344,25.65999984741211,25.700000762939453,17.594707489013672,5802,,,,,,,,
2021-02-02,26.299999237060547,26.299999237060547,25.719999313354492,25.818099975585938,17.67556381225586,22122,,,,,,,,
2021-02-03,25.799999237060547,25.939599990844727,25.649999618530273,25.65999984741211,17.567319869995117,16658,,,,,,,,
2021-02-04,25.90570068359375,26.030000686645508,25.777000427246094,25.979999542236328,17.78640365600586,7293,,,,,,,,
2021-02-05,25.790000915527344,26.030000686645508,25.770000457763672,25.815000534057617,17.673439025878906,4843,,,,,,,,
2021-02-08,25.799999237060547,25.899999618530273,25.550399780273438,25.700000762939453,17.594707489013672,12859,,,,,,,,
2021-02-09,25.799999237060547,25.959999084472656,25.75,25.959999084472656,17.772706985473633,8229,,,,,,,,
2021-02-10,25.799999237060547,25.799999237060547,25.6299991607666,25.739999771118164,17.62209129333496,7171,,,,,,,,
2021-02-11,25.790000915527344,26.09000015258789,25.56999969482422,25.700000762939453,17.594707489013672,12104,,,,,,,,
2021-02-12,25.6200008392334,25.719999313354492,25.6200008392334,25.68000030517578,17.58101463317871,32032,,,,,,,,
2021-02-16,25.75,25.887800216674805,25.670000076293945,25.670000076293945,17.574169158935547,14203,,,,,,,,
2021-02-17,25.799999237060547,25.84000015258789,25.670000076293945,25.729999542236328,17.615243911743164,21892,,,,,,,,
2021-02-18,25.68000030517578,25.850000381469727,25.68000030517578,25.790000915527344,17.656322479248047,3190,,,,,,,,
2021-02-19,25.76140022277832,25.81999969482422,25.76140022277832,25.770000457763672,17.642627716064453,4009,,,,,,,,
2021-02-22,26.0,26.0,25.72100067138672,25.790000915527344,17.656322479248047,5534,,,,,,,,
2021-02-23,25.729999542236328,25.763399124145508,25.719900131225586,25.763399124145508,17.638113021850586,2832,,,,,,,,
2021-02-24,25.68000030517578,25.86949920654297,25.6200008392334,25.850000381469727,17.697397232055664,8412,,,,,,,,
2021-02-25,25.825000762939453,25.875999450683594,25.799999237060547,25.829999923706055,17.683706283569336,5503,,,,,,,,
2021-02-26,25.610000610351562,25.8700008392334,25.594999313354492,25.8700008392334,17.71109390258789,11591,,,,,,,,
2021-03-01,25.68000030517578,25.770000457763672,25.59000015258789,25.59000015258789,17.519397735595703,3765,,,,,,,,
2021-03-02,25.6200008392334,25.76729965209961,25.6200008392334,25.670000076293945,17.574169158935547,8142,,,,,,,,
2021-03-03,25.774999618530273,25.985000610351562,25.749000549316406,25.969999313354492,17.77955436706543,5027,,,,,,,,
2021-03-04,25.950000762939453,25.990999221801758,25.707799911499023,25.944000244140625,17.761754989624023,7575,,,,,,,,
2021-03-05,25.700000762939453,25.930999755859375,25.700000762939453,25.93000030517578,17.752166748046875,14756,,,,,,,,
2021-03-08,26.0,26.0,25.889999389648438,26.0,17.800090789794922,10849,,,,,,,,
2021-03-09,25.719999313354492,26.049999237060547,25.719999313354492,25.829999923706055,17.683706283569336,3580,,,,,,,,
2021-03-10,25.889999389648438,26.190000534057617,25.889999389648438,26.020099639892578,17.81385040283203,21705,,,,,,,,
2021-03-11,25.93000030517578,26.049999237060547,25.762300491333008,25.762300491333008,17.637357711791992,39379,,,,,,,,
2021-03-12,25.940000534057617,25.940000534057617,25.709999084472656,25.75,17.62893295288086,22851,,,,,,,,
2021-03-15,25.729999542236328,25.860000610351562,25.625,25.860000610351562,17.704242706298828,47089,,,,,,,,
2021-03-16,25.770000457763672,25.795000076293945,25.729999542236328,25.787599563598633,17.65467643737793,4672,,,,,,,,
2021-03-17,25.729999542236328,25.790000915527344,25.639999389648438,25.780000686645508,17.649473190307617,7267,,,,,,,,
2021-03-18,25.709999084472656,25.84000015258789,25.709999084472656,25.760000228881836,17.635786056518555,6829,,,,,,,,
2021-03-19,25.780000686645508,25.989999771118164,25.760000228881836,25.90999984741211,17.738475799560547,4401,,,,,,,,
2021-03-22,25.93000030517578,26.070899963378906,25.84000015258789,25.84000015258789,17.6905517578125,11955,,,,,,,,
2021-03-23,25.950000762939453,26.079999923706055,25.950000762939453,26.049999237060547,17.83432388305664,19804,,,,,,,,
2021-03-24,26.059999465942383,26.149999618530273,26.0,26.0,17.800090789794922,8815,,,,,,,,
2021-03-25,26.09749984741211,26.139999389648438,26.06999969482422,26.06999969482422,17.848018646240234,5322,,,,,,,,
2021-03-26,26.190000534057617,26.350000381469727,26.190000534057617,26.309999465942383,18.01232147216797,5604,,,,,,,,
2021-03-29,26.389999389648438,26.739999771118164,26.3799991607666,26.670000076293945,18.258787155151367,24679,,,,,,,,
2021-03-30,26.59000015258789,26.760000228881836,26.59000015258789,26.65999984741211,18.25193977355957,11912,,,,,,,,
2021-03-31,26.65999984741211,26.899999618530273,26.6299991607666,26.65999984741211,18.25193977355957,18232,,,,,,,,
2021-04-01,26.3799991607666,26.615999221801758,26.191699981689453,26.530000686645508,18.47698402404785,15723,,,,,,,,
2021-04-05,26.559999465942383,27.030000686645508,26.559999465942383,27.030000686645508,18.825214385986328,9013,,,,,,,,
2021-04-06,26.93000030517578,27.209999084472656,26.850000381469727,26.850000381469727,18.69985008239746,18676,,,,,,,,
2021-04-07,26.899999618530273,26.994400024414062,26.850000381469727,26.959999084472656,18.77645492553711,9293,,,,,,,,
2021-04-08,26.94219970703125,27.040000915527344,26.760000228881836,26.899999618530273,18.73467254638672,19712,,,,,,,,
2021-04-09,26.770000457763672,26.8700008392334,26.700000762939453,26.81999969482422,18.678955078125,5824,,,,,,,,
2021-04-12,26.729999542236328,26.799999237060547,26.329999923706055,26.350000381469727,18.35162353515625,13198,,,,,,,,
2021-04-13,25.950000762939453,26.6200008392334,25.950000762939453,26.549999237060547,18.490909576416016,11480,,,,,,,,
2021-04-14,26.670000076293945,26.670000076293945,26.56999969482422,26.6299991607666,18.54662322998047,3729,,,,,,,,
2021-04-15,26.770000457763672,26.809999465942383,26.34280014038086,26.729999542236328,18.616275787353516,56039,,,,,,,,
2021-04-16,26.81399917602539,26.829999923706055,26.549999237060547,26.579999923706055,18.511804580688477,5777,,,,,,,,
2021-04-19,26.709999084472656,26.844999313354492,26.600000381469727,26.700000762939453,18.595378875732422,25405,,,,,,,,
2021-04-20,26.700000762939453,26.739999771118164,26.700000762939453,26.700000762939453,18.595378875732422,4909,,,,,,,,
2021-04-21,26.600000381469727,27.0,26.59000015258789,26.959999084472656,18.77645492553711,13808,,,,,,,,
2021-04-22,26.729999542236328,26.84000015258789,26.54199981689453,26.84000015258789,18.692886352539062,15149,,,,,,,,
2021-04-23,26.754100799560547,26.795000076293945,26.579999923706055,26.70050048828125,18.595733642578125,15452,,,,,,,,
2021-04-26,26.75,26.829999923706055,26.640100479125977,26.770000457763672,18.644132614135742,2311,,,,,,,,
2021-04-27,26.8700008392334,26.979999542236328,26.731599807739258,26.979999542236328,18.79039192199707,3599,,,,,,,,
2021-04-28,26.8700008392334,26.8700008392334,26.579999923706055,26.741600036621094,18.62434959411621,3362,,,,,,,,
2021-04-29,26.610000610351562,26.749900817871094,26.59160041809082,26.749900817871094,18.63013458251953,1815,,,,,,,,
2021-04-30,26.700000762939453,26.729999542236328,26.670000076293945,26.729999542236328,18.616275787353516,4728,,,,,,,,
2021-05-03,26.729999542236328,26.961700439453125,26.665000915527344,26.920000076293945,18.74860191345215,8869,,,,,,,,
2021-05-04,26.778900146484375,26.879499435424805,26.66699981689453,26.864999771118164,18.710294723510742,5062,,,,,,,,
2021-05-05,26.860000610351562,26.799999237060547,26.665000915527344,26.780000686645508,18.651100158691406,3421,,,,,,,,
2021-05-06,26.75,26.75,26.6200008392334,26.6299991607666,18.54662322998047,15264,,,,,,,,
2021-05-07,26.6299991607666,26.790000915527344,26.6299991607666,26.670000076293945,18.57448959350586,16668,,,,,,,,
2021-05-10,26.50670051574707,26.709999084472656,26.50670051574707,26.690000534057617,18.588415145874023,3444,,,,,,,,
2021-05-11,25.3799991607666,26.479999542236328,25.299999237060547,26.440000534057617,18.414306640625,9665,,,,,,,,
2021-05-12,26.25,26.447200775146484,26.25,26.389999389648438,18.379480361938477,12961,,,,,,,,
2021-05-13,26.389999389648438,26.459999084472656,26.3799991607666,26.459999084472656,18.428232192993164,13607,,,,,,,,
2021-05-14,26.31999969482422,26.709999084472656,26.240100860595703,26.709999084472656,18.60234260559082,8525,,,,,,,,
2021-05-17,26.75,26.75,26.469999313354492,26.52680015563965,18.47475814819336,5967,,,,,,,,
2021-05-18,26.280000686645508,26.600000381469727,26.270000457763672,26.450000762939453,18.421268463134766,3589,,,,,,,,
2021-05-19,26.280000686645508,26.280000686645508,26.040000915527344,26.040000915527344,18.135719299316406,7939,,,,,,,,
2021-05-20,26.040000915527344,26.360000610351562,26.040000915527344,26.360000610351562,18.358583450317383,4166,,,,,,,,
2021-05-21,26.100000381469727,26.600000381469727,26.100000381469727,26.43000030517578,18.407337188720703,2557,,,,,,,,
2021-05-24,26.209999084472656,26.320999145507812,26.209999084472656,26.290000915527344,18.309833526611328,3819,,,,,,,,
2021-05-25,26.31999969482422,26.31999969482422,26.260000228881836,26.260000228881836,18.288938522338867,8008,,,,,,,,
2021-05-26,26.3700008392334,26.3700008392334,26.01110076904297,26.1200008392334,18.191436767578125,3705,,,,,,,,
2021-05-27,26.469999313354492,26.469999313354492,26.059999465942383,26.100000381469727,18.177505493164062,6303,,,,,,,,
2021-05-28,26.239999771118164,26.43000030517578,26.219999313354492,26.3799991607666,18.372512817382812,11801,,,,,,,,
2021-06-01,26.11639976501465,26.645299911499023,26.11639976501465,26.645299911499023,18.55728530883789,21121,,,,,,,,
2021-06-02,26.3700008392334,26.639999389648438,26.290000915527344,26.56999969482422,18.504844665527344,13349,,,,,,,,
2021-06-03,26.560100555419922,26.859899520874023,26.479999542236328,26.649999618530273,18.560558319091797,5356,,,,,,,,
2021-06-04,26.696699142456055,26.799999237060547,26.55769920349121,26.76919937133789,18.64357566833496,2733,,,,,,,,
2021-06-07,26.760000228881836,26.760000228881836,26.6200008392334,26.746700286865234,18.62790298461914,5209,,,,,,,,
2021-06-08,26.739999771118164,26.739999771118164,26.55120086669922,26.600000381469727,18.525737762451172,3773,,,,,,,,
2021-06-09,26.540000915527344,26.860000610351562,26.540000915527344,26.825000762939453,18.68244171142578,2248,,,,,,,,
2021-06-10,26.850000381469727,26.850000381469727,26.689800262451172,26.834999084472656,18.68940544128418,3182,,,,,,,,
2021-06-11,26.649999618530273,26.950000762939453,26.649999618530273,26.84000015258789,18.692886352539062,8536,,,,,,,,
2021-06-14,26.670000076293945,26.979999542236328,26.61989974975586,26.979999542236328,18.79039192199707,4754,,,,,,,,
2021-06-15,26.979999542236328,26.979999542236328,26.74220085144043,26.940000534057617,18.762531280517578,4797,,,,,,,,
2021-06-16,26.959999084472656,26.959999084472656,26.690000534057617,26.718000411987305,18.60791778564453,11043,,,,,,,,
2021-06-17,26.6200008392334,26.700000762939453,26.610000610351562,26.610000610351562,18.532699584960938,5149,,,,,,,,
2021-06-18,26.600000381469727,26.610000610351562,26.530000686645508,26.600000381469727,18.525737762451172,9355,,,,,,,,
2021-06-21,26.570199966430664,26.64900016784668,26.51650047302246,26.600000381469727,18.525737762451172,4900,,,,,,,,
2021-06-22,26.65999984741211,26.660400390625,26.510000228881836,26.600000381469727,18.525737762451172,6641,,,,,,,,
2021-06-23,26.540000915527344,26.702999114990234,26.540000915527344,26.640100479125977,18.553665161132812,7009,,,,,,,,
2021-06-24,26.6299991607666,26.670000076293945,26.520000457763672,26.6299991607666,18.54662322998047,3927,,,,,,,,
2021-06-25,26.673900604248047,26.707700729370117,26.547100067138672,26.6299991607666,18.54662322998047,15575,,,,,,,,
2021-06-28,26.530000686645508,26.600000381469727,26.510000228881836,26.559999465942383,18.497879028320312,6371,,,,,,,,
2021-06-29,26.55500030517578,26.68000030517578,26.549999237060547,26.68000030517578,18.581453323364258,3118,,,,,,,,
2021-06-30,26.520000457763672,26.969999313354492,26.469999313354492,26.790000915527344,18.65806007385254,11830,,,,,,,,
2021-07-01,26.209999084472656,26.59000015258789,26.209999084472656,26.290000915527344,18.624855041503906,81085,,,,,,,,
2021-07-02,26.229999542236328,26.3656005859375,26.229999542236328,26.309999465942383,18.639020919799805,476305,,,,,,,,
2021-07-06,26.049999237060547,26.479999542236328,26.049999237060547,26.479999542236328,18.75945472717285,5864,,,,,,,,
2021-07-07,26.540000915527344,26.94300079345703,26.540000915527344,26.770000457763672,18.964902877807617,9586,,,,,,,,
2021-07-08,26.6299991607666,26.8700008392334,26.399999618530273,26.690000534057617,18.908231735229492,4847,,,,,,,,
2021-07-09,26.65999984741211,26.739999771118164,26.390300750732422,26.459999084472656,18.745285034179688,10164,,,,,,,,
2021-07-12,26.510000228881836,26.510000228881836,26.270000457763672,26.399999618530273,18.702781677246094,3911,,,,,,,,
2021-07-13,26.40999984741211,26.40999984741211,26.15999984741211,26.15999984741211,18.532752990722656,3265,,,,,,,,
2021-07-14,26.139999389648438,26.415000915527344,25.877700805664062,26.280000686645508,18.61777114868164,7471,,,,,,,,
2021-07-15,26.43000030517578,26.43000030517578,25.902599334716797,26.349899291992188,18.66728973388672,2002,,,,,,,,
2021-07-16,26.215900421142578,26.219999313354492,26.139999389648438,26.200000762939453,18.561094284057617,4963,,,,,,,,
2021-07-19,25.989999771118164,26.450000762939453,25.780000686645508,26.270000457763672,18.610687255859375,6072,,,,,,,,
2021-07-20,26.219999313354492,26.380699157714844,26.200000762939453,26.200000762939453,18.561094284057617,11377,,,,,,,,
2021-07-21,26.18779945373535,26.25,26.021699905395508,26.229999542236328,18.58234977722168,5609,,,,,,,,
2021-07-22,26.260000228881836,26.309999465942383,26.149999618530273,26.17180061340332,18.541118621826172,3520,,,,,,,,
2021-07-23,26.244600296020508,26.274900436401367,25.90999984741211,26.139999389648438,18.51858901977539,4073,,,,,,,,
2021-07-26,26.1299991607666,26.218799591064453,26.1299991607666,26.217899322509766,18.573776245117188,2163,,,,,,,,
2021-07-27,26.100000381469727,26.145000457763672,25.979999542236328,26.110000610351562,18.497333526611328,8216,,,,,,,,
2021-07-28,26.110000610351562,26.110000610351562,26.020000457763672,26.06999969482422,18.468996047973633,2359,,,,,,,,
2021-07-29,26.100000381469727,26.11840057373047,26.010000228881836,26.049999237060547,18.454832077026367,8537,,,,,,,,
2021-07-30,25.94499969482422,26.479999542236328,25.850000381469727,26.34000015258789,18.6602725982666,22731,,,,,,,,
2021-08-02,26.351600646972656,26.479999542236328,26.257999420166016,26.257999420166016,18.602184295654297,12276,,,,,,,,
2021-08-03,26.374000549316406,26.399999618530273,26.149999618530273,26.149999618530273,18.525676727294922,18677,,,,,,,,
2021-08-04,26.190000534057617,26.3799991607666,26.0,26.149999618530273,18.525676727294922,25383,,,,,,,,
2021-08-05,26.290000915527344,26.290000915527344,26.149999618530273,26.170000076293945,18.539840698242188,13043,,,,,,,,
2021-08-06,26.149999618530273,26.264999389648438,26.049999237060547,26.09000015258789,18.483163833618164,32807,,,,,,,,
2021-08-09,26.149999618530273,26.389999389648438,26.149999618530273,26.299999237060547,18.63193702697754,6186,,,,,,,,
2021-08-10,26.299999237060547,26.41990089416504,26.25,26.299999237060547,18.63193702697754,3502,,,,,,,,
2021-08-11,26.31279945373535,26.31279945373535,26.31279945373535,26.31279945373535,18.64100456237793,596,,,,,,,,
2021-08-12,26.399999618530273,26.43000030517578,26.299999237060547,26.43000030517578,18.724035263061523,4093,,,,,,,,
2021-08-13,26.43000030517578,26.9375,26.43000030517578,26.469999313354492,18.752370834350586,10206,,,,,,,,
2021-08-16,26.229999542236328,26.434099197387695,26.100099563598633,26.344999313354492,18.663816452026367,47139,,,,,,,,
2021-08-17,26.34000015258789,26.3799991607666,25.982500076293945,26.3799991607666,18.688615798950195,13081,,,,,,,,
2021-08-18,26.270000457763672,26.489999771118164,26.219999313354492,26.450000762939453,18.738203048706055,4178,,,,,,,,
2021-08-19,26.3799991607666,27.309999465942383,26.160999298095703,27.309999465942383,19.347461700439453,11172,,,,,,,,
2021-08-20,26.889999389648438,26.889999389648438,26.510000228881836,26.579999923706055,18.830299377441406,25960,,,,,,,,
2021-08-23,26.68000030517578,26.700000762939453,26.450000762939453,26.450000762939453,18.738203048706055,5155,,,,,,,,
2021-08-24,26.549999237060547,26.6299991607666,26.549999237060547,26.604999542236328,18.848012924194336,5703,,,,,,,,
2021-08-25,26.600099563598633,26.700000762939453,26.520000457763672,26.520000457763672,18.78779411315918,3433,,,,,,,,
2021-08-26,26.43000030517578,26.440000534057617,26.079999923706055,26.079999923706055,18.476078033447266,1623,,,,,,,,
2021-08-27,25.899999618530273,26.670000076293945,25.899999618530273,26.540000915527344,18.801963806152344,9461,,,,,,,,
2021-08-30,26.25,26.6299991607666,25.903499603271484,26.3700008392334,18.68153190612793,8942,,,,,,,,
2021-08-31,26.66550064086914,26.700000762939453,26.514999389648438,26.700000762939453,18.915315628051758,8370,,,,,,,,
2021-09-01,26.530000686645508,26.641300201416016,26.420000076293945,26.579999923706055,18.830299377441406,8978,,,,,,,,
2021-09-02,26.690000534057617,26.690000534057617,26.47010040283203,26.56999969482422,18.823217391967773,2849,,,,,,,,
2021-09-03,26.41069984436035,26.56999969482422,26.41069984436035,26.56999969482422,18.823217391967773,2109,,,,,,,,
2021-09-07,26.420000076293945,26.50160026550293,26.329999923706055,26.399999618530273,18.702781677246094,1839,,,,,,,,
2021-09-08,26.530000686645508,26.700000762939453,26.399999618530273,26.549999237060547,18.80904769897461,5688,,,,,,,,
2021-09-09,26.670000076293945,26.670000076293945,26.3700008392334,26.3799991607666,18.688615798950195,8014,,,,,,,,
2021-09-10,26.469999313354492,26.469999313354492,26.469999313354492,26.469999313354492,18.752370834350586,956,,,,,,,,
2021-09-13,26.399999618530273,26.47100067138672,26.399999618530273,26.469999313354492,18.752370834350586,1032,,,,,,,,
2021-09-14,26.34000015258789,26.350000381469727,26.28190040588379,26.34000015258789,18.6602725982666,1432,,,,,,,,
2021-09-15,26.350000381469727,26.40999984741211,26.209999084472656,26.350000381469727,18.6673641204834,6108,,,,,,,,
2021-09-16,26.440000534057617,26.541200637817383,26.219999313354492,26.350000381469727,18.6673641204834,5654,,,,,,,,
2021-09-17,26.43000030517578,26.440000534057617,26.1299991607666,26.299999237060547,18.63193702697754,7746,,,,,,,,
2021-09-20,26.190000534057617,26.299999237060547,26.149999618530273,26.219999313354492,18.57526397705078,2224,,,,,,,,
2021-09-21,26.219999313354492,26.219999313354492,26.100000381469727,26.15999984741211,18.532752990722656,6168,,,,,,,,
2021-09-22,26.1299991607666,26.690000534057617,26.030000686645508,26.670000076293945,18.894062042236328,8834,,,,,,,,
2021-09-23,26.700000762939453,26.702699661254883,26.309999465942383,26.440000534057617,18.731117248535156,9315,,,,,,,,
2021-09-24,26.31999969482422,26.530000686645508,26.31999969482422,26.530000686645508,18.794878005981445,3791,,,,,,,,
2021-09-27,26.530000686645508,26.649999618530273,26.399999618530273,26.649999618530273,18.879892349243164,26127,,,,,,,,
2021-09-28,26.399999618530273,26.65999984741211,26.309999465942383,26.56999969482422,18.823217391967773,13703,,,,,,,,
2021-09-29,26.57539939880371,27.038000106811523,26.549999237060547,26.799999237060547,18.986156463623047,37461,,,,,,,,
2021-09-30,26.969999313354492,27.0,26.522300720214844,27.0,19.127838134765625,159438,,,,,,,,
2021-10-01,26.920000076293945,27.36090087890625,26.809999465942383,26.9606990814209,19.100004196166992,41846,,,,,,,,
2021-10-04,26.299999237060547,26.389999389648438,25.93000030517578,25.979999542236328,18.719858169555664,59191,,,,,,,,
2021-10-05,26.0,26.06999969482422,25.799999237060547,25.849000930786133,18.62546730041504,24076,,,,,,,,
2021-10-06,25.799999237060547,26.0,25.799999237060547,26.0,18.734272003173828,27204,,,,,,,,
2021-10-07,25.950000762939453,25.950000762939453,25.799999237060547,25.855300903320312,18.630008697509766,9242,,,,,,,,
2021-10-08,25.84000015258789,25.84000015258789,25.610000610351562,25.610000610351562,18.453258514404297,17439,,,,,,,,
2021-10-11,25.6200008392334,25.729999542236328,25.6200008392334,25.729999542236328,18.539722442626953,33610,,,,,,,,
2021-10-12,25.780000686645508,25.979999542236328,25.780000686645508,25.90999984741211,18.669422149658203,7323,,,,,,,,
2021-10-13,26.0,26.079999923706055,25.950000762939453,26.059999465942383,18.777502059936523,10713,,,,,,,,
2021-10-14,26.079999923706055,26.225500106811523,26.079999923706055,26.209999084472656,18.88558578491211,12544,,,,,,,,
2021-10-15,26.190000534057617,26.190000534057617,26.010099411010742,26.040000915527344,18.763093948364258,3073,,,,,,,,
2021-10-18,26.0049991607666,26.0049991607666,25.838199615478516,25.838199615478516,18.617685317993164,1331,,,,,,,,
2021-10-19,25.809999465942383,26.149999618530273,25.809999465942383,26.079999923706055,18.791913986206055,7815,,,,,,,,
2021-10-20,25.989999771118164,26.239999771118164,25.979999542236328,26.209999084472656,18.88558578491211,4827,,,,,,,,
2021-10-21,26.093000411987305,26.100000381469727,26.020000457763672,26.049999237060547,18.77029800415039,1439,,,,,,,,
2021-10-22,25.989999771118164,25.996200561523438,25.8700008392334,25.8700008392334,18.640596389770508,2995,,,,,,,,
2021-10-25,25.919099807739258,26.190000534057617,25.919099807739258,26.06999969482422,18.784709930419922,4510,,,,,,,,
2021-10-26,26.110000610351562,26.110000610351562,26.049999237060547,26.049999237060547,18.77029800415039,1880,,,,,,,,
2021-10-27,26.0,26.020000457763672,25.951000213623047,26.020000457763672,18.748682022094727,2543,,,,,,,,
2021-10-28,25.989999771118164,26.020000457763672,25.934999465942383,26.0,18.734272003173828,70615,,,,,,,,
2021-10-29,26.00670051574707,26.760000228881836,26.00670051574707,26.479999542236328,19.08013343811035,27360,,,,,,,,
2021-11-01,26.200000762939453,26.760000228881836,26.03860092163086,26.760000228881836,19.281885147094727,7156,,,,,,,,
2021-11-02,26.799999237060547,26.799999237060547,26.6200008392334,26.799999237060547,19.310710906982422,7801,,,,,,,,
2021-11-03,26.639999389648438,26.700000762939453,26.559999465942383,26.575000762939453,19.148584365844727,4704,,,,,,,,
2021-11-04,26.600000381469727,26.600000381469727,26.579999923706055,26.600000381469727,19.16659927368164,3927,,,,,,,,
2021-11-05,26.239999771118164,26.600000381469727,26.18000030517578,26.59000015258789,19.159395217895508,6306,,,,,,,,
2021-11-08,26.600000381469727,26.600000381469727,26.110000610351562,26.31999969482422,18.964847564697266,1742,,,,,,,,
2021-11-09,26.25,26.549999237060547,26.15250015258789,26.530000686645508,19.11616325378418,9545,,,,,,,,
2021-11-10,26.399999618530273,26.549999237060547,26.219999313354492,26.530000686645508,19.11616325378418,7457,,,,,,,,
2021-11-11,26.31999969482422,26.59000015258789,26.31999969482422,26.549999237060547,19.130571365356445,14557,,,,,,,,
2021-11-12,26.469999313354492,26.649999618530273,26.469999313354492,26.6299991607666,19.188215255737305,10783,,,,,,,,
2021-11-15,26.309999465942383,26.579999923706055,26.229999542236328,26.579999923706055,19.152185440063477,12321,,,,,,,,
2021-11-16,26.531200408935547,26.610000610351562,26.200000762939453,26.200000762939453,18.878379821777344,6953,,,,,,,,
2021-11-17,26.270000457763672,26.290000915527344,25.790000915527344,25.93000030517578,18.683834075927734,20049,,,,,,,,
2021-11-18,25.989999771118164,26.0,25.780000686645508,25.780000686645508,18.575748443603516,5516,,,,,,,,
2021-11-19,25.8700008392334,26.0,25.740999221801758,26.0,18.734272003173828,1869,,,,,,,,
2021-11-22,25.989999771118164,26.1200008392334,25.809499740600586,25.8799991607666,18.64780616760254,4570,,,,,,,,
2021-11-23,25.760000228881836,25.95400047302246,25.498600006103516,25.799999237060547,18.590160369873047,12045,,,,,,,,
2021-11-24,25.829999923706055,25.829999923706055,25.62929916381836,25.670000076293945,18.496492385864258,10541,,,,,,,,
2021-11-26,25.350000381469727,25.690000534057617,25.329999923706055,25.6299991607666,18.467666625976562,2202,,,,,,,,
2021-11-29,26.299999237060547,26.299999237060547,25.3843994140625,25.530000686645508,18.395612716674805,10905,,,,,,,,
2021-11-30,25.489999771118164,25.899999618530273,25.489999771118164,25.520000457763672,18.38840675354004,6842,,,,,,,,
2021-12-01,25.649999618530273,26.10099983215332,25.649999618530273,25.790000915527344,18.582956314086914,1781,,,,,,,,
2021-12-02,25.874099731445312,26.04400062561035,25.56999969482422,26.010000228881836,18.741472244262695,6027,,,,,,,,
2021-12-03,25.809999465942383,26.040000915527344,25.61009979248047,26.040000915527344,18.763093948364258,9618,,,,,,,,
2021-12-06,25.809999465942383,26.110000610351562,25.780000686645508,26.030000686645508,18.75588607788086,12767,,,,,,,,
2021-12-07,26.100000381469727,26.440000534057617,25.905500411987305,25.905500411987305,18.666179656982422,9751,,,,,,,,
2021-12-08,25.899999618530273,25.90999984741211,25.700000762939453,25.90999984741211,18.669422149658203,6742,,,,,,,,
2021-12-09,25.920000076293945,25.920000076293945,25.639999389648438,25.75,18.55413246154785,4314,,,,,,,,
2021-12-10,25.75,25.97100067138672,25.655000686645508,25.75,18.55413246154785,8740,,,,,,,,
2021-12-13,25.860000610351562,25.860000610351562,25.610000610351562,25.799999237060547,18.590160369873047,9551,,,,,,,,
2021-12-14,25.899999618530273,25.91990089416504,25.700000762939453,25.745800018310547,18.55110740661621,8060,,,,,,,,
2021-12-15,25.6200008392334,26.139999389648438,25.61989974975586,25.975200653076172,18.716402053833008,6460,,,,,,,,
2021-12-16,25.989999771118164,26.3799991607666,25.959999084472656,25.959999084472656,18.705448150634766,8926,,,,,,,,
2021-12-17,26.0,26.309999465942383,25.799999237060547,26.309999465942383,18.957639694213867,9841,,,,,,,,
2021-12-20,26.200000762939453,26.200000762939453,25.795000076293945,25.8700008392334,18.640596389770508,18357,,,,,,,,
2021-12-21,25.84000015258789,25.969999313354492,25.84000015258789,25.969999313354492,18.712650299072266,10114,,,,,,,,
2021-12-22,26.059999465942383,26.484500885009766,26.049999237060547,26.357900619506836,18.992155075073242,12590,,,,,,,,
2021-12-23,26.350000381469727,26.350000381469727,26.059999465942383,26.2549991607666,18.918012619018555,7826,,,,,,,,
2021-12-27,26.059999465942383,26.229999542236328,26.059999465942383,26.18000030517578,18.863969802856445,3690,,,,,,,,
2021-12-28,26.209999084472656,26.239999771118164,26.139999389648438,26.239999771118164,18.907201766967773,2169,,,,,,,,
2021-12-29,26.170000076293945,26.399999618530273,25.999000549316406,26.290000915527344,18.9432373046875,5526,,,,,,,,
2021-12-30,26.31999969482422,26.649999618530273,26.25,26.649999618530273,19.202627182006836,2831,,,,,,,,
2021-12-31,26.59000015258789,26.719999313354492,26.50860023498535,26.719999313354492,19.25306510925293,16022,,,,,,,,
2022-01-03,26.6299991607666,26.790000915527344,26.399999618530273,26.600000381469727,19.16659927368164,8172,,,,,,,,
2022-01-04,26.520000457763672,26.53849983215332,26.100000381469727,26.225000381469727,18.896394729614258,3430,,,,,,,,
2022-01-05,26.229999542236328,26.274999618530273,26.024999618530273,26.150699615478516,18.84285545349121,13036,,,,,,,,
2022-01-06,25.579999923706055,26.079999923706055,25.579999923706055,26.079999923706055,19.12327003479004,12771,,,,,,,,
2022-01-07,25.83919906616211,26.65999984741211,25.65999984741211,26.059999465942383,19.10860252380371,13654,,,,,,,,
2022-01-10,26.100000381469727,26.149999618530273,26.059999465942383,26.100000381469727,19.137937545776367,16056,,,,,,,,
2022-01-11,26.200000762939453,26.200000762939453,25.969999313354492,26.010000228881836,19.071941375732422,22151,,,,,,,,
2022-01-12,26.020000457763672,26.270000457763672,25.989999771118164,26.15999984741211,19.181930541992188,19341,,,,,,,,
2022-01-13,26.299999237060547,26.299999237060547,26.0,26.139999389648438,19.167266845703125,12668,,,,,,,,
2022-01-14,26.010000228881836,26.104999542236328,25.989999771118164,26.030000686645508,19.08660888671875,12370,,,,,,,,
2022-01-18,26.100000381469727,26.100000381469727,25.84000015258789,25.97570037841797,19.04679298400879,13879,,,,,,,,
2022-01-19,25.999000549316406,26.239999771118164,25.979999542236328,26.079999923706055,19.12327003479004,23005,,,,,,,,
2022-01-20,25.940000534057617,26.190000534057617,25.889999389648438,25.969999313354492,19.04261016845703,11367,,,,,,,,
2022-01-21,25.90999984741211,26.200000762939453,25.81999969482422,26.059999465942383,19.10860252380371,3419,,,,,,,,
2022-01-24,25.850000381469727,26.030000686645508,25.809999465942383,26.0,19.064611434936523,7176,,,,,,,,
2022-01-25,25.90999984741211,26.06999969482422,25.893699645996094,25.893699645996094,18.986665725708008,107151,,,,,,,,
2022-01-26,25.93000030517578,26.139999389648438,25.798099517822266,25.8700008392334,18.96928596496582,4447,,,,,,,,
2022-01-27,26.049999237060547,26.049999237060547,25.75,25.75,18.881298065185547,6294,,,,,,,,
2022-01-28,25.75,25.829999923706055,25.510000228881836,25.576200485229492,18.753860473632812,85208,,,,,,,,
2022-01-31,26.09000015258789,26.09000015258789,25.496000289916992,25.84000015258789,18.94729232788086,13323,,,,,,,,
2022-02-01,25.719999313354492,25.86400032043457,25.719999313354492,25.760000228881836,18.888628005981445,3072,,,,,,,,
2022-02-02,25.6299991607666,25.780000686645508,25.600000381469727,25.6299991607666,18.793306350708008,16196,,,,,,,,
2022-02-03,25.523700714111328,25.744600296020508,25.523700714111328,25.610000610351562,18.778642654418945,7657,,,,,,,,
2022-02-04,25.639999389648438,25.889999389648438,25.534900665283203,25.700000762939453,18.844635009765625,12501,,,,,,,,
2022-02-07,25.499399185180664,25.649999618530273,25.450000762939453,25.56999969482422,18.749311447143555,22958,,,,,,,,
2022-02-08,25.459999084472656,25.6200008392334,25.459999084472656,25.5,18.697982788085938,56219,,,,,,,,
2022-02-09,25.450000762939453,25.479999542236328,25.3700008392334,25.3700008392334,18.602664947509766,4037,,,,,,,,
2022-02-10,25.290000915527344,25.399999618530273,25.290000915527344,25.399999618530273,18.624658584594727,11302,,,,,,,,
2022-02-11,25.260000228881836,25.260000228881836,25.18000030517578,25.18000030517578,18.463340759277344,4440,,,,,,,,
2022-02-14,25.200000762939453,25.28499984741211,25.100000381469727,25.184999465942383,18.467008590698242,11828,,,,,,,,
2022-02-15,25.100000381469727,25.309999465942383,24.783700942993164,25.309999465942383,18.558666229248047,19256,,,,,,,,
2022-02-16,25.010000228881836,25.329999923706055,25.010000228881836,25.200000762939453,18.478008270263672,12248,,,,,,,,
2022-02-17,25.350000381469727,25.520000457763672,25.31999969482422,25.350000381469727,18.58799934387207,6873,,,,,,,,
2022-02-18,25.405000686645508,25.434999465942383,25.350000381469727,25.3799991607666,18.60999298095703,6988,,,,,,,,
2022-02-22,25.280000686645508,25.356000900268555,24.329999923706055,24.88559913635254,18.247472763061523,14951,,,,,,,,
2022-02-23,24.899999618530273,25.040000915527344,24.8799991607666,25.040000915527344,18.36068344116211,11155,,,,,,,,
2022-02-24,24.700000762939453,25.25,24.700000762939453,24.959999084472656,18.302024841308594,13388,,,,,,,,
2022-02-25,24.899999618530273,25.129899978637695,24.770099639892578,24.899900436401367,18.257957458496094,7604,,,,,,,,
2022-02-28,24.8700008392334,25.0,24.780000686645508,24.780000686645508,18.170042037963867,32015,,,,,,,,
2022-03-01,24.809999465942383,25.270000457763672,24.809999465942383,25.170000076293945,18.456010818481445,10377,,,,,,,,
2022-03-02,25.200000762939453,25.200000762939453,25.050100326538086,25.1299991607666,18.426677703857422,10059,,,,,,,,
2022-03-03,25.1299991607666,25.467500686645508,25.1299991607666,25.467500686645508,18.67415428161621,4981,,,,,,,,
2022-03-04,25.295000076293945,25.295000076293945,25.149999618530273,25.170000076293945,18.456010818481445,9176,,,,,,,,
2022-03-07,25.170000076293945,25.239999771118164,25.114999771118164,25.15999984741211,18.44867706298828,17873,,,,,,,,
2022-03-08,25.06999969482422,25.449899673461914,25.049999237060547,25.110000610351562,18.412015914916992,5960,,,,,,,,
2022-03-09,25.18000030517578,25.25,25.170000076293945,25.170000076293945,18.456010818481445,2368,,,,,,,,
2022-03-10,25.170000076293945,25.354999542236328,25.170000076293945,25.350000381469727,18.58799934387207,3615,,,,,,,,
2022-03-11,25.350000381469727,25.350000381469727,25.170000076293945,25.18000030517578,18.463340759277344,5391,,,,,,,,
2022-03-14,25.049999237060547,25.236499786376953,24.8799991607666,24.959999084472656,18.302024841308594,14393,,,,,,,,
2022-03-15,24.829999923706055,25.149999618530273,24.829999923706055,25.149999618530273,18.441343307495117,1815,,,,,,,,
2022-03-16,25.139999389648438,25.454999923706055,25.139999389648438,25.399999618530273,18.624658584594727,11108,,,,,,,,
2022-03-17,25.479999542236328,25.5,25.2893009185791,25.450000762939453,18.661319732666016,2666,,,,,,,,
2022-03-18,25.45829963684082,25.5,25.3700008392334,25.5,18.697982788085938,2781,,,,,,,,
2022-03-21,25.679899215698242,25.799999237060547,25.290000915527344,25.3799991607666,18.60999298095703,9575,,,,,,,,
2022-03-22,25.239999771118164,25.889999389648438,25.239999771118164,25.56999969482422,18.749311447143555,4904,,,,,,,,
2022-03-23,25.15999984741211,25.552200317382812,25.149999618530273,25.170000076293945,18.456010818481445,10773,,,,,,,,
2022-03-24,25.260000228881836,25.49530029296875,25.18000030517578,25.18000030517578,18.463340759277344,6419,,,,,,,,
2022-03-25,25.239999771118164,25.25,25.149999618530273,25.170000076293945,18.456010818481445,4530,,,,,,,,
2022-03-28,25.579999923706055,25.889999389648438,25.209999084472656,25.341699600219727,18.5819091796875,5682,,,,,,,,
2022-03-29,25.5,25.700000762939453,25.5,25.700000762939453,18.844635009765625,5455,,,,,,,,
2022-03-30,25.709999084472656,25.71500015258789,25.514999389648438,25.514999389648438,18.7089786529541,6993,,,,,,,,
2022-03-31,25.399999618530273,25.700000762939453,25.399999618530273,25.540000915527344,18.727317810058594,10199,,,,,,,,
2022-04-01,25.48900032043457,25.832199096679688,25.316499710083008,25.639999389648438,18.800642013549805,17430,,,,,,,,
2022-04-04,25.540000915527344,25.75950050354004,25.31999969482422,25.700000762939453,18.844635009765625,17368,,,,,,,,
2022-04-05,25.829999923706055,25.829999923706055,25.549999237060547,25.58370018005371,18.759357452392578,7019,,,,,,,,
2022-04-06,25.5,25.700000762939453,25.326200485229492,25.540000915527344,18.727317810058594,13012,,,,,,,,
2022-04-07,25.020000457763672,25.530000686645508,25.020000457763672,25.287900924682617,18.877382278442383,16052,,,,,,,,
2022-04-08,25.200000762939453,25.28499984741211,24.90999984741211,25.280000686645508,18.871484756469727,22507,,,,,,,,
2022-04-11,25.110000610351562,25.44569969177246,24.950000762939453,25.100000381469727,18.737112045288086,5824,,,,,,,,
2022-04-12,25.100000381469727,25.200000762939453,24.780000686645508,25.190000534057617,18.80429458618164,6117,,,,,,,,
2022-04-13,25.190000534057617,25.190000534057617,25.0,25.030000686645508,18.684860229492188,5339,,,,,,,,
2022-04-14,25.010000228881836,25.200000762939453,25.0,25.200000762939453,18.811763763427734,2721,,,,,,,,
2022-04-18,25.030000686645508,25.422000885009766,25.030000686645508,25.208799362182617,18.818328857421875,18322,,,,,,,,
2022-04-19,25.229999542236328,25.25,25.0,25.149999618530273,18.774436950683594,11683,,,,,,,,
2022-04-20,25.100000381469727,25.25,25.0,25.030000686645508,18.684860229492188,8916,,,,,,,,
2022-04-21,25.149999618530273,25.149999618530273,24.229999542236328,24.350000381469727,18.177236557006836,14883,,,,,,,,
2022-04-22,24.510000228881836,24.841699600219727,24.399999618530273,24.600000381469727,18.363862991333008,4562,,,,,,,,
2022-04-25,24.850000381469727,24.947999954223633,24.61079978942871,24.703699111938477,18.441274642944336,2225,,,,,,,,
2022-04-26,24.940000534057617,24.950000762939453,24.438600540161133,24.438600540161133,18.243379592895508,7579,,,,,,,,
2022-04-27,24.540000915527344,24.828699111938477,24.272499084472656,24.280000686645508,18.12498664855957,6715,,,,,,,,
2022-04-28,24.415000915527344,24.905000686645508,24.415000915527344,24.84000015258789,18.543020248413086,5292,,,,,,,,
2022-04-29,24.739999771118164,25.520000457763672,24.579999923706055,25.34000015258789,18.916271209716797,25537,,,,,,,,
2022-05-02,25.15999984741211,25.280000686645508,24.84000015258789,25.100000381469727,18.737112045288086,15136,,,,,,,,
2022-05-03,24.979999542236328,25.0,24.75,24.829999923706055,18.535558700561523,8335,,,,,,,,
2022-05-04,24.690000534057617,25.0,24.690000534057617,24.90999984741211,18.59527587890625,8570,,,,,,,,
2022-05-05,24.780000686645508,24.950000762939453,24.75,24.850000381469727,18.550487518310547,8153,,,,,,,,
2022-05-06,24.949899673461914,24.950000762939453,24.799999237060547,24.850000381469727,18.550487518310547,10228,,,,,,,,
2022-05-09,24.649999618530273,24.649999618530273,24.290000915527344,24.299999237060547,18.13991355895996,12008,,,,,,,,
2022-05-10,24.5,24.5,23.135000228881836,23.149999618530273,17.28143882751465,14135,,,,,,,,
2022-05-11,23.06999969482422,24.192899703979492,22.84000015258789,23.420000076293945,17.48299217224121,10040,,,,,,,,
2022-05-12,23.190000534057617,23.25,22.559999465942383,22.719999313354492,16.960445404052734,8006,,,,,,,,
2022-05-13,22.549999237060547,22.959999084472656,22.549999237060547,22.959999084472656,17.139606475830078,16700,,,,,,,,
2022-05-16,22.860000610351562,23.649999618530273,22.860000610351562,23.649999618530273,17.654687881469727,7359,,,,,,,,
2022-05-17,23.65730094909668,23.92300033569336,23.280000686645508,23.360000610351562,17.43820571899414,12472,,,,,,,,
2022-05-18,24.149999618530273,24.190000534057617,23.059999465942383,23.149999618530273,17.28143882751465,3462,,,,,,,,
2022-05-19,23.329999923706055,23.6299991607666,23.010000228881836,23.5,17.542715072631836,7028,,,,,,,,
2022-05-20,23.350000381469727,23.59000015258789,23.329999923706055,23.450000762939453,17.505390167236328,2336,,,,,,,,
2022-05-23,23.549999237060547,23.549999237060547,23.43000030517578,23.440000534057617,17.497922897338867,2089,,,,,,,,
2022-05-24,23.190900802612305,23.41670036315918,23.055099487304688,23.15999984741211,17.28890609741211,3611,,,,,,,,
2022-05-25,23.299999237060547,23.469999313354492,23.0,23.364500045776367,17.441564559936523,2950,,,,,,,,
2022-05-26,23.229999542236328,23.7987003326416,23.229999542236328,23.56999969482422,17.594970703125,3574,,,,,,,,
2022-05-27,23.950000762939453,24.709999084472656,23.75,24.399999618530273,18.214563369750977,6528,,,,,,,,
2022-05-31,24.600000381469727,24.610000610351562,24.31999969482422,24.34000015258789,18.169775009155273,36032,,,,,,,,
2022-06-01,24.170000076293945,24.25,24.15180015563965,24.25,18.102588653564453,2637,,,,,,,,
2022-06-02,24.200000762939453,24.200000762939453,23.5049991607666,24.200000762939453,18.065265655517578,5471,,,,,,,,
2022-06-03,24.260000228881836,24.280000686645508,23.899999618530273,24.1200008392334,18.00554084777832,3935,,,,,,,,
2022-06-06,24.06999969482422,24.469999313354492,24.06999969482422,24.43000030517578,18.236957550048828,3018,,,,,,,,
2022-06-07,24.47130012512207,24.639999389648438,24.469999313354492,24.639999389648438,18.39372444152832,6200,,,,,,,,
2022-06-08,24.5,24.522499084472656,24.1200008392334,24.354999542236328,18.180971145629883,4289,,,,,,,,
2022-06-09,24.360000610351562,24.5,24.059999465942383,24.059999465942383,17.96075439453125,5203,,,,,,,,
2022-06-10,24.020000457763672,24.020000457763672,23.155000686645508,23.479900360107422,17.527708053588867,10822,,,,,,,,
2022-06-13,22.850000381469727,23.039899826049805,21.479999542236328,21.610000610351562,16.131834030151367,21937,,,,,,,,
2022-06-14,22.209999084472656,22.25,21.639999389648438,22.25,16.60959243774414,19469,,,,,,,,
2022-06-15,22.71579933166504,23.662700653076172,22.70009994506836,22.9335994720459,17.119897842407227,6844,,,,,,,,
2022-06-16,22.719999313354492,23.0,22.719999313354492,23.0,17.169469833374023,7152,,,,,,,,
2022-06-17,23.364999771118164,23.84000015258789,22.850000381469727,23.0,17.169469833374023,8956,,,,,,,,
2022-06-21,23.010000228881836,23.84000015258789,23.010000228881836,23.09000015258789,17.236650466918945,29989,,,,,,,,
2022-06-22,23.15999984741211,23.282100677490234,23.056900024414062,23.282100677490234,17.38005256652832,4514,,,,,,,,
2022-06-23,23.90999984741211,23.90999984741211,23.06999969482422,23.06999969482422,17.221721649169922,6236,,,,,,,,
2022-06-24,23.190000534057617,23.709999084472656,22.639999389648438,23.274999618530273,17.374753952026367,15935,,,,,,,,
2022-06-27,23.1299991607666,23.77280044555664,23.110000610351562,23.43000030517578,17.490459442138672,8350,,,,,,,,
2022-06-28,23.760000228881836,23.760000228881836,23.114999771118164,23.469999313354492,17.520320892333984,4762,,,,,,,,
2022-06-29,22.9950008392334,23.81999969482422,22.9950008392334,23.5049991607666,17.546449661254883,6827,,,,,,,,
2022-06-30,23.5,23.790000915527344,23.5,23.510000228881836,17.550180435180664,7003,,,,,,,,
2022-07-01,23.19659996032715,23.43000030517578,23.050100326538086,23.28510093688965,17.72389793395996,4950,,,,,,,,
2022-07-05,23.280000686645508,24.219999313354492,23.19499969482422,23.420000076293945,17.82657814025879,3472,,,,,,,,
2022-07-06,23.350000381469727,23.700000762939453,23.290000915527344,23.59000015258789,17.955974578857422,15049,,,,,,,,
2022-07-07,23.5,25.0,23.350099563598633,24.5,18.648639678955078,50276,,,,,,,,
2022-07-08,24.229999542236328,24.719999313354492,24.229999542236328,24.479999542236328,18.6334171295166,6904,,,,,,,,
2022-07-11,24.600000381469727,24.770000457763672,24.600000381469727,24.729999542236328,18.823707580566406,5188,,,,,,,,
2022-07-12,24.72319984436035,25.1299991607666,24.68000030517578,24.850000381469727,18.915048599243164,13147,,,,,,,,
2022-07-13,24.700000762939453,24.899999618530273,24.6200008392334,24.899999618530273,18.953107833862305,1606,,,,,,,,
2022-07-14,24.8799991607666,24.8799991607666,24.700000762939453,24.700000762939453,18.800874710083008,1239,,,,,,,,
2022-07-15,24.8799991607666,24.8799991607666,24.690000534057617,24.8799991607666,18.937885284423828,3751,,,,,,,,
2022-07-18,24.75,24.968599319458008,24.75,24.84000015258789,18.907440185546875,1567,,,,,,,,
2022-07-19,24.75,24.826000213623047,24.670000076293945,24.7450008392334,18.835126876831055,2626,,,,,,,,
2022-07-20,24.510000228881836,24.989900588989258,24.229999542236328,24.520000457763672,18.66386604309082,13256,,,,,,,,
2022-07-21,24.860000610351562,24.989999771118164,24.860000610351562,24.989999771118164,19.021615982055664,2046,,,,,,,,
2022-07-22,24.641700744628906,24.989999771118164,24.641700744628906,24.989999771118164,19.021615982055664,1949,,,,,,,,
2022-07-25,24.75,24.989999771118164,24.75,24.989999771118164,19.021615982055664,1770,,,,,,,,
2022-07-26,24.660499572753906,24.660499572753906,24.660499572753906,24.660499572753906,18.770809173583984,608,,,,,,,,
2022-07-27,24.670000076293945,24.959999084472656,24.670000076293945,24.8799991607666,18.937885284423828,885,,,,,,,,
2022-07-28,24.780000686645508,25.479999542236328,24.780000686645508,25.280000686645508,19.242355346679688,6431,,,,,,,,
2022-07-29,25.209999084472656,25.770000457763672,24.75,25.770000457763672,19.615325927734375,25795,,,,,,,,
2022-08-01,25.59000015258789,25.600000381469727,25.38249969482422,25.530000686645508,19.432645797729492,4860,,,,,,,,
2022-08-02,25.420000076293945,25.649599075317383,25.15399932861328,25.600000381469727,19.48592758178711,5553,,,,,,,,
2022-08-03,25.300100326538086,25.600000381469727,25.261600494384766,25.600000381469727,19.48592758178711,3113,,,,,,,,
2022-08-04,25.690000534057617,25.75,25.540000915527344,25.75,19.6001033782959,4431,,,,,,,,
2022-08-05,25.579999923706055,25.65999984741211,25.165000915527344,25.540000915527344,19.440258026123047,5570,,,,,,,,
2022-08-08,25.579999923706055,25.579999923706055,25.399999618530273,25.43000030517578,19.356529235839844,8142,,,,,,,,
2022-08-09,25.399999618530273,25.399999618530273,25.010000228881836,25.1028995513916,19.107545852661133,1935,,,,,,,,
2022-08-10,25.31999969482422,25.3799991607666,25.188199996948242,25.270000457763672,19.234743118286133,2618,,,,,,,,
2022-08-11,25.299999237060547,25.450000762939453,25.280000686645508,25.450000762939453,19.371749877929688,5729,,,,,,,,
2022-08-12,25.34000015258789,25.5,25.139999389648438,25.5,19.409809112548828,2384,,,,,,,,
2022-08-15,25.489999771118164,25.5,25.102100372314453,25.350000381469727,19.295635223388672,5765,,,,,,,,
2022-08-16,25.1200008392334,25.389999389648438,25.1200008392334,25.389999389648438,19.326082229614258,3546,,,,,,,,
2022-08-17,25.229999542236328,25.280000686645508,25.229999542236328,25.280000686645508,19.242355346679688,2382,,,,,,,,
2022-08-18,25.239999771118164,25.309999465942383,25.239999771118164,25.309999465942383,19.26519012451172,1967,,,,,,,,
2022-08-19,25.280000686645508,25.280000686645508,25.000099182128906,25.219999313354492,19.196683883666992,4297,,,,,,,,
2022-08-22,25.0,25.0,24.063600540161133,24.780000686645508,18.861770629882812,5188,,,,,,,,
2022-08-23,24.91629981994629,25.0,24.809999465942383,25.0,19.029226303100586,1475,,,,,,,,
2022-08-24,25.010000228881836,25.010000228881836,24.299999237060547,24.299999237060547,18.49640655517578,12702,,,,,,,,
2022-08-25,24.43000030517578,24.969999313354492,23.920000076293945,24.969999313354492,19.006389617919922,6798,,,,,,,,
2022-08-26,24.75279998779297,24.75279998779297,24.75279998779297,24.75279998779297,18.841062545776367,637,,,,,,,,
2022-08-29,24.799999237060547,25.099899291992188,24.790000915527344,24.790000915527344,18.869382858276367,7498,,,,,,,,
2022-08-30,24.799999237060547,24.8799991607666,24.450000762939453,24.499399185180664,18.64818572998047,72752,,,,,,,,
2022-08-31,24.719999313354492,24.81800079345703,24.139999389648438,24.139999389648438,18.37462043762207,27971,,,,,,,,
2022-09-01,24.34000015258789,24.799999237060547,24.21500015258789,24.6299991607666,18.74759292602539,10299,,,,,,,,
2022-09-02,24.829999923706055,24.829999923706055,24.530000686645508,24.639999389648438,18.755207061767578,2481,,,,,,,,
2022-09-06,24.5,24.520000457763672,24.190000534057617,24.40999984741211,18.580135345458984,14607,,,,,,,,
2022-09-07,24.399999618530273,24.56999969482422,24.399999618530273,24.399999618530273,18.572525024414062,2165,,,,,,,,
2022-09-08,24.440000534057617,24.5,24.0,24.0,18.26805877685547,10771,,,,,,,,
2022-09-09,24.18000030517578,24.200000762939453,24.100000381469727,24.110000610351562,18.351783752441406,3394,,,,,,,,
2022-09-12,24.110000610351562,24.18000030517578,23.540000915527344,23.8799991607666,18.176715850830078,11626,,,,,,,,
2022-09-13,23.94860076904297,23.950000762939453,22.549999237060547,23.309999465942383,17.742849349975586,7728,,,,,,,,
2022-09-14,23.510000228881836,23.520099639892578,22.850000381469727,23.149999618530273,17.621063232421875,5006,,,,,,,,
2022-09-15,23.149999618530273,23.149999618530273,22.529800415039062,22.809999465942383,17.362262725830078,23777,,,,,,,,
2022-09-16,22.610000610351562,22.709999084472656,22.09079933166504,22.530000686645508,17.149141311645508,11851,,,,,,,,
2022-09-19,22.6200008392334,22.649999618530273,22.200000762939453,22.25550079345703,16.940196990966797,9849,,,,,,,,
2022-09-20,22.110000610351562,22.110000610351562,21.239999771118164,21.25,16.174842834472656,12434,,,,,,,,
2022-09-21,21.270000457763672,23.163400650024414,21.25119972229004,21.899999618530273,16.669599533081055,14550,,,,,,,,
2022-09-22,21.989999771118164,22.458599090576172,21.0,21.0,15.984549522399902,9672,,,,,,,,
2022-09-23,20.899999618530273,21.049999237060547,20.520000457763672,20.690000534057617,15.748586654663086,16490,,,,,,,,
2022-09-26,20.65999984741211,20.967500686645508,20.200000762939453,20.649999618530273,15.718140602111816,12482,,,,,,,,
2022-09-27,20.559999465942383,20.885000228881836,20.100000381469727,20.200000762939453,15.375615119934082,11150,,,,,,,,
2022-09-28,20.399999618530273,21.709999084472656,20.399999618530273,21.655000686645508,16.483116149902344,10111,,,,,,,,
2022-09-29,21.760000228881836,21.760000228881836,20.809999465942383,21.579999923706055,16.426027297973633,5114,,,,,,,,
2022-09-30,21.639999389648438,22.642499923706055,21.440000534057617,21.579999923706055,16.426027297973633,34435,,,,,,,,
2022-10-03,22.219999313354492,22.219999313354492,21.229999542236328,21.729999542236328,16.540205001831055,7949,,,,,,,,
2022-10-04,21.799999237060547,21.84000015258789,21.200000762939453,21.75,16.5554256439209,141421,,,,,,,,
2022-10-05,21.75,21.860000610351562,21.700000762939453,21.850000381469727,16.631542205810547,13155,,,,,,,,
2022-10-06,21.639999389648438,21.65999984741211,21.229999542236328,21.229999542236328,16.501834869384766,5124,,,,,,,,
2022-10-07,21.110000610351562,21.600000381469727,20.93000030517578,21.3799991607666,16.618425369262695,9931,,,,,,,,
2022-10-10,21.90999984741211,21.90999984741211,21.238800048828125,21.329999923706055,16.579565048217773,4023,,,,,,,,
2022-10-11,21.219999313354492,21.299999237060547,21.100400924682617,21.200000762939453,16.478515625,9348,,,,,,,,
2022-10-12,21.1299991607666,21.1299991607666,20.559999465942383,20.760000228881836,16.13650894165039,5670,,,,,,,,
2022-10-13,20.34000015258789,20.559999465942383,20.010000228881836,20.010000228881836,15.553545951843262,8817,,,,,,,,
2022-10-14,20.010000228881836,20.139999389648438,19.010000228881836,19.1200008392334,14.86175537109375,8703,,,,,,,,
2022-10-17,19.59000015258789,20.41230010986328,19.149999618530273,19.479999542236328,15.141579627990723,6094,,,,,,,,
2022-10-18,19.700000762939453,19.825000762939453,19.5,19.65999984741211,15.28149127960205,6554,,,,,,,,
2022-10-19,19.739999771118164,19.780000686645508,19.670000076293945,19.700000762939453,15.31258487701416,1710,,,,,,,,
2022-10-20,19.6299991607666,20.520000457763672,19.5,19.549999237060547,15.195987701416016,7538,,,,,,,,
2022-10-21,19.30590057373047,19.3799991607666,19.25,19.3700008392334,15.056078910827637,3667,,,,,,,,
2022-10-24,20.450000762939453,21.399999618530273,20.094999313354492,20.299999237060547,15.778958320617676,39849,,,,,,,,
2022-10-25,21.733999252319336,21.769899368286133,20.530000686645508,21.469999313354492,16.688383102416992,11039,,,,,,,,
2022-10-26,22.260000228881836,22.5,21.40999984741211,21.599899291992188,16.78935432434082,11184,,,,,,,,
2022-10-27,21.770000457763672,21.94499969482422,21.350000381469727,21.6200008392334,16.804977416992188,8789,,,,,,,,
2022-10-28,21.639999389648438,21.799999237060547,21.579999923706055,21.684999465942383,16.855501174926758,81396,,,,,,,,
2022-10-31,21.649999618530273,21.743999481201172,21.209999084472656,21.34000015258789,16.587337493896484,19532,,,,,,,,
2022-11-01,21.3700008392334,21.719999313354492,21.219999313354492,21.260000228881836,16.5251522064209,8074,,,,,,,,
2022-11-02,21.350000381469727,21.90999984741211,20.760000228881836,21.149999618530273,16.43964958190918,12169,,,,,,,,
2022-11-03,21.389999389648438,21.799999237060547,20.774999618530273,21.15999984741211,16.44742202758789,6175,,,,,,,,
2022-11-04,21.829999923706055,21.829999923706055,20.899999618530273,21.260000228881836,16.5251522064209,6672,,,,,,,,
2022-11-07,21.260000228881836,21.5,20.60580062866211,21.25,16.517379760742188,9247,,,,,,,,
2022-11-08,21.25,21.875,21.25,21.59000015258789,16.781660079956055,5490,,,,,,,,
2022-11-09,22.1200008392334,22.1200008392334,21.26110076904297,21.350000381469727,16.595111846923828,9968,,,,,,,,
2022-11-10,22.329999923706055,23.030000686645508,22.200000762939453,22.979999542236328,17.862089157104492,12571,,,,,,,,
2022-11-11,23.0,23.0,22.512699127197266,22.6299991607666,17.590036392211914,4633,,,,,,,,
2022-11-14,22.90999984741211,22.90999984741211,22.149999618530273,22.329999923706055,17.356849670410156,15418,,,,,,,,
2022-11-15,22.270000457763672,22.270000457763672,22.100000381469727,22.229999542236328,17.27911949157715,21410,,,,,,,,
2022-11-16,22.420000076293945,22.420000076293945,21.715999603271484,21.950000762939453,17.061481475830078,20426,,,,,,,,
2022-11-17,22.049999237060547,22.139999389648438,21.649999618530273,21.649999618530273,16.82829475402832,6184,,,,,,,,
2022-11-18,21.360000610351562,21.485000610351562,21.350000381469727,21.389999389648438,16.626203536987305,3363,,,,,,,,
2022-11-21,21.559999465942383,21.559999465942383,21.25,21.299999237060547,16.556241989135742,2745,,,,,,,,
2022-11-22,21.209999084472656,21.700000762939453,21.000099182128906,21.000099182128906,16.323137283325195,6961,,,,,,,,
2022-11-23,21.200000762939453,21.280000686645508,21.181100845336914,21.280000686645508,16.54069709777832,8608,,,,,,,,
2022-11-25,21.059999465942383,21.280000686645508,21.059999465942383,21.1299991607666,16.424104690551758,2320,,,,,,,,
2022-11-28,21.559999465942383,21.950000762939453,21.450000762939453,21.950000762939453,17.061481475830078,42184,,,,,,,,
2022-11-29,22.1200008392334,22.739999771118164,22.1200008392334,22.649999618530273,17.6055850982666,12203,,,,,,,,
2022-11-30,22.649999618530273,22.799999237060547,22.125,22.649999618530273,17.6055850982666,7725,,,,,,,,
2022-12-01,22.649999618530273,22.890899658203125,22.405099868774414,22.670000076293945,17.621129989624023,8858,,,,,,,,
2022-12-02,22.84000015258789,22.84000015258789,22.383100509643555,22.551799774169922,17.529251098632812,20658,,,,,,,,
2022-12-05,22.200000762939453,22.32990074157715,22.010000228881836,22.079999923706055,17.162527084350586,9127,,,,,,,,
2022-12-06,22.100000381469727,22.510000228881836,21.950000762939453,22.510000228881836,17.496761322021484,7464,,,,,,,,
2022-12-07,22.350000381469727,22.350000381469727,22.05500030517578,22.18000030517578,17.240259170532227,4240,,,,,,,,
2022-12-08,22.219999313354492,22.229999542236328,22.100000381469727,22.229999542236328,17.27911949157715,2491,,,,,,,,
2022-12-09,22.149999618530273,22.149999618530273,22.059999465942383,22.100000381469727,17.178075790405273,2675,,,,,,,,
2022-12-12,22.010000228881836,22.469600677490234,21.8799991607666,22.049999237060547,17.13921356201172,17921,,,,,,,,
2022-12-13,22.229999542236328,22.229999542236328,21.850000381469727,22.139999389648438,17.209163665771484,3577,,,,,,,,
2022-12-14,22.100000381469727,22.18000030517578,22.100000381469727,22.100000381469727,17.178075790405273,7956,,,,,,,,
2022-12-15,22.049999237060547,22.049999237060547,21.850099563598633,22.049999237060547,17.13921356201172,4010,,,,,,,,
2022-12-16,21.979999542236328,22.100000381469727,21.850000381469727,21.860000610351562,16.991527557373047,4829,,,,,,,,
2022-12-19,21.850000381469727,22.199600219726562,21.716100692749023,21.860000610351562,16.991527557373047,8494,,,,,,,,
2022-12-20,21.549999237060547,21.69499969482422,21.51729965209961,21.579999923706055,16.773883819580078,5645,,,,,,,,
2022-12-21,21.510000228881836,21.860000610351562,21.510000228881836,21.6200008392334,16.804977416992188,5192,,,,,,,,
2022-12-22,21.299999237060547,21.59000015258789,21.229999542236328,21.352699279785156,16.597206115722656,12245,,,,,,,,
2022-12-23,21.40999984741211,21.440000534057617,21.239999771118164,21.239999771118164,16.509605407714844,2932,,,,,,,,
2022-12-27,21.299999237060547,21.433300018310547,20.954999923706055,21.149999618530273,16.43964958190918,11346,,,,,,,,
2022-12-28,21.25,21.475000381469727,21.030000686645508,21.100000381469727,16.400789260864258,5070,,,,,,,,
2022-12-29,21.049999237060547,21.540000915527344,21.049999237060547,21.290000915527344,16.548471450805664,2969,,,,,,,,
2022-12-30,21.600000381469727,21.600000381469727,21.028799057006836,21.030000686645508,16.346378326416016,12427,,,,,,,,
2023-01-03,21.34000015258789,21.45829963684082,21.100099563598633,21.217300415039062,16.491962432861328,2857,,,,,,,,
2023-01-04,21.260000228881836,21.999300003051758,21.260000228881836,21.68000030517578,16.851612091064453,10298,,,,,,,,
2023-01-05,21.270000457763672,21.4242000579834,21.270000457763672,21.313199996948242,16.92014503479004,22693,,,,,,,,
2023-01-06,21.219999313354492,21.5,21.199199676513672,21.350000381469727,16.949363708496094,11578,,,,,,,,
2023-01-09,21.989999771118164,21.989999771118164,21.311399459838867,21.399999618530273,16.989051818847656,11510,,,,,,,,
2023-01-10,21.469999313354492,21.469999313354492,21.25,21.389999389648438,16.98111915588379,4316,,,,,,,,
2023-01-11,21.399999618530273,21.559999465942383,21.0,21.229999542236328,16.854095458984375,21952,,,,,,,,
2023-01-12,21.25,21.3700008392334,21.14859962463379,21.36989974975586,16.965160369873047,14171,,,,,,,,
2023-01-13,21.350000381469727,21.3799991607666,21.264999389648438,21.31999969482422,16.9255428314209,10322,,,,,,,,
2023-01-17,21.530000686645508,22.190000534057617,21.530000686645508,22.0,17.465381622314453,12431,,,,,,,,
2023-01-18,22.270000457763672,22.270000457763672,22.010000228881836,22.010000228881836,17.47332191467285,13908,,,,,,,,
2023-01-19,22.100000381469727,22.170000076293945,22.100000381469727,22.149999618530273,17.5844669342041,8696,,,,,,,,
2023-01-20,22.100000381469727,22.25,22.100000381469727,22.239999771118164,17.655914306640625,13996,,,,,,,,
2023-01-23,22.299999237060547,22.459999084472656,22.267099380493164,22.364999771118164,17.755149841308594,20151,,,,,,,,
2023-01-24,22.399999618530273,22.510000228881836,22.3700008392334,22.42650032043457,17.803972244262695,8518,,,,,,,,
2023-01-25,22.632999420166016,22.632999420166016,22.405000686645508,22.489999771118164,17.85438346862793,4966,,,,,,,,
2023-01-26,22.67180061340332,23.0,22.549999237060547,23.0,18.259262084960938,6404,,,,,,,,
2023-01-27,23.0,23.0,22.899999618530273,22.950000762939453,18.21957015991211,5625,,,,,,,,
2023-01-30,23.0,23.46940040588379,23.0,23.3799991607666,18.560935974121094,13266,,,,,,,,
2023-01-31,23.420000076293945,24.049999237060547,23.415000915527344,23.899999618530273,18.973752975463867,22286,,,,,,,,
2023-02-01,23.899999618530273,24.0049991607666,23.500099182128906,23.799999237060547,18.89436912536621,21230,,,,,,,,
2023-02-02,23.68000030517578,25.229999542236328,23.68000030517578,24.75,19.648555755615234,78224,,,,,,,,
2023-02-03,24.68000030517578,24.68000030517578,23.809999465942383,24.31999969482422,19.307186126708984,4430,,,,,,,,
2023-02-06,24.229999542236328,24.31999969482422,23.83340072631836,23.940000534057617,19.00551414489746,4505,,,,,,,,
2023-02-07,24.350000381469727,24.350000381469727,23.860000610351562,23.959999084472656,19.021387100219727,9210,,,,,,,,
2023-02-08,24.06999969482422,24.06999969482422,23.81999969482422,24.0,19.053144454956055,3150,,,,,,,,
2023-02-09,24.0,24.40999984741211,23.75,23.809999465942383,18.902307510375977,5344,,,,,,,,
2023-02-10,23.639999389648438,23.889999389648438,23.5,23.5,18.656204223632812,1601,,,,,,,,
2023-02-13,23.639999389648438,23.969999313354492,23.549999237060547,23.899999618530273,18.973752975463867,5702,,,,,,,,
2023-02-14,23.75,24.18000030517578,23.75,24.1299991607666,19.156349182128906,7859,,,,,,,,
2023-02-15,24.209999084472656,24.209999084472656,23.84000015258789,23.969999313354492,19.029327392578125,1366,,,,,,,,
2023-02-16,23.924999237060547,24.190000534057617,23.5,23.75,18.854677200317383,6625,,,,,,,,
2023-02-17,23.5,24.0,23.5,23.829999923706055,18.918184280395508,5457,,,,,,,,
2023-02-21,23.969999313354492,24.0575008392334,23.447900772094727,23.447900772094727,18.614843368530273,18439,,,,,,,,
2023-02-22,23.579999923706055,23.59000015258789,23.3799991607666,23.3799991607666,18.560935974121094,6410,,,,,,,,
2023-02-23,23.389999389648438,23.479999542236328,23.020000457763672,23.200000762939453,18.41804313659668,15657,,,,,,,,
2023-02-24,23.450000762939453,23.450000762939453,22.649999618530273,22.84000015258789,18.13224220275879,12814,,,,,,,,
2023-02-27,23.0,23.1200008392334,22.661399841308594,22.709999084472656,18.029037475585938,12755,,,,,,,,
2023-02-28,22.670000076293945,22.739999771118164,22.15999984741211,22.719999313354492,18.036977767944336,33486,,,,,,,,
2023-03-01,21.987199783325195,22.859899520874023,21.987199783325195,22.5,17.862321853637695,4885,,,,,,,,
2023-03-02,22.440000534057617,23.264400482177734,22.25,22.405000686645508,17.78690528869629,2076,,,,,,,,
2023-03-03,22.739999771118164,23.131999969482422,22.1200008392334,22.19529914855957,17.620426177978516,7701,,,,,,,,
2023-03-06,22.299999237060547,23.0,22.040000915527344,22.170000076293945,17.6003475189209,8368,,,,,,,,
2023-03-07,22.170000076293945,22.18000030517578,22.040000915527344,22.16990089416504,17.600265502929688,5260,,,,,,,,
2023-03-08,22.170000076293945,22.170000076293945,22.079999923706055,22.079999923706055,17.528892517089844,5313,,,,,,,,
2023-03-09,22.079999923706055,22.079999923706055,21.600000381469727,21.719999313354492,17.24309730529785,5593,,,,,,,,
2023-03-10,21.780000686645508,21.920000076293945,21.020099639892578,21.229999542236328,16.854095458984375,4860,,,,,,,,
2023-03-13,21.219999313354492,21.219999313354492,20.75,21.100000381469727,16.75089454650879,5777,,,,,,,,
2023-03-14,21.260000228881836,21.260000228881836,20.5,20.5,16.27456283569336,14037,,,,,,,,
2023-03-15,20.510000228881836,20.770000457763672,20.280000686645508,20.770000457763672,16.48891258239746,2858,,,,,,,,
2023-03-16,20.693899154663086,20.693899154663086,20.280000686645508,20.280000686645508,16.099910736083984,17708,,,,,,,,
2023-03-17,20.229999542236328,20.3799991607666,19.829999923706055,20.3799991607666,16.17929458618164,6754,,,,,,,,
2023-03-20,20.25,20.34000015258789,20.059999465942383,20.1200008392334,15.97288703918457,2309,,,,,,,,
2023-03-21,20.0,20.770000457763672,19.989999771118164,20.68000030517578,16.417455673217773,10200,,,,,,,,
2023-03-22,20.489999771118164,20.549999237060547,20.26259994506836,20.395000457763672,16.191204071044922,5749,,,,,,,,
2023-03-23,20.6200008392334,20.629899978637695,20.030000686645508,20.200000762939453,16.036399841308594,12036,,,,,,,,
2023-03-24,20.399999618530273,20.399999618530273,20.106800079345703,20.34000015258789,16.147539138793945,3448,,,,,,,,
2023-03-27,20.899999618530273,20.899999618530273,20.200000762939453,20.200000762939453,16.036399841308594,10515,,,,,,,,
2023-03-28,20.2721004486084,20.2721004486084,20.1299991607666,20.1299991607666,15.980827331542969,4523,,,,,,,,
2023-03-29,20.309999465942383,20.649999618530273,20.25,20.424999237060547,16.21501922607422,11877,,,,,,,,
2023-03-30,20.450000762939453,20.78499984741211,20.200000762939453,20.360000610351562,16.163421630859375,67159,,,,,,,,
2023-03-31,21.700000762939453,21.700000762939453,20.030000686645508,20.649999618530273,16.39364242553711,34828,,,,,,,,
2023-04-03,21.100000381469727,22.139999389648438,21.075300216674805,21.969999313354492,17.441564559936523,41541,,,,,,,,
2023-04-04,21.969999313354492,23.34000015258789,21.969999313354492,22.799999237060547,18.100486755371094,30057,,,,,,,,
2023-04-05,22.350000381469727,22.56999969482422,21.4237003326416,21.5,17.414535522460938,22606,,,,,,,,
2023-04-06,21.3700008392334,22.359899520874023,21.3700008392334,22.040000915527344,17.851924896240234,28706,,,,,,,,
2023-04-10,22.09000015258789,22.09000015258789,21.510000228881836,21.600000381469727,17.49553871154785,17523,,,,,,,,
2023-04-11,21.649999618530273,21.760000228881836,21.350099563598633,21.760000228881836,17.625133514404297,9325,,,,,,,,
2023-04-12,21.889999389648438,21.979999542236328,21.540599822998047,21.979999542236328,17.803325653076172,8060,,,,,,,,
2023-04-13,22.09000015258789,22.6299991607666,21.479999542236328,22.6299991607666,18.32981300354004,13961,,,,,,,,
2023-04-14,22.600000381469727,22.709999084472656,22.299999237060547,22.709999084472656,18.394611358642578,5754,,,,,,,,
2023-04-17,23.25,23.25,22.190000534057617,22.610000610351562,18.313615798950195,7418,,,,,,,,
2023-04-18,22.440000534057617,22.56999969482422,22.25,22.489999771118164,18.216415405273438,39963,,,,,,,,
2023-04-19,22.350000381469727,22.45330047607422,22.219999313354492,22.440000534057617,18.175920486450195,7017,,,,,,,,
2023-04-20,22.260000228881836,22.770000457763672,22.049999237060547,22.770000457763672,18.44321060180664,7055,,,,,,,,
2023-04-21,22.510000228881836,22.825000762939453,22.3700008392334,22.389999389648438,18.135417938232422,2816,,,,,,,,
2023-04-24,22.729999542236328,22.860000610351562,22.350000381469727,22.489999771118164,18.216415405273438,12398,,,,,,,,
2023-04-25,22.489999771118164,22.749900817871094,22.010400772094727,22.139999389648438,17.932920455932617,8936,,,,,,,,
2023-04-26,22.139999389648438,22.139999389648438,21.699899673461914,21.790000915527344,17.649431228637695,14600,,,,,,,,
2023-04-27,21.739999771118164,21.93000030517578,21.63010025024414,21.899999618530273,17.738527297973633,36657,,,,,,,,
2023-04-28,21.899999618530273,22.239999771118164,21.75,22.149999618530273,17.94102668762207,33561,,,,,,,,
2023-05-01,22.149999618530273,22.149999618530273,21.849000930786133,22.09000015258789,17.892425537109375,3327,,,,,,,,
2023-05-02,21.920000076293945,22.020000457763672,21.510000228881836,21.68000030517578,17.560331344604492,10719,,,,,,,,
2023-05-03,21.780000686645508,21.780000686645508,21.079999923706055,21.360000610351562,17.3011417388916,8454,,,,,,,,
2023-05-04,21.1299991607666,21.549999237060547,20.110000610351562,20.420000076293945,16.53976058959961,5854,,,,,,,,
2023-05-05,20.510000228881836,21.273799896240234,20.149999618530273,20.5,16.60455894470215,11360,,,,,,,,
2023-05-08,20.290000915527344,20.700000762939453,20.290000915527344,20.559999465942383,16.65315818786621,3984,,,,,,,,
2023-05-09,20.399999618530273,20.450000762939453,20.110000610351562,20.450000762939453,16.56406021118164,8627,,,,,,,,
2023-05-10,20.280000686645508,20.479999542236328,20.200000762939453,20.420000076293945,16.53976058959961,8345,,,,,,,,
2023-05-11,20.649999618530273,20.649999618530273,20.229999542236328,20.510000228881836,16.612659454345703,949,,,,,,,,
2023-05-12,20.229999542236328,20.540000915527344,20.229999542236328,20.479999542236328,16.588361740112305,4020,,,,,,,,
2023-05-15,20.420000076293945,21.979999542236328,20.420000076293945,21.979999542236328,17.803325653076172,10755,,,,,,,,
2023-05-16,21.0,21.0,20.30500030517578,20.399999618530273,16.523563385009766,10501,,,,,,,,
2023-05-17,20.399999618530273,20.75,20.399999618530273,20.75,16.807056427001953,2276,,,,,,,,
2023-05-18,20.3700008392334,20.479999542236328,20.079999923706055,20.200000762939453,16.361568450927734,12302,,,,,,,,
2023-05-19,20.374000549316406,20.59000015258789,19.650999069213867,20.59000015258789,16.677457809448242,10651,,,,,,,,
2023-05-22,20.440000534057617,20.440000534057617,19.616600036621094,20.059999465942383,16.2481689453125,8973,,,,,,,,
2023-05-23,19.530000686645508,19.959999084472656,19.530000686645508,19.790000915527344,16.02947425842285,17519,,,,,,,,
2023-05-24,19.299999237060547,20.0,18.480600357055664,19.299999237060547,15.632585525512695,36237,,,,,,,,
2023-05-25,19.280000686645508,19.280000686645508,18.479999542236328,18.610000610351562,15.073701858520508,13296,,,,,,,,
2023-05-26,18.969999313354492,18.969999313354492,18.479999542236328,18.719999313354492,15.162797927856445,2256,,,,,,,,
2023-05-30,19.0,19.270000457763672,18.5,18.549999237060547,15.025101661682129,7097,,,,,,,,
2023-05-31,18.600000381469727,18.8700008392334,18.329999923706055,18.65999984741211,15.11419677734375,43663,,,,,,,,
2023-06-01,18.799999237060547,18.860000610351562,18.579999923706055,18.600000381469727,15.065601348876953,25189,,,,,,,,
2023-06-02,18.670000076293945,19.799999237060547,18.670000076293945,19.770000457763672,16.013275146484375,54507,,,,,,,,
2023-06-05,19.510000228881836,19.889999389648438,18.979999542236328,19.540000915527344,15.826979637145996,11938,,,,,,,,
2023-06-06,19.799999237060547,19.989900588989258,19.760000228881836,19.90999984741211,16.126670837402344,4839,,,,,,,,
2023-06-07,19.8700008392334,20.045000076293945,19.829999923706055,19.959999084472656,16.167171478271484,18286,,,,,,,,
2023-06-08,19.969999313354492,20.549999237060547,19.850000381469727,20.549999237060547,16.645057678222656,6720,,,,,,,,
2023-06-09,20.600000381469727,21.200000762939453,20.600000381469727,20.989999771118164,17.001447677612305,12414,,,,,,,,
2023-06-12,21.049999237060547,21.350000381469727,21.049999237060547,21.1200008392334,17.106746673583984,10379,,,,,,,,
2023-06-13,20.99410057067871,21.610000610351562,20.99410057067871,21.600000381469727,17.49553871154785,6115,,,,,,,,
2023-06-14,21.600000381469727,21.600000381469727,21.299999237060547,21.399999618530273,17.33353614807129,3622,,,,,,,,
2023-06-15,21.399999618530273,21.399999618530273,21.0,21.200000762939453,17.17154312133789,5229,,,,,,,,
2023-06-16,21.578100204467773,21.578100204467773,21.299999237060547,21.489900588989258,17.40635871887207,2736,,,,,,,,
2023-06-20,21.596900939941406,21.596900939941406,20.5,20.510000228881836,16.612659454345703,6970,,,,,,,,
2023-06-21,20.895000457763672,20.895000457763672,20.520000457763672,20.651199340820312,16.72702980041504,2879,,,,,,,,
2023-06-22,20.5,20.53499984741211,20.010099411010742,20.468799591064453,16.579288482666016,6816,,,,,,,,
2023-06-23,20.020000457763672,20.139999389648438,19.520000457763672,19.809999465942383,16.045673370361328,9166,,,,,,,,
2023-06-26,19.969999313354492,20.684999465942383,19.969999313354492,20.361499786376953,16.49237632751465,4100,,,,,,,,
2023-06-27,21.239999771118164,21.239999771118164,20.639999389648438,20.899999618530273,16.92854881286621,5539,,,,,,,,
2023-06-28,21.18000030517578,21.600000381469727,20.685699462890625,21.600000381469727,17.49553871154785,10286,,,,,,,,
2023-06-29,21.549999237060547,21.549999237060547,20.309999465942383,20.513099670410156,16.61516761779785,13609,,,,,,,,
2023-06-30,20.510000228881836,21.190000534057617,20.450000762939453,21.079999923706055,17.07434844970703,28098,,,,,,,,
2023-07-03,21.079999923706055,21.600000381469727,21.079999923706055,21.200000762939453,17.17154312133789,10735,,,,,,,,
2023-07-05,20.969999313354492,20.969999313354492,20.1200008392334,20.167600631713867,16.692096710205078,12023,,,,,,,,
2023-07-06,20.170000076293945,20.219999313354492,19.549999237060547,19.579999923706055,16.20575714111328,8752,,,,,,,,
2023-07-07,19.899999618530273,20.049999237060547,19.709999084472656,19.709999084472656,16.313356399536133,5881,,,,,,,,
2023-07-10,20.09000015258789,20.549999237060547,19.709999084472656,20.1299991607666,16.660972595214844,5756,,,,,,,,
2023-07-11,20.0,20.325000762939453,20.0,20.149999618530273,16.67753028869629,3277,,,,,,,,
2023-07-12,20.170000076293945,21.200000762939453,20.170000076293945,20.8700008392334,17.273452758789062,31931,,,,,,,,
2023-07-13,20.850000381469727,21.899999618530273,20.850000381469727,21.399999618530273,17.712114334106445,8274,,,,,,,,
2023-07-14,21.18000030517578,21.299999237060547,21.049999237060547,21.059999465942383,17.430706024169922,6054,,,,,,,,
2023-07-17,21.280000686645508,21.389999389648438,21.149999618530273,21.15999984741211,17.513473510742188,5625,,,,,,,,
2023-07-18,21.399999618530273,21.799999237060547,21.229999542236328,21.790000915527344,18.0349063873291,9783,,,,,,,,
2023-07-19,21.920000076293945,22.959999084472656,21.719999313354492,22.100000381469727,18.291484832763672,15823,,,,,,,,
2023-07-20,22.010000228881836,22.082700729370117,21.8700008392334,21.88010025024414,18.109479904174805,9835,,,,,,,,
2023-07-21,21.700000762939453,22.280000686645508,21.700000762939453,21.989999771118164,18.200439453125,3113,,,,,,,,
2023-07-24,22.280000686645508,22.280000686645508,22.1200008392334,22.190000534057617,18.3659725189209,8121,,,,,,,,
2023-07-25,22.18000030517578,22.200000762939453,22.174999237060547,22.190000534057617,18.3659725189209,7770,,,,,,,,
2023-07-26,22.200000762939453,22.200000762939453,22.020000457763672,22.049999237060547,18.250099182128906,25350,,,,,,,,
2023-07-27,22.06999969482422,22.25,22.06999969482422,22.159900665283203,18.341060638427734,54582,,,,,,,,
2023-07-28,22.040000915527344,22.170000076293945,21.510000228881836,21.510000228881836,17.803159713745117,25204,,,,,,,,
2023-07-31,21.639999389648438,22.331499099731445,21.639999389648438,22.100000381469727,18.291484832763672,21082,,,,,,,,
2023-08-01,22.110000610351562,22.110000610351562,21.899999618530273,21.90999984741211,18.134227752685547,4239,,,,,,,,
2023-08-02,21.84000015258789,21.84000015258789,21.540000915527344,21.71500015258789,17.972827911376953,11404,,,,,,,,
2023-08-03,21.549999237060547,21.75,20.799999237060547,20.869400024414062,17.272951126098633,22144,,,,,,,,
2023-08-04,21.100000381469727,21.459999084472656,20.6299991607666,20.702999114990234,17.135229110717773,5401,,,,,,,,
2023-08-07,20.799999237060547,20.999900817871094,20.540000915527344,20.650100708007812,17.091445922851562,3372,,,,,,,,
2023-08-08,20.31999969482422,20.77790069580078,20.209999084472656,20.209999084472656,16.727190017700195,6988,,,,,,,,
2023-08-09,20.824499130249023,20.824499130249023,20.170000076293945,20.170000076293945,16.694080352783203,6999,,,,,,,,
2023-08-10,20.3799991607666,20.53849983215332,20.209999084472656,20.399999618530273,16.884445190429688,2594,,,,,,,,
2023-08-11,20.5,20.79990005493164,20.399999618530273,20.65999984741211,17.099637985229492,2937,,,,,,,,
2023-08-14,21.0,21.0,20.5,20.600000381469727,17.04998016357422,2890,,,,,,,,
2023-08-15,20.479999542236328,20.784400939941406,20.200000762939453,20.200000762939453,16.71891212463379,2716,,,,,,,,
2023-08-16,20.790000915527344,20.790000915527344,20.209999084472656,20.229999542236328,16.743743896484375,6568,,,,,,,,
2023-08-17,20.229999542236328,20.229999542236328,20.0,20.15999984741211,16.685806274414062,27527,,,,,,,,
2023-08-18,20.219999313354492,20.489900588989258,20.209999084472656,20.260000228881836,16.768573760986328,1577,,,,,,,,
2023-08-21,20.3700008392334,20.450000762939453,20.25,20.309999465942383,16.809953689575195,6950,,,,,,,,
2023-08-22,20.0,20.440000534057617,20.0,20.155000686645508,16.68166732788086,3238,,,,,,,,
2023-08-23,20.020000457763672,20.8075008392334,20.020000457763672,20.559999465942383,17.016874313354492,6081,,,,,,,,
2023-08-24,20.500499725341797,20.500499725341797,20.030000686645508,20.139999389648438,16.669252395629883,23672,,,,,,,,
2023-08-25,20.075000762939453,20.145000457763672,20.059999465942383,20.1299991607666,16.660972595214844,7950,,,,,,,,
2023-08-28,20.299999237060547,20.670000076293945,20.170000076293945,20.5,16.967212677001953,4123,,,,,,,,
2023-08-29,20.479999542236328,20.8799991607666,20.479999542236328,20.8799991607666,17.28172492980957,3824,,,,,,,,
2023-08-30,20.8799991607666,21.450000762939453,20.600000381469727,21.450000762939453,17.753496170043945,16068,,,,,,,,
2023-08-31,21.5,21.679800033569336,21.200000762939453,21.440000534057617,17.745220184326172,23380,,,,,,,,
2023-09-01,21.209999084472656,21.295000076293945,21.049999237060547,21.049999237060547,17.42243194580078,2524,,,,,,,,
2023-09-05,20.899999618530273,21.3799991607666,20.899999618530273,21.149999618530273,17.505197525024414,16798,,,,,,,,
2023-09-06,21.149999618530273,21.290000915527344,21.06999969482422,21.110000610351562,17.47209358215332,3817,,,,,,,,
2023-09-07,21.350000381469727,21.3799991607666,21.030000686645508,21.030000686645508,17.4058780670166,5377,,,,,,,,
2023-09-08,21.06999969482422,21.219999313354492,20.75,20.75,17.174131393432617,5525,,,,,,,,
2023-09-11,21.15999984741211,21.28499984741211,20.520000457763672,21.105600357055664,17.468448638916016,5684,,,,,,,,
2023-09-12,20.610000610351562,20.639999389648438,20.280000686645508,20.510000228881836,16.97549057006836,9214,,,,,,,,
2023-09-13,20.510000228881836,20.549999237060547,20.030000686645508,20.030000686645508,16.578210830688477,3666,,,,,,,,
2023-09-14,20.049999237060547,20.614999771118164,19.639999389648438,20.110000610351562,16.644420623779297,14137,,,,,,,,
2023-09-15,20.1200008392334,20.739999771118164,19.989999771118164,20.6299991607666,17.07480812072754,8208,,,,,,,,
2023-09-18,20.969999313354492,20.969999313354492,20.059999465942383,20.059999465942383,16.603038787841797,8519,,,,,,,,
2023-09-19,20.149999618530273,20.94099998474121,19.760000228881836,19.760000228881836,16.354736328125,18414,,,,,,,,
2023-09-20,19.84000015258789,20.541099548339844,19.649999618530273,19.649999618530273,16.263690948486328,9897,,,,,,,,
2023-09-21,19.5,19.510000228881836,18.81999969482422,19.100000381469727,15.808476448059082,15000,,,,,,,,
2023-09-22,19.030000686645508,19.34000015258789,18.420000076293945,18.639999389648438,15.427748680114746,20626,,,,,,,,
2023-09-25,18.649999618530273,18.75,18.170000076293945,18.334999084472656,15.175309181213379,11875,,,,,,,,
2023-09-26,18.479999542236328,18.5,18.049999237060547,18.25,15.104958534240723,26183,,,,,,,,
2023-09-27,18.579999923706055,18.600000381469727,18.1299991607666,18.365800857543945,15.200803756713867,15237,,,,,,,,
2023-09-28,18.614500045776367,18.899999618530273,18.545000076293945,18.6200008392334,15.41119384765625,26394,,,,,,,,
2023-09-29,18.6200008392334,18.940000534057617,18.350799560546875,18.780000686645508,15.543620109558105,25070,,,,,,,,
2023-10-02,18.68000030517578,18.700000762939453,18.190000534057617,18.190000534057617,15.0552978515625,11062,,,,,,,,
2023-10-03,18.239999771118164,18.239999771118164,17.420000076293945,17.90999984741211,14.8235502243042,19458,,,,,,,,
2023-10-04,18.31999969482422,18.375,17.959999084472656,18.280000686645508,15.129788398742676,13235,,,,,,,,
2023-10-05,17.709999084472656,17.844999313354492,17.510000228881836,17.6299991607666,14.962695121765137,10523,,,,,,,,
2023-10-06,17.489999771118164,17.75,17.40999984741211,17.575000762939453,14.916019439697266,12457,,,,,,,,
2023-10-09,17.46500015258789,17.6299991607666,16.854999542236328,17.6299991607666,14.962695121765137,38746,,,,,,,,
2023-10-10,17.489999771118164,17.489999771118164,16.950000762939453,16.950000762939453,14.385579109191895,21063,,,,,,,,
2023-10-11,17.010000228881836,17.579999923706055,16.950000762939453,17.530000686645508,14.877828598022461,11006,,,,,,,,
2023-10-12,17.469999313354492,17.610000610351562,17.200000762939453,17.610000610351562,14.945725440979004,7292,,,,,,,,
2023-10-13,17.420000076293945,18.16990089416504,17.420000076293945,17.65999984741211,14.988160133361816,3682,,,,,,,,
2023-10-16,17.959999084472656,17.959999084472656,17.75,17.799999237060547,15.106978416442871,8177,,,,,,,,
2023-10-17,17.989999771118164,18.559900283813477,17.09000015258789,17.09000015258789,14.504396438598633,7002,,,,,,,,
2023-10-18,17.549999237060547,17.549999237060547,17.024999618530273,17.030000686645508,14.453475952148438,6442,,,,,,,,
2023-10-19,17.440000534057617,17.69179916381836,16.959999084472656,16.959999084472656,14.394065856933594,27626,,,,,,,,
2023-10-20,16.90999984741211,17.215599060058594,16.90999984741211,17.19499969482422,14.593512535095215,6723,,,,,,,,
2023-10-23,17.010000228881836,17.010000228881836,16.799999237060547,16.850000381469727,14.30070686340332,11292,,,,,,,,
2023-10-24,16.950000762939453,17.75,16.905000686645508,17.75,15.064543724060059,9494,,,,,,,,
2023-10-25,17.419300079345703,17.75,17.25,17.43000030517578,14.79295825958252,17400,,,,,,,,
2023-10-26,17.670000076293945,18.290000915527344,17.260000228881836,17.260000228881836,14.64867877960205,14003,,,,,,,,
2023-10-27,17.170000076293945,17.51219940185547,16.987899780273438,16.989999771118164,14.419527053833008,12169,,,,,,,,
2023-10-30,16.770000457763672,16.969999313354492,16.700000762939453,16.700000762939453,14.173402786254883,8244,,,,,,,,
2023-10-31,16.799999237060547,17.18000030517578,16.420000076293945,17.15999984741211,14.563807487487793,28786,,,,,,,,
2023-11-01,17.059999465942383,17.670000076293945,17.059999465942383,17.450000762939453,14.809931755065918,15306,,,,,,,,
2023-11-02,17.56999969482422,18.1200008392334,17.149999618530273,17.15999984741211,14.563807487487793,18614,,,,,,,,
2023-11-03,17.420000076293945,18.309999465942383,17.420000076293945,18.309999465942383,15.539817810058594,7132,,,,,,,,
2023-11-06,18.127700805664062,18.599899291992188,17.780000686645508,18.2549991607666,15.493139266967773,10556,,,,,,,,
2023-11-07,18.299999237060547,19.0,18.209999084472656,18.420000076293945,15.6331787109375,20046,,,,,,,,
2023-11-08,18.480199813842773,18.87529945373535,18.079999923706055,18.700000762939453,15.870814323425293,25970,,,,,,,,
2023-11-09,18.3700008392334,18.555999755859375,17.920000076293945,17.920000076293945,15.208822250366211,8390,,,,,,,,
2023-11-10,18.459999084472656,18.459999084472656,18.030000686645508,18.149999618530273,15.404025077819824,5961,,,,,,,,
2023-11-13,18.434999465942383,18.520000457763672,18.299999237060547,18.299999237060547,15.531332015991211,6057,,,,,,,,
2023-11-14,18.700000762939453,18.700000762939453,18.06999969482422,18.43000030517578,15.641663551330566,15669,,,,,,,,
2023-11-15,18.399999618530273,18.719999313354492,18.100000381469727,18.290000915527344,15.522847175598145,21284,,,,,,,,
2023-11-16,18.579999923706055,18.634700775146484,18.139999389648438,18.450000762939453,15.658638000488281,17076,,,,,,,,
2023-11-17,18.209999084472656,18.469999313354492,18.139999389648438,18.139999389648438,15.395536422729492,7022,,,,,,,,
2023-11-20,18.110000610351562,18.219900131225586,17.99209976196289,18.100000381469727,15.361593246459961,12221,,,,,,,,
2023-11-21,18.100000381469727,18.100000381469727,17.489999771118164,17.75,15.064543724060059,7567,,,,,,,,
2023-11-22,17.75,17.774999618530273,17.510000228881836,17.739999771118164,15.05605697631836,7701,,,,,,,,
2023-11-24,17.75,18.064199447631836,17.75,17.950000762939453,15.23428726196289,4800,,,,,,,,
2023-11-27,18.030000686645508,18.6299991607666,18.030000686645508,18.1200008392334,15.37856674194336,18619,,,,,,,,
2023-11-28,18.200000762939453,18.299999237060547,17.84000015258789,18.100000381469727,15.361593246459961,22973,,,,,,,,
2023-11-29,18.174999237060547,18.260000228881836,17.889999389648438,18.260000228881836,15.497384071350098,41529,,,,,,,,
2023-11-30,18.450000762939453,18.540000915527344,18.200000762939453,18.540000915527344,15.73502254486084,26734,,,,,,,,
2023-12-01,18.530000686645508,18.8700008392334,18.450000762939453,18.8700008392334,16.01509666442871,26097,,,,,,,,
2023-12-04,18.790000915527344,19.190000534057617,18.545000076293945,19.18000030517578,16.278196334838867,22518,,,,,,,,
2023-12-05,19.030000686645508,19.46419906616211,19.030000686645508,19.440000534057617,16.498859405517578,8453,,,,,,,,
2023-12-06,19.229999542236328,19.447399139404297,18.990100860595703,19.3799991607666,16.44793128967285,12480,,,,,,,,
2023-12-07,19.190000534057617,19.850000381469727,19.050100326538086,19.844999313354492,16.84258460998535,25311,,,,,,,,
2023-12-08,19.540000915527344,19.989999771118164,19.540000915527344,19.649999618530273,16.677085876464844,8232,,,,,,,,
2023-12-11,19.31999969482422,19.75,19.149999618530273,19.3799991607666,16.44793128967285,9077,,,,,,,,
2023-12-12,19.450000762939453,19.799999237060547,19.15999984741211,19.399999618530273,16.464908599853516,19146,,,,,,,,
2023-12-13,19.25,19.889999389648438,19.204999923706055,19.875,16.868043899536133,14740,,,,,,,,
2023-12-14,19.829999923706055,20.75,19.829999923706055,20.649999618530273,17.52579116821289,43029,,,,,,,,
2023-12-15,20.170000076293945,20.75,20.170000076293945,20.5,17.398487091064453,7951,,,,,,,,
2023-12-18,20.59000015258789,20.600000381469727,20.100000381469727,20.149999618530273,17.101438522338867,29252,,,,,,,,
2023-12-19,20.0,20.030000686645508,19.850000381469727,19.979999542236328,16.9571590423584,47390,,,,,,,,
2023-12-20,19.90999984741211,20.485000610351562,19.90999984741211,20.079999923706055,17.042030334472656,5840,,,,,,,,
2023-12-21,20.079999923706055,20.295000076293945,20.0,20.02899932861328,16.99874496459961,10665,,,,,,,,
2023-12-22,20.16010093688965,20.510900497436523,20.16010093688965,20.350000381469727,17.271177291870117,7092,,,,,,,,
2023-12-26,20.520000457763672,20.569900512695312,20.350000381469727,20.530000686645508,17.4239501953125,28397,,,,,,,,
2023-12-27,20.6299991607666,20.6299991607666,20.420000076293945,20.450000762939453,17.35605239868164,7063,,,,,,,,
2023-12-28,20.749900817871094,21.75,20.5,21.3799991607666,18.145349502563477,31551,,,,,,,,
2023-12-29,21.040000915527344,22.399999618530273,21.040000915527344,21.989999771118164,18.66305923461914,20468,,,,,,,,
2024-01-02,21.889999389648438,22.200000762939453,21.6299991607666,21.989999771118164,18.66305923461914,11051,,,,,,,,
2024-01-03,21.709999084472656,21.899999618530273,21.514999389648438,21.700000762939453,18.416933059692383,12286,,,,,,,,
2024-01-04,21.25,21.25,20.600000381469727,21.06999969482422,18.26361846923828,25163,,,,,,,,
2024-01-05,21.06999969482422,21.219999313354492,20.821300506591797,21.030000686645508,18.22894859313965,14696,,,,,,,,
2024-01-08,21.020000457763672,21.285900115966797,20.950000762939453,21.09000015258789,18.280956268310547,16666,,,,,,,,
2024-01-09,20.980100631713867,21.0,20.81999969482422,20.988800048828125,18.193235397338867,10739,,,,,,,,
2024-01-10,21.1200008392334,21.1299991607666,20.579999923706055,20.670000076293945,17.91689682006836,16315,,,,,,,,
2024-01-11,20.780000686645508,20.850000381469727,20.500099182128906,20.760000228881836,17.994909286499023,9404,,,,,,,,
2024-01-12,20.700000762939453,20.969999313354492,20.700000762939453,20.829999923706055,18.055585861206055,4702,,,,,,,,
2024-01-16,20.770000457763672,20.889999389648438,20.649999618530273,20.75,17.986242294311523,9201,,,,,,,,
2024-01-17,20.748600006103516,20.799999237060547,20.56999969482422,20.785499572753906,18.017011642456055,11576,,,,,,,,
2024-01-18,20.56999969482422,20.614999771118164,20.270000457763672,20.479999542236328,17.7522029876709,11040,,,,,,,,
2024-01-19,20.309999465942383,20.690000534057617,20.309999465942383,20.670000076293945,17.91689682006836,11018,,,,,,,,
2024-01-22,20.920000076293945,21.0,20.809999465942383,20.8700008392334,18.09025764465332,31344,,,,,,,,
2024-01-23,20.90999984741211,21.09000015258789,20.8799991607666,20.88629913330078,18.104387283325195,7669,,,,,,,,
2024-01-24,20.899999618530273,20.950000762939453,20.81999969482422,20.899999618530273,18.116260528564453,17355,,,,,,,,
2024-01-25,20.950000762939453,20.950000762939453,20.84000015258789,20.850000381469727,18.072925567626953,12571,,,,,,,,
2024-01-26,20.93000030517578,20.950000762939453,20.81999969482422,20.829999923706055,18.055585861206055,12718,,,,,,,,
2024-01-29,20.8700008392334,21.1299991607666,20.850000381469727,20.9950008392334,18.198610305786133,5094,,,,,,,,
2024-01-30,21.0,21.08930015563965,20.829999923706055,20.899999618530273,18.116260528564453,7484,,,,,,,,
2024-01-31,20.899999618530273,21.06999969482422,20.81999969482422,20.81999969482422,18.046916961669922,9476,,,,,,,,
2024-02-01,20.809999465942383,22.079999923706055,20.809999465942383,21.940000534057617,19.017742156982422,16290,,,,,,,,
2024-02-02,21.799999237060547,21.799999237060547,21.230100631713867,21.399999618530273,18.549665451049805,11714,,,,,,,,
2024-02-05,21.40999984741211,21.467100143432617,20.875,21.110000610351562,18.298294067382812,5080,,,,,,,,
2024-02-06,21.049999237060547,21.06999969482422,21.049999237060547,21.049999237060547,18.24628257751465,3622,,,,,,,,
2024-02-07,21.0,21.09000015258789,20.860000610351562,20.874399185180664,18.094070434570312,5116,,,,,,,,
2024-02-08,21.110000610351562,21.110000610351562,20.899999618530273,20.989999771118164,18.19427490234375,7936,,,,,,,,
2024-02-09,21.110000610351562,21.190000534057617,20.90999984741211,21.110000610351562,18.298294067382812,8945,,,,,,,,
2024-02-12,21.139999389648438,21.139999389648438,20.960100173950195,21.139999389648438,18.32429313659668,8938,,,,,,,,
2024-02-13,20.829999923706055,21.020000457763672,20.81999969482422,21.020000457763672,18.220279693603516,7960,,,,,,,,
2024-02-14,21.139999389648438,21.420000076293945,21.040000915527344,21.040000915527344,18.23761749267578,5124,,,,,,,,
2024-02-15,20.84000015258789,21.25,20.84000015258789,21.25,18.419645309448242,3879,,,,,,,,
2024-02-16,21.25,21.469999313354492,21.0049991607666,21.3700008392334,18.523662567138672,6200,,,,,,,,
2024-02-20,21.150299072265625,21.38990020751953,21.150299072265625,21.280000686645508,18.445650100708008,5501,,,,,,,,
2024-02-21,21.34000015258789,21.3700008392334,20.81999969482422,20.820100784301758,18.04700469970703,8615,,,,,,,,
2024-02-22,20.81999969482422,20.9419002532959,20.81999969482422,20.829999923706055,18.055585861206055,3097,,,,,,,,
2024-02-23,20.780000686645508,21.299999237060547,20.780000686645508,21.139999389648438,18.32429313659668,8132,,,,,,,,
2024-02-26,21.1200008392334,21.399999618530273,20.950000762939453,21.18000030517578,18.358966827392578,6309,,,,,,,,
2024-02-27,21.299999237060547,21.40999984741211,21.219999313354492,21.40999984741211,18.558332443237305,5292,,,,,,,,
2024-02-28,21.399999618530273,21.719999313354492,21.114700317382812,21.649999618530273,18.766366958618164,5516,,,,,,,,
2024-02-29,21.649999618530273,21.649999618530273,21.010000228881836,21.010000228881836,18.211612701416016,21409,,,,,,,,
2024-03-01,21.040000915527344,21.27239990234375,20.84000015258789,21.059999465942383,18.25495147705078,9336,,,,,,,,
2024-03-04,21.139999389648438,21.520000457763672,21.139999389648438,21.440000534057617,18.584335327148438,5933,,,,,,,,
2024-03-05,21.450000762939453,21.549999237060547,21.25,21.329999923706055,18.48898696899414,7243,,,,,,,,
2024-03-06,21.5,21.770000457763672,21.5,21.559999465942383,18.6883544921875,12723,,,,,,,,
2024-03-07,21.584999084472656,21.6200008392334,21.3799991607666,21.440000534057617,18.584335327148438,2741,,,,,,,,
2024-03-08,21.6200008392334,21.680099487304688,21.610000610351562,21.68000030517578,18.792369842529297,4933,,,,,,,,
2024-03-11,21.700000762939453,21.75,21.270000457763672,21.700000762939453,18.80970573425293,11190,,,,,,,,
2024-03-12,21.690000534057617,21.79990005493164,21.65999984741211,21.780000686645508,18.879051208496094,3956,,,,,,,,
2024-03-13,21.77720069885254,21.96500015258789,21.610000610351562,21.610000610351562,18.7316951751709,13074,,,,,,,,
2024-03-14,21.850000381469727,21.850000381469727,21.270099639892578,21.71500015258789,18.822710037231445,14429,,,,,,,,
2024-03-15,21.799999237060547,21.799999237060547,21.469999313354492,21.469999313354492,18.610340118408203,8812,,,,,,,,
2024-03-18,21.350000381469727,21.610000610351562,21.350000381469727,21.540000915527344,18.6710205078125,1090,,,,,,,,
2024-03-19,21.280000686645508,21.86590003967285,21.181299209594727,21.860000610351562,18.948396682739258,7439,,,,,,,,
2024-03-20,21.889999389648438,21.950000762939453,21.559999465942383,21.559999465942383,18.6883544921875,6237,,,,,,,,
2024-03-21,21.739999771118164,21.899999618530273,21.600000381469727,21.600000381469727,18.723026275634766,6779,,,,,,,,
2024-03-22,21.888700485229492,21.907400131225586,21.81999969482422,21.850000381469727,18.939729690551758,4220,,,,,,,,
2024-03-25,21.68000030517578,21.68000030517578,21.43000030517578,21.549999237060547,18.6796875,9979,,,,,,,,
2024-03-26,20.75,21.582599639892578,20.75,21.520000457763672,18.653682708740234,21563,,,,,,,,
2024-03-27,21.600000381469727,21.600000381469727,21.309999465942383,21.309999465942383,18.471651077270508,7734,,,,,,,,
2024-03-28,21.209999084472656,21.350000381469727,20.15999984741211,20.270000457763672,17.570175170898438,32846,,,,,,,,
2024-04-01,20.510000228881836,21.299999237060547,20.299999237060547,21.280000686645508,18.445650100708008,29594,,,,,,,,
2024-04-02,21.280000686645508,21.280000686645508,20.950000762939453,21.100000381469727,18.28962516784668,16153,,,,,,,,
2024-04-03,21.09000015258789,21.170000076293945,20.95009994506836,21.170000076293945,18.350299835205078,15701,,,,,,,,
2024-04-04,20.816299438476562,20.969999313354492,20.549999237060547,20.969999313354492,18.574508666992188,6495,,,,,,,,
2024-04-05,20.66010093688965,20.889999389648438,20.66010093688965,20.700000762939453,18.335351943969727,4155,,,,,,,,
2024-04-08,20.700000762939453,20.700000762939453,20.5,20.549999237060547,18.202486038208008,13403,,,,,,,,
2024-04-09,20.540000915527344,20.739999771118164,20.165599822998047,20.239999771118164,17.927898406982422,17135,,,,,,,,
2024-04-10,20.06999969482422,20.18000030517578,19.59000015258789,20.18000030517578,17.874753952026367,25873,,,,,,,,
2024-04-11,20.239999771118164,20.239999771118164,19.81999969482422,19.81999969482422,17.555877685546875,7095,,,,,,,,
2024-04-12,19.729999542236328,20.3700008392334,19.729999542236328,19.834999084472656,17.569164276123047,3818,,,,,,,,
2024-04-15,20.469999313354492,20.469999313354492,19.190000534057617,19.190000534057617,16.997846603393555,11708,,,,,,,,
2024-04-16,19.25,19.299999237060547,19.190000534057617,19.229700088500977,17.033010482788086,4897,,,,,,,,
2024-04-17,19.260000228881836,19.3700008392334,19.169099807739258,19.25,17.05099105834961,3828,,,,,,,,
2024-04-18,19.100000381469727,19.18000030517578,18.760000228881836,18.81999969482422,16.67011070251465,21960,,,,,,,,
2024-04-19,19.0,19.06719970703125,18.530000686645508,19.040000915527344,16.864980697631836,7910,,,,,,,,
2024-04-22,19.100000381469727,19.68000030517578,18.829999923706055,19.38990020751953,17.174909591674805,8906,,,,,,,,
2024-04-23,19.40999984741211,19.989999771118164,19.40999984741211,19.989999771118164,17.706459045410156,4218,,,,,,,,
2024-04-24,20.1200008392334,20.1200008392334,19.43000030517578,19.770000457763672,17.5115909576416,4683,,,,,,,,
2024-04-25,19.75,19.75,19.530000686645508,19.530000686645508,17.299007415771484,1830,,,,,,,,
2024-04-26,19.510000228881836,20.170000076293945,19.510000228881836,19.559999465942383,17.325578689575195,5585,,,,,,,,
2024-04-29,19.649999618530273,20.137699127197266,19.59000015258789,20.030000686645508,17.741891860961914,11192,,,,,,,,
2024-04-30,19.704700469970703,20.190099716186523,19.450000762939453,20.010000228881836,17.72417449951172,8624,,,,,,,,
2024-05-01,20.399999618530273,20.399999618530273,19.75,20.190000534057617,17.88361167907715,5754,,,,,,,,
2024-05-02,20.200000762939453,20.227699279785156,20.000099182128906,20.190000534057617,17.88361167907715,3415,,,,,,,,
2024-05-03,20.18000030517578,20.61989974975586,20.18000030517578,20.420000076293945,18.08733558654785,1919,,,,,,,,
2024-05-06,20.604999542236328,20.760000228881836,20.40999984741211,20.40999984741211,18.07847785949707,8902,,,,,,,,
2024-05-07,20.40999984741211,20.54199981689453,20.100000381469727,20.100000381469727,17.803892135620117,5189,,,,,,,,
2024-05-08,20.059999465942383,20.235000610351562,19.860000610351562,19.860000610351562,17.59130859375,4843,,,,,,,,
2024-05-09,20.020000457763672,20.309999465942383,19.850000381469727,20.309999465942383,17.98990249633789,10503,,,,,,,,
2024-05-10,20.040000915527344,20.219999313354492,19.66629981994629,20.219999313354492,17.910184860229492,3644,,,,,,,,
2024-05-13,20.219999313354492,20.581899642944336,19.979999542236328,20.139999389648438,17.839323043823242,2975,,,,,,,,
2024-05-14,20.399999618530273,20.6299991607666,20.389999389648438,20.40489959716797,18.073963165283203,4996,,,,,,,,
2024-05-15,20.399999618530273,20.399999618530273,20.169700622558594,20.350000381469727,18.02533721923828,9423,,,,,,,,
2024-05-16,20.299999237060547,20.350000381469727,20.15999984741211,20.350000381469727,18.02533721923828,4581,,,,,,,,
2024-05-17,20.350000381469727,20.350000381469727,20.18000030517578,20.350000381469727,18.02533721923828,6306,,,,,,,,
2024-05-20,20.350000381469727,20.350000381469727,20.190000534057617,20.290000915527344,17.972187042236328,2537,,,,,,,,
2024-05-21,20.139999389648438,20.350000381469727,20.049999237060547,20.350000381469727,18.02533721923828,9476,,,,,,,,
2024-05-22,20.099300384521484,20.34000015258789,20.099300384521484,20.34000015258789,18.016477584838867,5943,,,,,,,,
2024-05-23,20.219999313354492,20.325599670410156,20.1200008392334,20.1200008392334,17.82160758972168,7420,,,,,,,,
2024-05-24,19.950000762939453,20.440000534057617,19.950000762939453,20.440000534057617,18.105051040649414,4428,,,,,,,,
2024-05-28,20.6299991607666,20.649999618530273,20.520200729370117,20.649999618530273,18.29106330871582,6588,,,,,,,,
2024-05-29,20.649999618530273,20.649999618530273,20.399999618530273,20.399999618530273,18.069618225097656,2704,,,,,,,,
2024-05-30,20.260000228881836,20.520000457763672,20.260000228881836,20.479999542236328,18.140483856201172,4017,,,,,,,,
2024-05-31,20.639999389648438,20.639999389648438,20.360000610351562,20.360000610351562,18.03419303894043,6784,,,,,,,,
2024-06-03,20.399999618530273,20.629100799560547,20.219999313354492,20.25,17.936758041381836,6820,,,,,,,,
2024-06-04,20.420000076293945,20.649900436401367,20.299999237060547,20.463199615478516,18.125600814819336,5215,,,,,,,,
2024-06-05,20.58650016784668,20.809999465942383,20.100000381469727,20.739999771118164,18.37078094482422,20096,,,,,,,,
2024-06-06,20.739999771118164,20.809999465942383,20.65999984741211,20.66990089416504,18.308692932128906,5046,,,,,,,,
2024-06-07,20.35890007019043,20.656400680541992,20.35890007019043,20.656400680541992,18.296733856201172,2279,,,,,,,,
2024-06-10,20.729999542236328,20.729999542236328,20.2549991607666,20.549999237060547,18.202486038208008,4498,,,,,,,,
2024-06-11,20.399999618530273,20.610000610351562,20.399999618530273,20.549999237060547,18.202486038208008,5849,,,,,,,,
2024-06-12,20.510000228881836,20.8700008392334,20.510000228881836,20.739999771118164,18.37078094482422,4392,,,,,,,,
2024-06-13,20.739999771118164,20.739999771118164,20.549999237060547,20.579999923706055,18.22905731201172,2826,,,,,,,,
2024-06-14,20.579999923706055,20.68000030517578,20.350000381469727,20.440000534057617,18.105051040649414,4120,,,,,,,,
2024-06-17,20.5,20.56999969482422,20.440000534057617,20.450000762939453,18.113910675048828,7345,,,,,,,,
2024-06-18,20.450000762939453,20.540000915527344,20.450000762939453,20.540000915527344,18.19363021850586,1866,,,,,,,,
2024-06-20,20.469999313354492,20.559999465942383,20.469999313354492,20.559999465942383,18.21134376525879,8463,,,,,,,,
2024-06-21,20.84000015258789,20.84000015258789,20.510000228881836,20.520000457763672,18.17591667175293,1873,,,,,,,,
2024-06-24,20.559999465942383,20.75,20.5,20.635000228881836,18.27777671813965,4452,,,,,,,,
2024-06-25,20.780000686645508,20.829999923706055,20.6299991607666,20.799999237060547,18.42392921447754,5041,,,,,,,,
2024-06-26,20.610000610351562,20.75,20.510000228881836,20.649999618530273,18.29106330871582,11566,,,,,,,,
2024-06-27,20.459999084472656,20.950000762939453,20.459999084472656,20.760700225830078,18.389118194580078,6571,,,,,,,,
2024-06-28,20.950000762939453,21.027999877929688,20.75,20.799999237060547,18.42392921447754,5242,,,,,,,,
2024-07-01,20.989999771118164,20.989999771118164,20.709999084472656,20.950000762939453,18.556793212890625,11775,,,,,,,,
2024-07-02,20.950000762939453,21.06999969482422,20.8799991607666,20.988399505615234,18.59080696105957,4794,,,,,,,,
2024-07-03,21.079999923706055,21.309999465942383,20.969999313354492,21.190000534057617,18.76937484741211,7101,,,,,,,,
2024-07-05,20.959999084472656,21.420000076293945,20.760000228881836,20.760000228881836,18.790307998657227,7658,,,,,,,,
2024-07-08,20.774999618530273,20.899999618530273,20.540000915527344,20.559999465942383,18.609283447265625,7225,,,,,,,,
2024-07-09,20.639999389648438,20.639999389648438,19.559999465942383,19.940000534057617,18.04810905456543,15166,,,,,,,,
2024-07-10,19.979999542236328,20.280000686645508,19.700000762939453,20.280000686645508,18.355850219726562,44224,,,,,,,,
2024-07-11,20.299999237060547,20.5,20.299999237060547,20.43000030517578,18.49161720275879,5001,,,,,,,,
2024-07-12,20.65999984741211,20.81999969482422,20.43000030517578,20.610000610351562,18.654539108276367,9260,,,,,,,,
2024-07-15,20.729999542236328,20.825000762939453,20.600000381469727,20.825000762939453,18.849140167236328,12599,,,,,,,,
2024-07-16,20.959999084472656,21.059900283813477,20.829999923706055,20.8799991607666,18.8989200592041,3978,,,,,,,,
2024-07-17,20.700000762939453,20.889999389648438,20.700000762939453,20.889999389648438,18.907974243164062,2510,,,,,,,,
2024-07-18,20.8700008392334,20.889999389648438,20.700000762939453,20.700000762939453,18.736000061035156,3749,,,,,,,,
2024-07-19,20.700000762939453,20.899999618530273,20.700000762939453,20.899999618530273,18.917024612426758,883,,,,,,,,
2024-07-22,21.030000686645508,21.179899215698242,20.889999389648438,21.139999389648438,19.134252548217773,12862,,,,,,,,
2024-07-23,21.200000762939453,21.360000610351562,21.170000076293945,21.325000762939453,19.30170249938965,9488,,,,,,,,
2024-07-24,21.479999542236328,21.479999542236328,21.049999237060547,21.079999923706055,19.079946517944336,4445,,,,,,,,
2024-07-25,21.145000457763672,21.25,21.049999237060547,21.049999237060547,19.052791595458984,3251,,,,,,,,
2024-07-26,21.049999237060547,21.25,21.049999237060547,21.25,19.23381805419922,1818,,,,,,,,
2024-07-29,21.299999237060547,21.299999237060547,21.110000610351562,21.15690040588379,19.14954948425293,3245,,,,,,,,
2024-07-30,21.34000015258789,21.34000015258789,21.03070068359375,21.190000534057617,19.17951011657715,5336,,,,,,,,
2024-07-31,21.31999969482422,21.479999542236328,21.190000534057617,21.479999542236328,19.44199562072754,12763,,,,,,,,
2024-08-01,21.299999237060547,21.43000030517578,21.25,21.25,19.23381805419922,11249,,,,,,,,
2024-08-02,21.149999618530273,21.33989906311035,21.149999618530273,21.219999313354492,19.206663131713867,7982,,,,,,,,
2024-08-05,21.030000686645508,21.270000457763672,20.84000015258789,21.0,19.007535934448242,29698,,,,,,,,
2024-08-06,21.0,21.389999389648438,20.969999313354492,21.290000915527344,19.270023345947266,3187,,,,,,,,
2024-08-07,21.149999618530273,21.450000762939453,21.03499984741211,21.25,19.23381805419922,4932,,,,,,,,
2024-08-08,21.25,21.75,21.25,21.75,19.686378479003906,9152,,,,,,,,
2024-08-09,21.510000228881836,21.75,21.260000228881836,21.610000610351562,19.559661865234375,4553,,,,,,,,
2024-08-12,21.649999618530273,21.739900588989258,21.450000762939453,21.649999618530273,19.59586524963379,5025,,,,,,,,
2024-08-13,21.81999969482422,21.989999771118164,21.753299713134766,21.989999771118164,19.903606414794922,8289,,,,,,,,
2024-08-14,21.709999084472656,21.959999084472656,21.709999084472656,21.899999618530273,19.8221435546875,17768,,,,,,,,
2024-08-15,21.940000534057617,22.1299991607666,21.899999618530273,22.09000015258789,19.99411964416504,16181,,,,,,,,
2024-08-16,22.049999237060547,22.219999313354492,21.9242000579834,22.049999237060547,19.957914352416992,15919,,,,,,,,
2024-08-19,21.90999984741211,21.90999984741211,21.350000381469727,21.649999618530273,19.59586524963379,27089,,,,,,,,
2024-08-20,21.649999618530273,21.649999618530273,21.514999389648438,21.649999618530273,19.59586524963379,23629,,,,,,,,
2024-08-21,21.700000762939453,21.808399200439453,21.700000762939453,21.729999542236328,19.668275833129883,3165,,,,,,,,
2024-08-22,21.65999984741211,21.899999618530273,21.65999984741211,21.84000015258789,19.767839431762695,4217,,,,,,,,
2024-08-23,22.030000686645508,22.049999237060547,21.690000534057617,21.859899520874023,19.78584861755371,3386,,,,,,,,
2024-08-26,21.649999618530273,22.049999237060547,21.649999618530273,22.049999237060547,19.957914352416992,12638,,,,,,,,
2024-08-27,21.8799991607666,22.049999237060547,20.850000381469727,22.010000228881836,19.921710968017578,12378,,,,,,,,
2024-08-28,21.559999465942383,21.950000762939453,21.530000686645508,21.950000762939453,19.867401123046875,10440,,,,,,,,
2024-08-29,21.950000762939453,22.049999237060547,21.950000762939453,22.049999237060547,19.957914352416992,8710,,,,,,,,
2024-08-30,22.079999923706055,22.399999618530273,22.05739974975586,22.219999313354492,20.11178207397461,15473,,,,,,,,
2024-09-03,22.229999542236328,22.229999542236328,22.010099411010742,22.149999618530273,20.04842758178711,6125,,,,,,,,
2024-09-04,22.1200008392334,22.31999969482422,22.010000228881836,22.25,20.138938903808594,5982,,,,,,,,
2024-09-05,22.40999984741211,22.40999984741211,22.200000762939453,22.200000762939453,20.09368133544922,17569,,,,,,,,
2024-09-06,22.299999237060547,22.299999237060547,22.1299991607666,22.25,20.138938903808594,4299,,,,,,,,
2024-09-09,22.200000762939453,22.280000686645508,22.149900436401367,22.25,20.138938903808594,10741,,,,,,,,
2024-09-10,22.25,22.325000762939453,22.1299991607666,22.25,20.138938903808594,7244,,,,,,,,
2024-09-11,22.299999237060547,22.347700119018555,22.229999542236328,22.25,20.138938903808594,6052,,,,,,,,
2024-09-12,22.329999923706055,22.399900436401367,22.280000686645508,22.31999969482422,20.202295303344727,6333,,,,,,,,
2024-09-13,22.229999542236328,22.38990020751953,22.219999313354492,22.333999633789062,20.2149658203125,9532,,,,,,,,
2024-09-16,22.329999923706055,22.499900817871094,22.329999923706055,22.450000762939453,20.319963455200195,38681,,,,,,,,
2024-09-17,22.450000762939453,22.729999542236328,22.1200008392334,22.729999542236328,20.573396682739258,35167,,,,,,,,
2024-09-18,22.489999771118164,22.799999237060547,22.450000762939453,22.56999969482422,20.42857551574707,10731,,,,,,,,
2024-09-19,22.59000015258789,22.822500228881836,22.59000015258789,22.790000915527344,20.627702713012695,247431,,,,,,,,
2024-09-20,22.790000915527344,22.97260093688965,22.790000915527344,22.81999969482422,20.654857635498047,25228,,,,,,,,
2024-09-23,22.895000457763672,22.978500366210938,22.81999969482422,22.834999084472656,20.668432235717773,18516,,,,,,,,
2024-09-24,22.790000915527344,22.938600540161133,22.775400161743164,22.850000381469727,20.682010650634766,15046,,,,,,,,
2024-09-25,22.880699157714844,22.920000076293945,22.84000015258789,22.899999618530273,20.727266311645508,6464,,,,,,,,
2024-09-26,22.780000686645508,22.950000762939453,22.780000686645508,22.899999618530273,20.727266311645508,12306,,,,,,,,
2024-09-27,22.949899673461914,22.949899673461914,22.780000686645508,22.907499313354492,20.734054565429688,9559,,,,,,,,
2024-09-30,22.857799530029297,22.950000762939453,22.850000381469727,22.950000762939453,20.77252197265625,40692,,,,,,,,
2024-10-01,22.920000076293945,23.420000076293945,22.920000076293945,23.40999984741211,21.188879013061523,10595,,,,,,,,
2024-10-02,23.40999984741211,23.489999771118164,22.899999618530273,23.100000381469727,20.90829086303711,31803,,,,,,,,
2024-10-03,23.110000610351562,23.299999237060547,23.06999969482422,23.299999237060547,21.089313507080078,35374,,,,,,,,
2024-10-04,22.979999542236328,22.979999542236328,22.770000457763672,22.93000030517578,21.166046142578125,20418,,,,,,,,
2024-10-07,22.600000381469727,22.850000381469727,22.33009910583496,22.6200008392334,20.879894256591797,16535,,,,,,,,
2024-10-08,22.43000030517578,22.639999389648438,22.43000030517578,22.600000381469727,20.861434936523438,7872,,,,,,,,
2024-10-09,22.760000228881836,22.770000457763672,22.639999389648438,22.770000457763672,21.018354415893555,10705,,,,,,,,
2024-10-10,22.81999969482422,23.049999237060547,22.665000915527344,22.82979965209961,21.07355308532715,6812,,,,,,,,
2024-10-11,23.170000076293945,23.170000076293945,22.858999252319336,23.049999237060547,21.276811599731445,11631,,,,,,,,
2024-10-14,23.1299991607666,23.1299991607666,23.0,23.06999969482422,21.29527473449707,62607,,,,,,,,
2024-10-15,23.139999389648438,23.399999618530273,23.110000610351562,23.110000610351562,21.332199096679688,24996,,,,,,,,
2024-10-16,23.670000076293945,23.670000076293945,23.172800064086914,23.350000381469727,21.553735733032227,10285,,,,,,,,
2024-10-17,23.3799991607666,23.7189998626709,23.299999237060547,23.389999389648438,21.59065818786621,7830,,,,,,,,
2024-10-18,23.663799285888672,23.663799285888672,23.068199157714844,23.20009994506836,21.415367126464844,6398,,,,,,,,
2024-10-21,23.329999923706055,23.329999923706055,23.06999969482422,23.100000381469727,21.322965621948242,14956,,,,,,,,
2024-10-22,23.049999237060547,23.350000381469727,23.0,23.350000381469727,21.553735733032227,4931,,,,,,,,
2024-10-23,23.350000381469727,23.350000381469727,23.049999237060547,23.049999237060547,21.276811599731445,13193,,,,,,,,
2024-10-24,23.299999237060547,23.389999389648438,23.1200008392334,23.389999389648438,21.59065818786621,12406,,,,,,,,
2024-10-25,23.334999084472656,23.450000762939453,23.299999237060547,23.450000762939453,21.64604377746582,2071,,,,,,,,
2024-10-28,23.260000228881836,23.670000076293945,23.260000228881836,23.670000076293945,21.849117279052734,4136,,,,,,,,
2024-10-29,23.579999923706055,23.579999923706055,23.170000076293945,23.204999923706055,21.419889450073242,7278,,,,,,,,
2024-10-30,23.170000076293945,23.170000076293945,22.739999771118164,23.100000381469727,21.322965621948242,5395,,,,,,,,
2024-10-31,23.100000381469727,23.100000381469727,22.600000381469727,22.780000686645508,21.027584075927734,14714,,,,,,,,
2024-11-01,23.0,23.0,22.600000381469727,22.600000381469727,20.861434936523438,14634,,,,,,,,
2024-11-04,22.93000030517578,22.93000030517578,22.700000762939453,22.75,20.999893188476562,8734,,,,,,,,
2024-11-05,22.989999771118164,23.030000686645508,22.799999237060547,23.0,21.23065948486328,23997,,,,,,,,
2024-11-06,22.81999969482422,23.100000381469727,22.799999237060547,23.0,21.23065948486328,21426,,,,,,,,
2024-11-07,22.950000762939453,23.350000381469727,22.950000762939453,23.315399169921875,21.52179527282715,5475,,,,,,,,
2024-11-08,23.450000762939453,23.770000457763672,23.450000762939453,23.59000015258789,21.7752742767334,28116,,,,,,,,
2024-11-11,23.61680030822754,23.61680030822754,23.270000457763672,23.334999084472656,21.539888381958008,21135,,,,,,,,
2024-11-12,23.25,23.321500778198242,22.973899841308594,23.200000762939453,21.41527557373047,9559,,,,,,,,
2024-11-13,23.219999313354492,23.314199447631836,22.90999984741211,23.010000228881836,21.239891052246094,20786,,,,,,,,
2024-11-14,23.0,23.047800064086914,22.950000762939453,23.0,21.23065948486328,3056,,,,,,,,
2024-11-15,22.950000762939453,23.100000381469727,22.809999465942383,22.809999465942383,21.05527687072754,5274,,,,,,,,
2024-11-18,22.809999465942383,22.84000015258789,22.639999389648438,22.84000015258789,21.082969665527344,5948,,,,,,,,
2024-11-19,22.639999389648438,22.8799991607666,22.270000457763672,22.350200653076172,20.630847930908203,7391,,,,,,,,
2024-11-20,22.110000610351562,22.566600799560547,22.110000610351562,22.459999084472656,20.732200622558594,5748,,,,,,,,
2024-11-21,22.399999618530273,22.920000076293945,22.399999618530273,22.90999984741211,21.1475830078125,10504,,,,,,,,
2024-11-22,22.920000076293945,23.049999237060547,22.920000076293945,23.020000457763672,21.249122619628906,10547,,,,,,,,
2024-11-25,23.34000015258789,23.489900588989258,23.310699462890625,23.34000015258789,21.544504165649414,21927,,,,,,,,
2024-11-26,23.50659942626953,23.50659942626953,23.190000534057617,23.239999771118164,21.452199935913086,3653,,,,,,,,
2024-11-27,23.020000457763672,23.56999969482422,23.020000457763672,23.5,21.692197799682617,9739,,,,,,,,
2024-11-29,23.549999237060547,23.6299991607666,23.200000762939453,23.200000762939453,21.41527557373047,7847,,,,,,,,
2024-12-02,23.389999389648438,23.389999389648438,23.1200008392334,23.290000915527344,21.498353958129883,4224,,,,,,,,
2024-12-03,23.1200008392334,23.420000076293945,23.1200008392334,23.420000076293945,21.618350982666016,2455,,,,,,,,
2024-12-04,23.489999771118164,23.5,23.17099952697754,23.18000030517578,21.396812438964844,11947,,,,,,,,
2024-12-05,23.18000030517578,23.350000381469727,23.18000030517578,23.18000030517578,21.396812438964844,30428,,,,,,,,
2024-12-06,23.399999618530273,23.399999618530273,23.040000915527344,23.100000381469727,21.322965621948242,11545,,,,,,,,
2024-12-09,22.969999313354492,23.200000762939453,22.8528995513916,23.149999618530273,21.369121551513672,5174,,,,,,,,
2024-12-10,22.979999542236328,23.139999389648438,22.899999618530273,23.09000015258789,21.313735961914062,3397,,,,,,,,
2024-12-11,23.040000915527344,23.040000915527344,22.760000228881836,22.770000457763672,21.018354415893555,4837,,,,,,,,
2024-12-12,22.75,22.940000534057617,22.75,22.760000228881836,21.009124755859375,9463,,,,,,,,
2024-12-13,22.760000228881836,23.040000915527344,22.520000457763672,22.75,20.999893188476562,12792,,,,,,,,
2024-12-16,22.649999618530273,22.905000686645508,22.649999618530273,22.770000457763672,21.018354415893555,3771,,,,,,,,
2024-12-17,22.920000076293945,23.030099868774414,22.520000457763672,22.520000457763672,20.78758430480957,12912,,,,,,,,
2024-12-18,22.65999984741211,22.95989990234375,22.350000381469727,22.389999389648438,20.667583465576172,11378,,,,,,,,
2024-12-19,22.270000457763672,22.600000381469727,21.66390037536621,21.943199157714844,20.255159378051758,12112,,,,,,,,
2024-12-20,21.969999313354492,22.520000457763672,21.969999313354492,22.520000457763672,20.78758430480957,15417,,,,,,,,
2024-12-23,22.520000457763672,22.780000686645508,22.24650001525879,22.780000686645508,21.027584075927734,12573,,,,,,,,
2024-12-24,22.600000381469727,22.600000381469727,22.299999237060547,22.299999237060547,20.584508895874023,15510,,,,,,,,
2024-12-26,22.600000381469727,22.600000381469727,22.010000228881836,22.360000610351562,20.639894485473633,26519,,,,,,,,
2024-12-27,22.360000610351562,22.530000686645508,22.15999984741211,22.15999984741211,20.455280303955078,13356,,,,,,,,
2024-12-30,22.18000030517578,22.540000915527344,22.18000030517578,22.235000610351562,20.52450942993164,7774,,,,,,,,
2024-12-31,22.239999771118164,22.940000534057617,22.239999771118164,22.940000534057617,21.175275802612305,21572,,,,,,,,
2025-01-02,22.729999542236328,22.940000534057617,22.65999984741211,22.93000030517578,21.166046142578125,16859,,,,,,,,
2025-01-03,22.5,22.600000381469727,22.36009979248047,22.600000381469727,21.281991958618164,4623,,,,,,,,
2025-01-06,22.399999618530273,22.510000228881836,22.354999542236328,22.450000762939453,21.140737533569336,5178,,,,,,,,
2025-01-07,22.5,22.600000381469727,22.299999237060547,22.540000915527344,21.225488662719727,11026,,,,,,,,
2025-01-08,22.239700317382812,22.399999618530273,22.229999542236328,22.3700008392334,21.06540298461914,9754,,,,,,,,
2025-01-10,22.214399337768555,22.535499572753906,21.75,21.75,20.48155975341797,6549,,,,,,,,
2025-01-13,21.65999984741211,21.65999984741211,21.010000228881836,21.09000015258789,19.860050201416016,7221,,,,,,,,
2025-01-14,21.350000381469727,21.350000381469727,20.610000610351562,20.8351993560791,19.62010955810547,8541,,,,,,,,
2025-01-15,21.100000381469727,21.90999984741211,21.100000381469727,21.600000381469727,20.340309143066406,15623,,,,,,,,
2025-01-16,21.739999771118164,22.0,21.382600784301758,21.75,20.48155975341797,18063,,,,,,,,
2025-01-17,21.780000686645508,22.170000076293945,21.760000228881836,21.899999618530273,20.622812271118164,7798,,,,,,,,
2025-01-21,21.950000762939453,22.559999465942383,21.709999084472656,22.559999465942383,21.244321823120117,11933,,,,,,,,
2025-01-22,22.600000381469727,22.600000381469727,22.04330062866211,22.399999618530273,21.093652725219727,5645,,,,,,,,
2025-01-23,22.329999923706055,22.45170021057129,20.959999084472656,21.920000076293945,20.641647338867188,51846,,,,,,,,
2025-01-24,22.058000564575195,22.170000076293945,21.760000228881836,22.15999984741211,20.867650985717773,3933,,,,,,,,
2025-01-27,21.885099411010742,22.600000381469727,21.885099411010742,22.600000381469727,21.281991958618164,11319,,,,,,,,
2025-01-28,22.600000381469727,22.649999618530273,22.110599517822266,22.649999618530273,21.329072952270508,3505,,,,,,,,
2025-01-29,22.600000381469727,22.600000381469727,22.006099700927734,22.434999465942383,21.126611709594727,8951,,,,,,,,
2025-01-30,22.440000534057617,22.530000686645508,22.356399536132812,22.530000686645508,21.21607208251953,6899,,,,,,,,
2025-01-31,22.329999923706055,22.56999969482422,22.280000686645508,22.280000686645508,20.98065185546875,5022,,,,,,,,
2025-02-03,22.0,22.530000686645508,22.0,22.530000686645508,21.21607208251953,11860,,,,,,,,
2025-02-04,22.69099998474121,22.69099998474121,22.2450008392334,22.31999969482422,21.01831817626953,19532,,,,,,,,
2025-02-05,22.56999969482422,22.56999969482422,22.329999923706055,22.399999618530273,21.093652725219727,10247,,,,,,,,
2025-02-06,22.75,22.75,22.299999237060547,22.350000381469727,21.046567916870117,3623,,,,,,,,
2025-02-07,22.270000457763672,22.342100143432617,21.969999313354492,22.30500030517578,21.004194259643555,7571,,,,,,,,
2025-02-10,22.299999237060547,22.309999465942383,22.200000762939453,22.200000762939453,20.905317306518555,9155,,,,,,,,
2025-02-11,22.290000915527344,22.290000915527344,22.0,22.010000228881836,20.726398468017578,9795,,,,,,,,
2025-02-12,22.0,22.305999755859375,21.809999465942383,22.005699157714844,20.722347259521484,15887,,,,,,,,
2025-02-13,22.020000457763672,22.172279357910156,22.0,22.0,20.71697998046875,6104,,,,,,,,
2025-02-14,22.149999618530273,22.149999618530273,22.010000228881836,22.010000228881836,20.726398468017578,1924,,,,,,,,
2025-02-18,22.0,22.3700008392334,21.799999237060547,21.860000610351562,20.585145950317383,37308,,,,,,,,
2025-02-19,21.722900390625,21.899999618530273,21.649999618530273,21.709999084472656,20.443891525268555,12434,,,,,,,,
2025-02-20,21.799999237060547,21.829999923706055,21.360000610351562,21.815000534057617,20.542770385742188,19552,,,,,,,,
2025-02-21,21.760000228881836,21.760000228881836,21.40999984741211,21.719999313354492,20.453310012817383,18722,,,,,,,,
2025-02-24,21.850000381469727,21.850000381469727,21.510000228881836,21.520000457763672,20.26497459411621,27113,,,,,,,,
2025-02-25,21.600000381469727,22.15999984741211,21.59000015258789,21.950000762939453,20.669898986816406,8328,,,,,,,,
2025-02-26,21.809999465942383,22.0,21.68000030517578,22.0,20.71697998046875,10317,,,,,,,,
2025-02-27,21.790000915527344,22.0049991607666,21.579999923706055,22.0049991607666,20.721689224243164,7711,,,,,,,,
2025-02-28,21.959999084472656,22.269899368286133,21.889999389648438,22.110000610351562,20.820566177368164,6425,,,,,,,,
2025-03-03,22.239999771118164,22.65999984741211,22.239999771118164,22.65999984741211,21.338489532470703,5489,,,,,,,,
2025-03-04,22.65999984741211,22.860000610351562,22.299999237060547,22.860000610351562,21.52682876586914,12796,,,,,,,,
2025-03-05,22.959999084472656,22.959999084472656,22.68000030517578,22.690000534057617,21.366741180419922,3567,,,,,,,,
2025-03-06,22.692899703979492,22.700000762939453,22.299999237060547,22.31999969482422,21.01831817626953,8390,,,,,,,,
2025-03-07,22.459999084472656,22.88990020751953,22.209999084472656,22.6200008392334,21.300825119018555,3198,,,,,,,,
2025-03-10,22.684999465942383,22.75,22.5,22.700000762939453,21.376157760620117,15059,,,,,,,,
2025-03-11,22.6200008392334,22.799999237060547,22.600000381469727,22.709999084472656,21.385574340820312,8990,,,,,,,,
2025-03-12,22.709999084472656,22.850000381469727,22.579999923706055,22.850000381469727,21.517410278320312,10287,,,,,,,,
2025-03-13,23.299999237060547,23.299999237060547,22.6299991607666,22.739999771118164,21.4138240814209,23266,,,,,,,,
2025-03-14,22.72369956970215,22.850000381469727,22.43000030517578,22.43000030517578,21.121902465820312,4901,,,,,,,,
2025-03-17,22.43000030517578,22.639999389648438,22.43000030517578,22.489999771118164,21.178403854370117,4707,,,,,,,,
2025-03-18,22.489999771118164,22.70989990234375,22.399999618530273,22.600000381469727,21.281991958618164,5217,,,,,,,,
2025-03-19,22.610000610351562,22.700000762939453,22.399999618530273,22.700000762939453,21.376157760620117,2362,,,,,,,,
2025-03-20,22.700000762939453,22.700000762939453,22.700000762939453,22.700000762939453,21.376157760620117,0,,,,,,,,
2025-03-21,22.790199279785156,22.979999542236328,22.700000762939453,22.940000534057617,21.602161407470703,3392,,,,,,,,
2025-03-24,22.950000762939453,22.950000762939453,22.640100479125977,22.640100479125977,21.319751739501953,2845,,,,,,,,
2025-03-25,22.799999237060547,22.799999237060547,22.61989974975586,22.61989974975586,21.300729751586914,1681,,,,,,,,
2025-03-26,22.670000076293945,22.739900588989258,22.5,22.739900588989258,21.41373062133789,6586,,,,,,,,
2025-03-27,22.600000381469727,22.6299991607666,22.350000381469727,22.6200008392334,21.300825119018555,12604,,,,,,,,
2025-03-28,22.520000457763672,22.700000762939453,22.5,22.5,21.187820434570312,2581,,,,,,,,
2025-03-31,22.600000381469727,22.760000228881836,22.350000381469727,22.350000381469727,21.046567916870117,110509,,,,,,,,
2025-04-01,22.459999084472656,22.579999923706055,22.459999084472656,22.579999923706055,21.26315689086914,2311,,,,,,,,
2025-04-02,22.989999771118164,22.989999771118164,22.469999313354492,22.672500610351562,21.350261688232422,2866,,,,,,,,
2025-04-03,22.459999084472656,22.78499984741211,22.25,22.549999237060547,21.23490333557129,20573,,,,,,,,
2025-04-04,21.889999389648438,22.049999237060547,21.354999542236328,21.5,20.661314010620117,17253,,,,,,,,
2025-04-07,21.110000610351562,21.190000534057617,20.06999969482422,20.399999618530273,19.60422134399414,14936,,,,,,,,
2025-04-08,20.549999237060547,21.151100158691406,19.84000015258789,19.84000015258789,19.066068649291992,8100,,,,,,,,
2025-04-09,19.829999923706055,20.549999237060547,19.360000610351562,20.549999237060547,19.748369216918945,18801,,,,,,,,
2025-04-10,19.989999771118164,20.450000762939453,19.600000381469727,19.920000076293945,19.142948150634766,2018,,,,,,,,
2025-04-11,20.1200008392334,20.1200008392334,19.84000015258789,20.09000015258789,19.30631446838379,2964,,,,,,,,
2025-04-14,20.149999618530273,21.023000717163086,20.1299991607666,20.420000076293945,19.623441696166992,6150,,,,,,,,
2025-04-15,20.65999984741211,21.23150062561035,20.510000228881836,20.84000015258789,20.02705955505371,8625,,,,,,,,
2025-04-16,20.850000381469727,21.514999389648438,20.850000381469727,21.260000228881836,20.430675506591797,20958,,,,,,,,
2025-04-17,21.260000228881836,21.422800064086914,21.200000762939453,21.40999984741211,20.5748233795166,3661,,,,,,,,
2025-04-21,21.299999237060547,21.31999969482422,20.989999771118164,20.989999771118164,20.171207427978516,6578,,,,,,,,
2025-04-22,21.149999618530273,21.19499969482422,21.149999618530273,21.188400268554688,20.361867904663086,4205,,,,,,,,
2025-04-23,21.540000915527344,21.739999771118164,21.43000030517578,21.43000030517578,20.594043731689453,5520,,,,,,,,
2025-04-24,21.989999771118164,22.149999618530273,21.93000030517578,21.969999313354492,21.112977981567383,8868,,,,,,,,
2025-04-25,21.989999771118164,22.18000030517578,21.8799991607666,22.18000030517578,21.314788818359375,2624,,,,,,,,
2025-04-28,22.110000610351562,22.649999618530273,22.057600021362305,22.540000915527344,21.66074562072754,10400,,,,,,,,
2025-04-29,22.540000915527344,22.540000915527344,22.440000534057617,22.440000534057617,21.56464385986328,3593,,,,,,,,
2025-04-30,22.290000915527344,22.600000381469727,22.219999313354492,22.600000381469727,21.71840476989746,4604,,,,,,,,
2025-05-01,22.459999084472656,22.614999771118164,22.350000381469727,22.399999618530273,21.52620506286621,2098,,,,,,,,
2025-05-02,22.520000457763672,22.520000457763672,22.43000030517578,22.440000534057617,21.56464385986328,3230,,,,,,,,
2025-05-05,22.399999618530273,22.420000076293945,22.299999237060547,22.34000015258789,21.46854591369629,3078,,,,,,,,
2025-05-06,22.209999084472656,22.31999969482422,22.098499298095703,22.110000610351562,21.24751853942871,9970,,,,,,,,
2025-05-07,22.1299991607666,22.40999984741211,22.059999465942383,22.350000381469727,21.4781551361084,8115,,,,,,,,
2025-05-08,22.260000228881836,22.34000015258789,22.08799934387207,22.25,21.382057189941406,2131,,,,,,,,
2025-05-09,22.34000015258789,22.450000762939453,22.2549991607666,22.360000610351562,21.48776626586914,2708,,,,,,,,
2025-05-12,22.450000762939453,22.700000762939453,22.450000762939453,22.700000762939453,21.814502716064453,6303,,,,,,,,
2025-05-13,22.396799087524414,22.798599243164062,22.396799087524414,22.510000228881836,21.631916046142578,13698,,,,,,,,
2025-05-14,22.432199478149414,22.8799991607666,22.425500869750977,22.709999084472656,21.824111938476562,30278,,,,,,,,
2025-05-15,22.860000610351562,23.0,22.760000228881836,22.799999237060547,21.910600662231445,11284,,,,,,,,
2025-05-16,23.0,23.0,22.7450008392334,22.799999237060547,21.910600662231445,1312,,,,,,,,
2025-05-19,22.563100814819336,22.729999542236328,22.563100814819336,22.65999984741211,21.77606201171875,9361,,,,,,,,
2025-05-20,22.43000030517578,22.777099609375,22.43000030517578,22.540000915527344,21.66074562072754,6671,,,,,,,,
2025-05-21,22.479999542236328,22.540000915527344,22.1200008392334,22.209999084472656,21.343616485595703,9516,,,,,,,,
2025-05-22,22.190000534057617,22.40999984741211,21.940000534057617,22.309999465942383,21.439716339111328,3280,,,,,,,,
2025-05-23,22.15999984741211,22.479999542236328,22.15999984741211,22.299999237060547,21.430105209350586,3766,,,,,,,,
2025-05-27,22.360000610351562,22.469999313354492,22.31100082397461,22.459999084472656,21.583864212036133,3916,,,,,,,,
2025-05-28,22.260000228881836,22.3125,22.149999618530273,22.200000762939453,21.334007263183594,4647,,,,,,,,
2025-05-29,22.170000076293945,22.230499267578125,22.170000076293945,22.209999084472656,21.343616485595703,2033,,,,,,,,
2025-05-30,23.0,23.0,22.200000762939453,22.270000457763672,21.401277542114258,1914,,,,,,,,
2025-06-02,22.309999465942383,22.309999465942383,21.993099212646484,22.059999465942383,21.199466705322266,8500,,,,,,,,
2025-06-03,22.280000686645508,22.360000610351562,22.049999237060547,22.299999237060547,21.430105209350586,4314,,,,,,,,
2025-06-04,22.2450008392334,22.428800582885742,22.200000762939453,22.200000762939453,21.334007263183594,7516,,,,,,,,
2025-06-05,22.6299991607666,22.75,22.25,22.299999237060547,21.430105209350586,5875,,,,,,,,
2025-06-06,22.299999237060547,22.299999237060547,22.239999771118164,22.25,21.382057189941406,1509,,,,,,,,
2025-06-09,22.200000762939453,22.20009994506836,22.170000076293945,22.200000762939453,21.334007263183594,1382,,,,,,,,
2025-06-10,22.24180030822754,22.340999603271484,22.24180030822754,22.280000686645508,21.410886764526367,3935,,,,,,,,
2025-06-11,22.59000015258789,22.59000015258789,22.281200408935547,22.309999465942383,21.439716339111328,23003,,,,,,,,
2025-06-12,22.3700008392334,22.3700008392334,22.25,22.25,21.382057189941406,5089,,,,,,,,
2025-06-13,22.149999618530273,22.200000762939453,22.149999618530273,22.200000762939453,21.334007263183594,857,,,,,,,,
2025-06-16,22.350000381469727,22.350000381469727,22.200000762939453,22.200000762939453,21.334007263183594,2203,,,,,,,,
2025-06-17,21.801300048828125,22.100000381469727,21.801300048828125,22.100000381469727,21.2379093170166,1157,,,,,,,,
2025-06-18,21.850000381469727,22.225000381469727,21.850000381469727,22.149999618530273,21.28595733642578,1808,,,,,,,,
2025-06-20,22.32979965209961,22.329999923706055,22.229999542236328,22.229999542236328,21.362836837768555,3051,,,,,,,,
2025-06-23,22.350000381469727,22.350000381469727,22.229999542236328,22.34000015258789,21.46854591369629,5103,,,,,,,,
2025-06-24,22.348899841308594,22.436399459838867,22.348899841308594,22.43000030517578,21.555034637451172,6548,,,,,,,,
2025-06-25,22.328500747680664,22.56999969482422,22.328500747680664,22.420000076293945,21.545425415039062,4710,,,,,,,,
2025-06-26,22.43000030517578,22.56999969482422,22.43000030517578,22.479999542236328,21.603084564208984,9278,,,,,,,,
2025-06-27,22.59000015258789,22.59000015258789,22.100000381469727,22.100000381469727,21.2379093170166,5587,,,,,,,,
2025-06-30,22.49250030517578,22.49250030517578,21.770000457763672,21.8799991607666,21.0264892578125,36460,,,,,,,,
2025-07-01,21.920000076293945,22.520000457763672,21.920000076293945,22.350000381469727,21.4781551361084,11606,,,,,,,,
2025-07-02,22.5,22.540000915527344,22.43910026550293,22.508800506591797,21.630762100219727,4487,,,,,,,,
2025-07-03,22.200000762939453,22.200000762939453,21.889999389648438,22.150100708007812,21.72336769104004,6568,,,,,,,,
2025-07-07,22.139999389648438,22.43000030517578,22.049999237060547,22.180099487304688,21.752788543701172,13271,,,,,,,,
2025-07-08,22.18000030517578,22.49970054626465,22.18000030517578,22.34000015258789,21.909608840942383,3967,,,,,,,,
2025-07-09,22.350000381469727,22.483999252319336,22.31999969482422,22.469200134277344,22.036319732666016,5749,,,,,,,,
2025-07-10,22.649999618530273,22.670000076293945,22.34000015258789,22.40999984741211,21.978260040283203,7585,,,,,,,,
2025-07-11,22.8700008392334,22.8700008392334,22.229999542236328,22.520000457763672,22.08614158630371,5559,,,,,,,,
2025-07-14,22.639999389648438,22.639999389648438,22.347999572753906,22.463699340820312,22.03092384338379,5279,,,,,,,,
2025-07-15,22.6200008392334,22.785499572753906,22.200000762939453,22.270000457763672,21.840957641601562,6737,,,,,,,,
2025-07-16,22.479999542236328,22.600000381469727,21.959999084472656,22.520000457763672,22.08614158630371,5965,,,,,,,,
2025-07-17,22.010000228881836,22.65399932861328,21.90999984741211,22.3700008392334,21.93903160095215,5352,,,,,,,,
2025-07-18,22.28499984741211,22.492599487304688,22.28499984741211,22.399999618530273,21.96845245361328,2374,,,,,,,,
2025-07-21,22.450000762939453,22.520000457763672,22.3799991607666,22.43000030517578,21.997875213623047,3996,,,,,,,,
2025-07-22,22.382200241088867,22.489099502563477,22.382200241088867,22.420000076293945,21.988067626953125,1478,,,,,,,,
2025-07-23,22.3700008392334,22.469999313354492,22.299999237060547,22.3799991607666,21.948837280273438,4949,,,,,,,,
2025-07-24,22.494800567626953,22.709999084472656,22.440000534057617,22.48699951171875,22.053775787353516,7064,,,,,,,,
2025-07-25,22.700000762939453,22.729999542236328,22.420000076293945,22.420000076293945,21.988067626953125,2368,,,,,,,,
2025-07-28,22.549999237060547,22.549999237060547,22.309999465942383,22.309999465942383,21.880186080932617,3325,,,,,,,,
2025-07-29,22.520000457763672,22.56999969482422,22.399999618530273,22.399999618530273,21.96845245361328,5409,,,,,,,,
2025-07-30,22.489999771118164,22.489999771118164,22.344600677490234,22.344600677490234,21.914119720458984,3967,,,,,,,,
2025-07-31,22.549999237060547,22.600000381469727,22.450000762939453,22.479999542236328,22.046911239624023,4284,,,,,,,,
2025-08-01,22.510799407958984,22.65999984741211,22.299999237060547,22.385099411010742,21.953838348388672,7994,,,,,,,,
2025-08-04,22.3799991607666,22.639999389648438,22.3799991607666,22.639999389648438,22.203826904296875,3588,,,,,,,,
2025-08-05,22.600000381469727,22.639999389648438,22.33009910583496,22.33009910583496,21.899898529052734,1208,,,,,,,,
2025-08-06,22.790000915527344,22.790000915527344,22.50119972229004,22.52400016784668,22.090063095092773,8539,,,,,,,,
2025-08-07,22.649999618530273,22.65999984741211,22.5,22.530000686645508,22.095949172973633,8203,,,,,,,,
2025-08-08,22.489999771118164,22.6299991607666,22.300100326538086,22.559999465942383,22.125368118286133,10976,,,,,,,,
2025-08-11,22.520000457763672,22.8799991607666,22.520000457763672,22.71109962463379,22.273557662963867,10432,,,,,,,,
2025-08-12,22.600000381469727,22.940000534057617,22.600000381469727,22.670000076293945,22.23324966430664,3476,,,,,,,,
2025-08-13,22.690000534057617,22.84000015258789,22.68000030517578,22.829999923706055,22.390167236328125,13701,,,,,,,,
2025-08-14,22.82990074157715,22.82990074157715,22.75,22.780000686645508,22.34113121032715,1948,,,,,,,,
2025-08-15,22.799999237060547,22.829999923706055,22.65999984741211,22.65999984741211,22.22344207763672,6961,,,,,,,,
2025-08-18,22.700000762939453,23.209999084472656,22.700000762939453,23.020000457763672,22.576507568359375,19255,,,,,,,,
2025-08-19,23.0,23.350000381469727,22.899999618530273,23.170000076293945,22.723617553710938,20879,,,,,,,,
2025-08-20,23.100000381469727,23.31369972229004,22.889999389648438,23.059999465942383,22.61573600769043,8303,,,,,,,,
2025-08-21,22.940000534057617,23.06999969482422,22.66010093688965,23.06999969482422,22.62554359436035,2694,,,,,,,,
2025-08-22,23.06999969482422,23.325000762939453,23.06999969482422,23.31999969482422,22.8707275390625,3676,,,,,,,,
2025-08-25,23.389999389648438,23.389999389648438,23.200000762939453,23.239999771118164,22.792268753051758,11388,,,,,,,,
2025-08-26,23.11989974975586,23.325000762939453,23.040000915527344,23.31999969482422,22.8707275390625,3823,,,,,,,,
2025-08-27,23.350000381469727,23.3700008392334,23.135000228881836,23.3700008392334,22.91976547241211,2837,,,,,,,,
2025-08-28,23.260000228881836,23.399999618530273,23.186899185180664,23.399999618530273,22.949186325073242,9943,,,,,,,,
2025-08-29,23.399999618530273,23.639999389648438,23.350000381469727,23.600000381469727,23.145334243774414,25947,,,,,,,,
2025-09-02,23.343000411987305,23.479999542236328,23.190000534057617,23.360000610351562,22.909957885742188,13395,,,,,,,,
2025-09-03,23.268600463867188,23.360000610351562,23.268600463867188,23.360000610351562,22.909957885742188,14212,,,,,,,,
2025-09-04,23.360000610351562,23.469999313354492,23.174999237060547,23.33009910583496,22.880632400512695,12377,,,,,,,,
2025-09-05,23.510000228881836,23.600000381469727,23.229999542236328,23.5,23.047260284423828,10729,,,,,,,,
2025-09-08,23.5,23.600000381469727,23.44930076599121,23.5,23.047260284423828,14619,,,,,,,,
2025-09-09,23.5,23.579999923706055,23.43000030517578,23.43000030517578,22.978609085083008,6250,,,,,,,,
2025-09-10,23.5,23.59000015258789,23.43000030517578,23.450000762939453,22.99822425842285,17043,,,,,,,,
2025-09-11,23.600000381469727,23.685100555419922,23.514999389648438,23.600000381469727,23.145334243774414,13614,,,,,,,,
2025-09-12,23.610000610351562,23.679100036621094,23.600000381469727,23.600000381469727,23.145334243774414,19010,,,,,,,,
2025-09-15,23.700000762939453,23.700000762939453,23.6200008392334,23.6299991607666,23.174755096435547,4455,,,,,,,,
2025-09-16,23.6200008392334,23.700000762939453,23.6200008392334,23.68000030517578,23.223793029785156,10615,,,,,,,,
2025-09-17,23.729999542236328,23.739999771118164,23.6200008392334,23.6200008392334,23.164949417114258,2566,,,,,,,,
2025-09-18,23.709999084472656,23.709999084472656,23.639999389648438,23.6781005859375,23.2219295501709,7117,,,,,,,,
2025-09-19,23.698400497436523,23.700000762939453,23.600000381469727,23.68000030517578,23.223793029785156,10810,,,,,,,,
2025-09-22,23.565000534057617,23.75,23.530000686645508,23.75,23.292444229125977,8988,,,,,,,,
2025-09-23,23.75,23.979900360107422,23.75,23.75,23.292444229125977,6890,,,,,,,,
2025-09-24,23.649999618530273,23.75,23.33690071105957,23.729999542236328,23.272829055786133,2527,,,,,,,,
2025-09-25,23.59000015258789,23.610000610351562,23.530000686645508,23.559999465942383,23.106103897094727,2470,,,,,,,,
2025-09-26,23.549999237060547,23.770000457763672,23.549999237060547,23.68000030517578,23.223793029785156,3658,,,,,,,,
2025-09-29,23.799999237060547,24.229999542236328,23.65999984741211,23.760000228881836,23.3022518157959,7513,,,,,,,,
2025-09-30,23.75,23.770000457763672,23.139999389648438,23.450000762939453,22.99822425842285,19213,,,,,,,,
2025-10-01,23.31999969482422,23.82990074157715,23.31999969482422,23.59000015258789,23.135526657104492,4592,,,,,,,,
2025-10-02,23.8799991607666,23.8799991607666,23.100000381469727,23.520000457763672,23.066875457763672,4636,,,,,,,,
2025-10-03,23.239999771118164,23.239999771118164,22.979999542236328,22.979999542236328,22.979999542236328,6117,,,,,,,,
2025-10-06,22.829999923706055,22.8799991607666,22.600000381469727,22.8799991607666,22.8799991607666,7003,,,,,,,,
2025-10-07,22.586000442504883,22.940000534057617,22.586000442504883,22.829999923706055,22.829999923706055,4421,,,,,,,,
2025-10-08,22.809999465942383,22.829999923706055,22.759700775146484,22.759700775146484,22.759700775146484,1201,,,,,,,,
2025-10-09,22.649999618530273,22.780000686645508,22.579999923706055,22.780000686645508,22.780000686645508,7597,,,,,,,,
2025-10-10,22.790000915527344,23.27630043029785,22.790000915527344,22.959999084472656,22.959999084472656,5647,,,,,,,,
2025-10-13,23.229999542236328,23.229999542236328,22.889999389648438,22.899999618530273,22.899999618530273,2028,,,,,,,,
2025-10-14,22.8799991607666,23.024999618530273,22.809999465942383,23.024999618530273,23.024999618530273,3269,,,,,,,,
2025-10-15,23.110000610351562,23.110000610351562,22.969999313354492,23.010000228881836,23.010000228881836,5105,,,,,,,,
2025-10-16,22.81999969482422,23.075000762939453,22.670000076293945,23.075000762939453,23.075000762939453,5447,,,,,,,,
2025-10-17,23.15999984741211,23.19499969482422,23.06999969482422,23.06999969482422,23.06999969482422,2079,,,,,,,,
2025-10-20,23.06999969482422,23.404300689697266,23.06999969482422,23.3700008392334,23.3700008392334,3121,,,,,,,,
2025-10-21,23.40999984741211,23.790000915527344,23.389999389648438,23.389999389648438,23.389999389648438,5996,,,,,,,,
2025-10-22,23.53499984741211,23.59000015258789,23.209999084472656,23.389999389648438,23.389999389648438,6571,,,,,,,,
2025-10-23,23.219999313354492,23.229999542236328,23.219999313354492,23.229999542236328,23.229999542236328,1182,,,,,,,,
2025-10-24,23.399999618530273,23.56999969482422,23.281600952148438,23.3799991607666,23.3799991607666,4948,,,,,,,,
2025-10-27,23.399999618530273,23.700000762939453,23.399999618530273,23.459999084472656,23.459999084472656,11580,,,,,,,,
2025-10-28,23.18000030517578,23.459999084472656,23.18000030517578,23.459999084472656,23.459999084472656,7030,,,,,,,,
2025-10-29,22.709999084472656,23.59000015258789,22.700000762939453,23.49220085144043,23.49220085144043,4475,,,,,,,,
2025-10-30,23.489999771118164,23.489999771118164,22.850000381469727,23.459999084472656,23.459999084472656,7696,,,,,,,,
2025-10-31,23.155000686645508,23.329999923706055,22.950000762939453,23.049999237060547,23.049999237060547,5677,,,,,,,,
2025-11-03,22.719999313354492,22.723800659179688,22.590099334716797,22.590099334716797,22.590099334716797,2427,,,,,,,,
2025-11-04,22.670700073242188,22.739999771118164,22.639999389648438,22.65999984741211,22.65999984741211,4377,,,,,,,,
2025-11-05,22.739999771118164,22.950000762939453,22.739999771118164,22.949899673461914,22.949899673461914,2189,,,,,,,,
2025-11-06,23.372499465942383,23.372499465942383,22.850000381469727,23.030000686645508,23.030000686645508,11394,,,,,,,,
2025-11-07,22.97480010986328,23.030000686645508,22.899999618530273,23.030000686645508,23.030000686645508,3310,,,,,,,,
2025-11-10,22.84000015258789,23.219999313354492,22.84000015258789,23.079999923706055,23.079999923706055,4354,,,,,,,,
2025-11-11,22.940000534057617,23.1200008392334,22.84000015258789,23.100000381469727,23.100000381469727,4533,,,,,,,,
2025-11-12,23.1200008392334,23.515399932861328,22.959999084472656,22.959999084472656,22.959999084472656,6913,,,,,,,,
2025-11-13,22.899999618530273,22.90999984741211,22.559999465942383,22.6200008392334,22.6200008392334,6212,,,,,,,,
2025-11-14,22.610000610351562,23.020000457763672,22.610000610351562,22.799999237060547,22.799999237060547,5446,,,,,,,,
2025-11-17,22.93000030517578,22.93000030517578,22.6299991607666,22.6299991607666,22.6299991607666,2532,,,,,,,,
2025-11-18,22.56999969482422,23.469999313354492,22.56999969482422,22.809999465942383,22.809999465942383,1843,,,,,,,,
2025-11-19,22.850000381469727,22.860000610351562,22.770000457763672,22.780000686645508,22.780000686645508,4470,,,,,,,,
2025-11-20,22.65999984741211,22.75,22.110000610351562,22.190000534057617,22.190000534057617,18988,,,,,,,,
2025-11-21,22.18000030517578,22.415800094604492,22.0,22.1200008392334,22.1200008392334,17749,,,,,,,,
2025-11-24,22.06999969482422,22.5,22.06999969482422,22.18000030517578,22.18000030517578,11364,,,,,,,,
2025-11-25,22.100000381469727,22.5,22.100000381469727,22.309999465942383,22.309999465942383,20428,,,,,,,,
2025-11-26,22.190000534057617,22.5,22.190000534057617,22.40999984741211,22.40999984741211,12653,,,,,,,,
2025-11-28,22.524999618530273,22.524999618530273,22.469999313354492,22.489999771118164,22.489999771118164,1340,,,,,,,,
2025-12-01,22.469999313354492,22.799999237060547,22.320499420166016,22.34000015258789,22.34000015258789,6936,,,,,,,,
2025-12-02,22.350000381469727,22.350000381469727,22.149999618530273,22.185699462890625,22.185699462890625,34520,,,,,,,,
2025-12-03,22.200000762939453,22.899999618530273,22.200000762939453,22.389999389648438,22.389999389648438,6967,,,,,,,,
2025-12-04,22.260000228881836,22.6200008392334,22.200000762939453,22.450000762939453,22.450000762939453,8383,,,,,,,,
2025-12-05,22.329999923706055,23.700000762939453,22.329999923706055,22.540000915527344,22.540000915527344,11049,,,,,,,,
2025-12-08,22.440000534057617,22.809900283813477,22.440000534057617,22.770000457763672,22.770000457763672,6168,,,,,,,,
2025-12-09,22.770000457763672,23.260000228881836,22.450000762939453,23.040000915527344,23.040000915527344,6733,,,,,,,,
2025-12-10,22.959999084472656,23.25,22.584299087524414,23.25,23.25,3583,,,,,,,,
2025-12-11,23.139999389648438,23.29990005493164,22.84000015258789,23.0,23.0,2264,,,,,,,,
2025-12-12,22.899999618530273,23.127599716186523,22.899999618530273,23.049999237060547,23.049999237060547,1561,,,,,,,,
2025-12-15,23.010000228881836,23.100000381469727,22.770000457763672,23.049999237060547,23.049999237060547,1885,,,,,,,,
2025-12-16,23.136999130249023,23.136999130249023,22.940000534057617,23.110000610351562,23.110000610351562,1861,,,,,,,,
2025-12-17,22.979999542236328,23.40999984741211,22.899999618530273,23.40999984741211,23.40999984741211,2724,,,,,,,,
2025-12-18,23.270000457763672,23.600000381469727,23.270000457763672,23.5,23.5,12244,,,,,,,,
2025-12-19,23.5,23.6299991607666,23.485000610351562,23.540000915527344,23.540000915527344,8368,,,,,,,,
2025-12-22,23.600000381469727,23.600000381469727,23.29010009765625,23.466699600219727,23.466699600219727,12530,,,,,,,,
2025-12-23,23.399999618530273,23.59630012512207,23.389999389648438,23.549999237060547,23.549999237060547,3218,,,,,,,,
2025-12-24,23.600000381469727,23.600000381469727,23.03660011291504,23.040000915527344,23.040000915527344,2258,,,,,,,,
2025-12-26,23.320499420166016,23.599899291992188,22.8799991607666,23.229999542236328,23.229999542236328,2917,,,,,,,,
2025-12-29,23.290000915527344,23.56999969482422,23.04669952392578,23.43000030517578,23.43000030517578,4872,,,,,,,,
2025-12-30,23.479999542236328,23.649900436401367,23.420000076293945,23.56999969482422,23.56999969482422,6625,,,,,,,,
,GNL-PA,GNL-PA,GNL-PA,GNL-PA,GNL-PA,GNL-PA,,,,,,,,
