date,open,high,low,close,adj_close,volume,"('date', '')","('open', 'IP')","('high', 'IP')","('low', 'IP')","('close', 'IP')","('adj_close', 'IP')","('volume', 'IP')","('currency', '')"
2020-01-02,44.01515197753906,44.08143997192383,43.0113639831543,43.10606002807617,32.93887710571289,3449002,,,,,,,,
2020-01-03,42.45265197753906,42.67045593261719,42.32954406738281,42.34848403930664,32.35997009277344,2994605,,,,,,,,
2020-01-06,42.17802810668945,42.32007598876953,41.54356002807617,41.61931610107422,31.80278968811035,3214570,,,,,,,,
2020-01-07,41.35416793823242,41.439395904541016,40.95643997192383,41.17424011230469,31.462697982788086,3498950,,,,,,,,
2020-01-08,41.24052810668945,41.90340805053711,41.164772033691406,41.657196044921875,31.83173942565918,2657846,,,,,,,,
2020-01-09,41.780303955078125,42.03598403930664,41.53409194946289,41.77083206176758,31.918569564819336,1868698,,,,,,,,
2020-01-10,41.77083206176758,42.102272033691406,41.600379943847656,41.657196044921875,31.83173942565918,1896682,,,,,,,,
2020-01-13,41.808712005615234,42.23484802246094,41.647727966308594,42.08333206176758,32.15736770629883,2888054,,,,,,,,
2020-01-14,41.95075988769531,42.272727966308594,41.912879943847656,42.064395904541016,32.14289474487305,2121610,,,,,,,,
2020-01-15,41.960227966308594,42.3011360168457,41.70454406738281,42.14015197753906,32.20077896118164,1393498,,,,,,,,
2020-01-16,42.33901596069336,42.98295593261719,42.23484802246094,42.94507598876953,32.815853118896484,3383213,,,,,,,,
2020-01-17,43.058712005615234,43.522727966308594,42.97348403930664,43.3238639831543,33.105289459228516,2815930,,,,,,,,
2020-01-21,42.19697189331055,42.462120056152344,41.51515197753906,42.17802810668945,32.2297248840332,3377299,,,,,,,,
2020-01-22,42.26325988769531,42.51893997192383,42.064395904541016,42.149620056152344,32.208011627197266,1766688,,,,,,,,
2020-01-23,41.90340805053711,42.462120056152344,41.467803955078125,42.29166793823242,32.316551208496094,1745146,,,,,,,,
2020-01-24,42.19697189331055,42.272727966308594,41.01325988769531,41.22159194946289,31.498872756958008,2982038,,,,,,,,
2020-01-27,40.49242401123047,40.75757598876953,40.13257598876953,40.32197189331055,30.811447143554688,3279830,,,,,,,,
2020-01-28,40.710227966308594,40.7386360168457,40.30302810668945,40.57765197753906,31.006820678710938,2107248,,,,,,,,
2020-01-29,40.77651596069336,41.50568389892578,40.67234802246094,41.07007598876953,31.383100509643555,3652387,,,,,,,,
2020-01-30,40.47348403930664,40.88068389892578,39.16666793823242,39.95265197753906,30.52924156188965,4800682,,,,,,,,
2020-01-31,39.53598403930664,39.66856002807617,37.91666793823242,38.560604095458984,29.46552085876465,6768115,,,,,,,,
2020-02-03,38.82575988769531,39.337120056152344,38.57007598876953,39.0625,29.849029541015625,3767280,,,,,,,,
2020-02-04,39.71590805053711,39.8863639831543,39.45075988769531,39.54545593261719,30.21807861328125,3450691,,,,,,,,
2020-02-05,39.95265197753906,41.875,39.95265197753906,41.70454406738281,31.867910385131836,4779139,,,,,,,,
2020-02-06,41.969696044921875,42.11174011230469,41.39204406738281,41.90340805053711,32.0198860168457,2967254,,,,,,,,
2020-02-07,41.55302810668945,41.6761360168457,41.19318389892578,41.25,31.52057456970215,1931635,,,,,,,,
2020-02-10,41.1363639831543,41.54356002807617,41.003787994384766,41.42045593261719,31.650835037231445,1715578,,,,,,,,
2020-02-11,41.657196044921875,42.55681610107422,41.51515197753906,42.01704406738281,32.10670471191406,1862256,,,,,,,,
2020-02-12,42.20643997192383,42.594696044921875,42.102272033691406,42.14015197753906,32.20077896118164,1862362,,,,,,,,
2020-02-13,41.90340805053711,41.90340805053711,40.92802810668945,41.14583206176758,31.440982818603516,2334077,,,,,,,,
2020-02-14,41.155303955078125,41.48674011230469,40.710227966308594,40.899620056152344,31.252836227416992,1874611,,,,,,,,
2020-02-18,40.76704406738281,40.95643997192383,40.350379943847656,40.9375,31.28178596496582,1611139,,,,,,,,
2020-02-19,40.9375,41.25,40.36931610107422,40.435604095458984,30.89827537536621,2591635,,,,,,,,
2020-02-20,40.037879943847656,40.76704406738281,39.94318389892578,40.67234802246094,31.45709800720215,2332810,,,,,,,,
2020-02-21,40.530303955078125,41.14583206176758,40.17992401123047,40.975379943847656,31.69147491455078,2834304,,,,,,,,
2020-02-24,39.63068389892578,39.76325988769531,38.939395904541016,39.157196044921875,30.28525161743164,2736413,,,,,,,,
2020-02-25,39.251895904541016,39.55492401123047,37.064395904541016,37.149620056152344,28.732526779174805,3976896,,,,,,,,
2020-02-26,37.594696044921875,38.058712005615234,36.657196044921875,36.7613639831543,28.43224334716797,3759994,,,,,,,,
2020-02-27,35.98484802246094,36.837120056152344,35.07575988769531,35.094696044921875,27.14319610595703,4395811,,,,,,,,
2020-02-28,34.09090805053711,35.28409194946289,33.712120056152344,35.0,27.069957733154297,5275987,,,,,,,,
2020-03-02,35.274620056152344,36.23106002807617,34.53598403930664,36.20265197753906,28.000118255615234,4860979,,,,,,,,
2020-03-03,36.01325988769531,37.03598403930664,34.67802810668945,35.094696044921875,27.14319610595703,4086298,,,,,,,,
2020-03-04,35.68181610107422,36.003787994384766,35.14204406738281,35.90909194946289,27.773067474365234,3699696,,,,,,,,
2020-03-05,34.8011360168457,35.397727966308594,34.2613639831543,34.592803955078125,26.75501823425293,3185424,,,,,,,,
2020-03-06,33.371212005615234,34.13825988769531,33.02083206176758,33.816287994384766,26.15443992614746,4276800,,,,,,,,
2020-03-09,31.48674201965332,32.1875,30.104167938232422,30.56818199157715,23.64226531982422,4690541,,,,,,,,
2020-03-10,31.912879943847656,32.433712005615234,30.56818199157715,32.35795593261719,25.026525497436523,4387046,,,,,,,,
2020-03-11,31.25,31.448863983154297,29.810606002807617,30.520832061767578,23.605642318725586,4996570,,,,,,,,
2020-03-12,28.67424201965332,29.270832061767578,27.092802047729492,27.10227394104004,20.961641311645508,5522774,,,,,,,,
2020-03-13,28.787879943847656,31.685606002807617,27.746212005615234,31.666667938232422,24.491867065429688,6364829,,,,,,,,
2020-03-16,27.253787994384766,31.59090805053711,26.704544067382812,28.143938064575195,21.767284393310547,5985408,,,,,,,,
2020-03-17,28.816287994384766,31.751893997192383,27.52840805053711,31.714014053344727,24.528480529785156,6196502,,,,,,,,
2020-03-18,28.97727394104004,31.704544067382812,28.267044067382812,29.308712005615234,22.66815757751465,4476595,,,,,,,,
2020-03-19,29.128787994384766,29.375,27.547348022460938,28.532197952270508,22.067583084106445,3889987,,,,,,,,
2020-03-20,28.541667938232422,29.526514053344727,27.47159194946289,27.94507598876953,21.613483428955078,5530272,,,,,,,,
2020-03-23,27.395832061767578,28.143938064575195,24.981061935424805,25.066287994384766,19.386947631835938,7190726,,,,,,,,
2020-03-24,26.5625,27.13068199157715,25.160985946655273,26.42992401123047,20.44162368774414,5229523,,,,,,,,
2020-03-25,26.5625,28.892044067382812,25.22727394104004,27.27272605895996,21.093475341796875,6227549,,,,,,,,
2020-03-26,27.623106002807617,29.801136016845703,27.47159194946289,29.365530014038086,22.712099075317383,4670160,,,,,,,,
2020-03-27,28.418561935424805,29.905302047729492,27.99242401123047,28.996212005615234,22.426467895507812,4054090,,,,,,,,
2020-03-30,29.015151977539062,29.876893997192383,28.49431800842285,29.668561935424805,22.94647789001465,3420384,,,,,,,,
2020-03-31,29.43181800842285,29.94318199157715,28.598485946655273,29.479167938232422,22.79999351501465,4821696,,,,,,,,
2020-04-01,28.106061935424805,29.45075798034668,27.72727394104004,28.551136016845703,22.08222770690918,4211539,,,,,,,,
2020-04-02,28.285985946655273,29.734848022460938,28.267044067382812,28.863636016845703,22.323923110961914,3577411,,,,,,,,
2020-04-03,28.560606002807617,29.34659194946289,27.613636016845703,27.8125,21.510942459106445,3943526,,,,,,,,
2020-04-06,29.232955932617188,30.113636016845703,28.97727394104004,29.857955932617188,23.092960357666016,6407491,,,,,,,,
2020-04-07,30.776514053344727,31.202651977539062,29.223485946655273,29.251893997192383,22.624210357666016,4479552,,,,,,,,
2020-04-08,29.573863983154297,31.609848022460938,29.498106002807617,31.363636016845703,24.25749397277832,4347974,,,,,,,,
2020-04-09,31.714014053344727,33.04924011230469,31.59090805053711,32.35795593261719,25.026525497436523,4388208,,,,,,,,
2020-04-13,32.32007598876953,32.84090805053711,31.467802047729492,32.585227966308594,25.202302932739258,4050710,,,,,,,,
2020-04-14,33.030303955078125,33.030303955078125,31.041667938232422,31.79924201965332,24.594406127929688,4434989,,,,,,,,
2020-04-15,30.833332061767578,31.051136016845703,29.50757598876953,30.113636016845703,23.290706634521484,4342906,,,,,,,,
2020-04-16,30.113636016845703,30.435606002807617,28.36174201965332,28.854167938232422,22.316600799560547,4411651,,,,,,,,
2020-04-17,29.573863983154297,30.606061935424805,29.412879943847656,30.160985946655273,23.327327728271484,6906979,,,,,,,,
2020-04-20,29.848485946655273,29.886363983154297,29.03409194946289,29.14772605895996,22.543643951416016,3315629,,,,,,,,
2020-04-21,28.399620056152344,29.024620056152344,28.248106002807617,28.52272605895996,22.06025505065918,3255754,,,,,,,,
2020-04-22,29.043561935424805,29.185606002807617,28.25757598876953,28.38068199157715,21.950393676757812,3282998,,,,,,,,
2020-04-23,28.740530014038086,29.34659194946289,28.626893997192383,28.920455932617188,22.36786460876465,3561994,,,,,,,,
2020-04-24,29.43181800842285,29.696969985961914,28.920455932617188,29.479167938232422,22.79999351501465,4409434,,,,,,,,
2020-04-27,29.65909194946289,31.231061935424805,29.640151977539062,31.07007598876953,24.03044319152832,4460438,,,,,,,,
2020-04-28,31.998106002807617,34.23295593261719,31.79924201965332,33.85416793823242,26.18373680114746,9436944,,,,,,,,
2020-04-29,34.782196044921875,35.36931610107422,34.412879943847656,34.58333206176758,26.747690200805664,4732781,,,,,,,,
2020-04-30,31.723485946655273,33.219696044921875,31.268938064575195,32.433712005615234,25.085121154785156,4099920,,,,,,,,
2020-05-01,31.912879943847656,32.20643997192383,31.30681800842285,32.11174011230469,24.836095809936523,2891011,,,,,,,,
2020-05-04,31.723485946655273,31.93181800842285,31.098485946655273,31.600379943847656,24.440593719482422,2631446,,,,,,,,
2020-05-05,32.121212005615234,32.19697189331055,31.22159194946289,31.344697952270508,24.242841720581055,3920717,,,,,,,,
2020-05-06,31.515151977539062,31.856061935424805,30.435606002807617,30.464014053344727,23.56169891357422,3218477,,,,,,,,
2020-05-07,30.88068199157715,31.666667938232422,30.672348022460938,30.871212005615234,23.87663459777832,3316051,,,,,,,,
2020-05-08,31.420455932617188,32.566287994384766,31.33522605895996,32.52840805053711,25.15835952758789,2039453,,,,,,,,
2020-05-11,31.922348022460938,32.01704406738281,31.183712005615234,31.316287994384766,24.220870971679688,2230906,,,,,,,,
2020-05-12,31.42992401123047,31.761363983154297,30.36931800842285,30.416667938232422,23.525081634521484,2200176,,,,,,,,
2020-05-13,30.274620056152344,30.303030014038086,28.75,29.214014053344727,22.594919204711914,2731766,,,,,,,,
2020-05-14,28.863636016845703,29.92424201965332,28.18181800842285,29.895832061767578,23.12224769592285,3322810,,,,,,,,
2020-05-15,29.365530014038086,29.545455932617188,28.816287994384766,29.40340805053711,22.741397857666016,2880451,,,,,,,,
2020-05-18,30.56818199157715,31.448863983154297,30.511363983154297,31.060606002807617,24.02311897277832,4230653,,,,,,,,
2020-05-19,30.75757598876953,31.051136016845703,30.018938064575195,30.3125,23.44451904296875,1864685,,,,,,,,
2020-05-20,30.68181800842285,31.628787994384766,30.65340805053711,31.25,24.169599533081055,2439677,,,,,,,,
2020-05-21,31.11742401123047,31.865530014038086,31.060606002807617,31.183712005615234,24.118335723876953,1909670,,,,,,,,
2020-05-22,31.16477394104004,31.25,30.464014053344727,30.90909194946289,23.90593147277832,3149837,,,,,,,,
2020-05-26,31.231061935424805,32.65151596069336,31.098485946655273,32.50947189331055,25.54520606994629,3166099,,,,,,,,
2020-05-27,33.38068389892578,34.157196044921875,33.14393997192383,33.939395904541016,26.668806076049805,2790480,,,,,,,,
2020-05-28,34.100379943847656,34.22348403930664,32.717803955078125,33.22916793823242,26.11072540283203,2833882,,,,,,,,
2020-05-29,32.95454406738281,33.087120056152344,31.922348022460938,32.24431610107422,25.336851119995117,6505699,,,,,,,,
2020-06-01,32.26325988769531,33.125,32.23484802246094,32.88825988769531,25.84284782409668,2840112,,,,,,,,
2020-06-02,33.06818389892578,33.92992401123047,33.001895904541016,33.36174011230469,26.214893341064453,2455939,,,,,,,,
2020-06-03,34.09090805053711,35.274620056152344,33.85416793823242,34.962120056152344,27.472440719604492,2881613,,,,,,,,
2020-06-04,34.65909194946289,35.842803955078125,34.23295593261719,35.8238639831543,28.14957618713379,3095558,,,,,,,,
2020-06-05,37.064395904541016,38.10606002807617,36.496212005615234,36.960227966308594,29.042505264282227,3416794,,,,,,,,
2020-06-08,37.121212005615234,37.689395904541016,36.77083206176758,37.585227966308594,29.533615112304688,2787734,,,,,,,,
2020-06-09,36.837120056152344,36.88447189331055,36.04166793823242,36.27840805053711,28.506750106811523,2189933,,,,,,,,
2020-06-10,36.022727966308594,36.07954406738281,34.753787994384766,34.82007598876953,27.360820770263672,2342736,,,,,,,,
2020-06-11,33.2386360168457,33.95833206176758,31.837120056152344,32.121212005615234,25.2401180267334,3448474,,,,,,,,
2020-06-12,33.712120056152344,33.73106002807617,32.310604095458984,33.06818389892578,25.98422622680664,2554464,,,,,,,,
2020-06-15,31.93181800842285,33.5511360168457,31.61931800842285,33.20075988769531,26.08839988708496,3474874,,,,,,,,
2020-06-16,34.42234802246094,34.85795593261719,33.41856002807617,33.816287994384766,26.57207489013672,3008966,,,,,,,,
2020-06-17,33.873104095458984,34.08143997192383,33.219696044921875,33.314395904541016,26.177692413330078,2626589,,,,,,,,
2020-06-18,32.99242401123047,33.61742401123047,32.83143997192383,33.219696044921875,26.10327911376953,2365123,,,,,,,,
2020-06-19,33.88257598876953,33.977272033691406,32.83143997192383,33.0113639831543,25.9395751953125,9423322,,,,,,,,
2020-06-22,32.76515197753906,32.78409194946289,31.979167938232422,32.594696044921875,25.612173080444336,2821632,,,,,,,,
2020-06-23,32.850379943847656,33.29545593261719,32.67045593261719,33.001895904541016,25.932140350341797,2711174,,,,,,,,
2020-06-24,32.64204406738281,32.64204406738281,31.74242401123047,31.79924201965332,24.987123489379883,3326928,,,,,,,,
2020-06-25,31.571969985961914,32.04545593261719,30.86174201965332,31.988636016845703,25.135942459106445,2071872,,,,,,,,
2020-06-26,31.78977394104004,32.121212005615234,31.401514053344727,32.00757598876953,25.15082359313965,3900970,,,,,,,,
2020-06-29,32.49052810668945,33.54166793823242,32.414772033691406,33.15340805053711,26.051189422607422,2697235,,,,,,,,
2020-06-30,32.94507598876953,33.626895904541016,32.6136360168457,33.342803955078125,26.200016021728516,2669885,,,,,,,,
2020-07-01,33.46590805053711,33.67424011230469,32.689395904541016,32.96401596069336,25.90237808227539,2474736,,,,,,,,
2020-07-02,33.39015197753906,33.90151596069336,33.17234802246094,33.475379943847656,26.304195404052734,2166806,,,,,,,,
2020-07-06,34.29924011230469,34.54545593261719,33.61742401123047,34.03409194946289,26.74321937561035,2773901,,,,,,,,
2020-07-07,33.60795593261719,33.683712005615234,33.10606002807617,33.371212005615234,26.222341537475586,3431366,,,,,,,,
2020-07-08,33.2386360168457,33.30492401123047,32.02651596069336,32.32954406738281,25.403818130493164,3188909,,,,,,,,
2020-07-09,32.20643997192383,32.32954406738281,31.19318199157715,31.354167938232422,24.637388229370117,2921530,,,,,,,,
2020-07-10,31.467802047729492,32.75568389892578,31.467802047729492,32.70833206176758,25.701461791992188,2085706,,,,,,,,
2020-07-13,32.76515197753906,33.314395904541016,32.433712005615234,32.8125,25.783315658569336,2788579,,,,,,,,
2020-07-14,32.85984802246094,33.76893997192383,32.64204406738281,33.57954406738281,26.386045455932617,3546787,,,,,,,,
2020-07-15,34.64015197753906,34.83901596069336,33.939395904541016,34.38447189331055,27.01853370666504,2869469,,,,,,,,
2020-07-16,34.375,35.67234802246094,34.19507598876953,35.407196044921875,27.82217025756836,3708566,,,,,,,,
2020-07-17,35.558712005615234,35.558712005615234,34.83901596069336,34.962120056152344,27.472440719604492,2546333,,,,,,,,
2020-07-20,34.69697189331055,34.876895904541016,34.20454406738281,34.42234802246094,27.048297882080078,2218973,,,,,,,,
2020-07-21,34.32765197753906,35.10416793823242,34.32765197753906,34.66856002807617,27.241762161254883,1602586,,,,,,,,
2020-07-22,34.55492401123047,34.8863639831543,34.2613639831543,34.70643997192383,27.271526336669922,1796256,,,,,,,,
2020-07-23,34.602272033691406,34.92424011230469,34.38447189331055,34.6875,27.25664710998535,1687277,,,,,,,,
2020-07-24,34.84848403930664,34.99052810668945,34.27083206176758,34.39393997192383,27.025983810424805,1446931,,,,,,,,
2020-07-27,34.337120056152344,34.962120056152344,34.01515197753906,34.89583206176758,27.42034912109375,2320666,,,,,,,,
2020-07-28,34.782196044921875,34.876895904541016,34.10984802246094,34.251895904541016,26.91436195373535,2693222,,,,,,,,
2020-07-29,34.441287994384766,35.0,34.185604095458984,34.8011360168457,27.3459415435791,3310138,,,,,,,,
2020-07-30,35.29356002807617,35.64393997192383,33.51325988769531,33.8636360168457,26.60927391052246,3855667,,,,,,,,
2020-07-31,33.42802810668945,33.64583206176758,32.52840805053711,32.94507598876953,25.88749122619629,4274582,,,,,,,,
2020-08-03,33.352272033691406,33.77840805053711,33.0113639831543,33.560604095458984,26.371158599853516,4006992,,,,,,,,
2020-08-04,33.36174011230469,33.75947189331055,33.11552810668945,33.40909194946289,26.25210189819336,3469910,,,,,,,,
2020-08-05,33.74052810668945,34.1761360168457,33.67424011230469,33.69318389892578,26.475341796875,2970845,,,,,,,,
2020-08-06,33.61742401123047,33.95833206176758,33.39015197753906,33.399620056152344,26.24466323852539,2828496,,,,,,,,
2020-08-07,32.35795593261719,33.6363639831543,32.121212005615234,33.60795593261719,26.408369064331055,4726656,,,,,,,,
2020-08-10,33.77840805053711,34.412879943847656,33.64583206176758,34.38447189331055,27.01853370666504,2811283,,,,,,,,
2020-08-11,35.32197189331055,36.29734802246094,34.95265197753906,35.05681610107422,27.546846389770508,3710573,,,,,,,,
2020-08-12,35.35984802246094,35.47348403930664,34.50757598876953,34.772727966308594,27.323617935180664,2880134,,,,,,,,
2020-08-13,34.01515197753906,34.73484802246094,33.92045593261719,34.55492401123047,27.537181854248047,2909280,,,,,,,,
2020-08-14,34.280303955078125,35.38825988769531,34.1761360168457,35.29356002807617,28.12580680847168,3201158,,,,,,,,
2020-08-17,35.3125,35.3125,34.592803955078125,34.6875,27.64282989501953,1932797,,,,,,,,
2020-08-18,34.54545593261719,34.810604095458984,34.2613639831543,34.31818389892578,27.348520278930664,1847789,,,,,,,,
2020-08-19,34.412879943847656,34.905303955078125,34.185604095458984,34.280303955078125,27.318334579467773,1685693,,,,,,,,
2020-08-20,33.85416793823242,34.11931610107422,33.58901596069336,33.787879943847656,26.92591667175293,1696042,,,,,,,,
2020-08-21,33.42802810668945,33.683712005615234,32.96401596069336,33.314395904541016,26.548593521118164,2790374,,,,,,,,
2020-08-24,33.8636360168457,35.435604095458984,33.816287994384766,35.29356002807617,28.12580680847168,3188803,,,,,,,,
2020-08-25,35.46401596069336,35.539772033691406,34.27083206176758,34.289772033691406,27.325878143310547,2029210,,,,,,,,
2020-08-26,34.1761360168457,34.31818389892578,33.873104095458984,34.251895904541016,27.295698165893555,1637011,,,,,,,,
2020-08-27,34.280303955078125,34.914772033691406,34.2613639831543,34.65909194946289,27.62019920349121,1853069,,,,,,,,
2020-08-28,34.753787994384766,35.14204406738281,34.63068389892578,34.97159194946289,27.86923599243164,1786541,,,,,,,,
2020-08-31,34.962120056152344,34.962120056152344,34.22348403930664,34.34659194946289,27.37116241455078,2953421,,,,,,,,
2020-09-01,34.29924011230469,35.539772033691406,34.024620056152344,35.530303955078125,28.314472198486328,3488074,,,,,,,,
2020-09-02,35.625,36.808712005615234,35.350379943847656,36.780303955078125,29.31061363220215,5664384,,,,,,,,
2020-09-03,36.84659194946289,37.44318389892578,35.8238639831543,36.30681610107422,28.93328857421875,4328227,,,,,,,,
2020-09-04,36.97916793823242,37.26325988769531,36.344696044921875,36.960227966308594,29.453994750976562,4095168,,,,,,,,
2020-09-08,36.81818389892578,36.969696044921875,35.29356002807617,35.33143997192383,28.15599822998047,4867315,,,,,,,,
2020-09-09,35.899620056152344,36.647727966308594,35.56818389892578,36.25947189331055,28.895551681518555,3175181,,,,,,,,
2020-09-10,36.39204406738281,36.6761360168457,35.9375,35.95643997192383,28.65406608581543,2511802,,,,,,,,
2020-09-11,36.14583206176758,37.064395904541016,35.899620056152344,36.85606002807617,29.370981216430664,2516554,,,,,,,,
2020-09-14,37.282196044921875,38.80681610107422,37.1875,38.626895904541016,30.782176971435547,5546534,,,,,,,,
2020-09-15,38.82575988769531,39.54545593261719,38.60795593261719,39.45075988769531,31.438730239868164,4170778,,,,,,,,
2020-09-16,39.6875,40.13257598876953,39.22348403930664,39.69697189331055,31.634937286376953,3735283,,,,,,,,
2020-09-17,39.1761360168457,40.814395904541016,38.74052810668945,40.61552810668945,32.366947174072266,4811875,,,,,,,,
2020-09-18,40.32197189331055,40.79545593261719,39.76325988769531,39.82007598876953,31.733036041259766,4923283,,,,,,,,
2020-09-21,38.92992401123047,39.289772033691406,38.125,38.8636360168457,30.970844268798828,2991542,,,,,,,,
2020-09-22,38.70265197753906,39.024620056152344,38.18181610107422,38.61742401123047,30.774633407592773,2086973,,,,,,,,
2020-09-23,38.57954406738281,38.655303955078125,37.14015197753906,37.1875,29.63511848449707,3216259,,,,,,,,
2020-09-24,37.29166793823242,37.83143997192383,36.647727966308594,37.13068389892578,29.589820861816406,2070288,,,,,,,,
2020-09-25,36.70454406738281,39.308712005615234,36.344696044921875,38.977272033691406,31.0614013671875,6448358,,,,,,,,
2020-09-28,39.308712005615234,39.54545593261719,38.51325988769531,38.98674011230469,31.06894874572754,3563366,,,,,,,,
2020-09-29,39.07197189331055,39.07197189331055,37.689395904541016,38.14393997192383,30.39731216430664,2965670,,,,,,,,
2020-09-30,38.210227966308594,38.835227966308594,38.06818389892578,38.39015197753906,30.59351921081543,2622365,,,,,,,,
2020-10-01,38.626895904541016,38.977272033691406,37.727272033691406,37.83143997192383,30.148271560668945,2873693,,,,,,,,
2020-10-02,37.225379943847656,38.60795593261719,37.0738639831543,38.33333206176758,30.548234939575195,2966621,,,,,,,,
2020-10-05,38.873104095458984,39.602272033691406,38.70265197753906,39.23295593261719,31.265155792236328,2545171,,,,,,,,
2020-10-06,39.29924011230469,39.52651596069336,38.475379943847656,38.51325988769531,30.691621780395508,2824166,,,,,,,,
2020-10-07,38.91098403930664,39.753787994384766,38.79734802246094,39.592803955078125,31.551925659179688,2967677,,,,,,,,
2020-10-08,39.592803955078125,40.25568389892578,39.5738639831543,40.23674011230469,32.065086364746094,2185709,,,,,,,,
2020-10-09,41.24052810668945,41.85606002807617,40.407196044921875,40.407196044921875,32.2009162902832,4915786,,,,,,,,
2020-10-12,41.60984802246094,42.63257598876953,41.060604095458984,42.11174011230469,33.559288024902344,4775021,,,,,,,,
2020-10-13,41.74242401123047,42.272727966308594,41.164772033691406,41.6761360168457,33.212154388427734,2878867,,,,,,,,
2020-10-14,41.92234802246094,42.594696044921875,41.92234802246094,42.29166793823242,33.70268249511719,3071482,,,,,,,,
2020-10-15,41.751895904541016,43.191287994384766,41.63825988769531,43.13447189331055,34.37432098388672,3968976,,,,,,,,
2020-10-16,43.90151596069336,44.32765197753906,43.39015197753906,44.07197189331055,35.12141799926758,5185277,,,,,,,,
2020-10-19,44.289772033691406,44.53598403930664,43.90151596069336,44.21401596069336,35.23461151123047,3404755,,,,,,,,
2020-10-20,44.70643997192383,44.8011360168457,43.67424011230469,43.939395904541016,35.0157585144043,3004742,,,,,,,,
2020-10-21,43.835227966308594,44.564395904541016,43.6363639831543,44.01515197753906,35.076133728027344,2498918,,,,,,,,
2020-10-22,43.873104095458984,44.22348403930664,43.60795593261719,44.11931610107422,35.159149169921875,1853174,,,,,,,,
2020-10-23,44.32765197753906,44.67802810668945,43.8636360168457,43.939395904541016,35.0157585144043,2063424,,,,,,,,
2020-10-26,43.26704406738281,43.60795593261719,42.537879943847656,42.88825988769531,34.178104400634766,2595542,,,,,,,,
2020-10-27,42.78409194946289,42.88825988769531,41.9886360168457,42.01704406738281,33.48382568359375,2856374,,,,,,,,
2020-10-28,41.19318389892578,41.59090805053711,40.435604095458984,40.719696044921875,32.44995880126953,3754186,,,,,,,,
2020-10-29,40.501895904541016,41.9886360168457,40.227272033691406,41.51515197753906,33.08386993408203,3156067,,,,,,,,
2020-10-30,41.41098403930664,41.79924011230469,40.899620056152344,41.42992401123047,33.01594161987305,2695968,,,,,,,,
2020-11-02,42.17802810668945,42.878787994384766,41.71401596069336,42.66098403930664,33.996986389160156,2827440,,,,,,,,
2020-11-03,43.475379943847656,44.280303955078125,43.13447189331055,44.05302810668945,35.1063232421875,3067891,,,,,,,,
2020-11-04,43.5511360168457,43.90151596069336,42.36742401123047,42.6988639831543,34.02717971801758,2304614,,,,,,,,
2020-11-05,43.087120056152344,45.0,42.85984802246094,44.40340805053711,35.38554000854492,2905795,,,,,,,,
2020-11-06,44.61174011230469,44.86742401123047,43.560604095458984,44.024620056152344,35.08368682861328,2128157,,,,,,,,
2020-11-09,46.01325988769531,47.66098403930664,44.76325988769531,44.84848403930664,35.74022674560547,3979114,,,,,,,,
2020-11-10,45.04734802246094,46.27840805053711,44.66856002807617,46.23106002807617,36.842018127441406,3160608,,,,,,,,
2020-11-11,46.41098403930664,46.66666793823242,45.539772033691406,46.08901596069336,36.72882080078125,3469277,,,,,,,,
2020-11-12,45.60606002807617,45.77651596069336,43.939395904541016,44.592803955078125,35.536476135253906,2928816,,,,,,,,
2020-11-13,44.602272033691406,45.52083206176758,44.602272033691406,45.350379943847656,36.53824234008789,2544010,,,,,,,,
2020-11-16,46.79924011230469,47.57575988769531,46.164772033691406,47.310604095458984,38.117576599121094,4229914,,,,,,,,
2020-11-17,46.95075988769531,47.84090805053711,46.50568389892578,47.433712005615234,38.21675109863281,5941584,,,,,,,,
2020-11-18,47.55681610107422,47.9261360168457,46.92234802246094,46.93181610107422,37.81239318847656,3191971,,,,,,,,
2020-11-19,46.53409194946289,46.751895904541016,45.9375,46.61931610107422,37.56060791015625,3668966,,,,,,,,
2020-11-20,46.58143997192383,47.11174011230469,46.11742401123047,46.808712005615234,37.71320343017578,3558509,,,,,,,,
2020-11-23,47.47159194946289,47.84090805053711,47.15909194946289,47.35795593261719,38.15572738647461,2926070,,,,,,,,
2020-11-24,47.84090805053711,49.23295593261719,47.82197189331055,49.11931610107422,39.574832916259766,3083520,,,,,,,,
2020-11-25,48.522727966308594,48.816287994384766,47.91666793823242,48.36174011230469,38.9644660949707,2439254,,,,,,,,
2020-11-27,47.97348403930664,48.49431610107422,47.6136360168457,48.001895904541016,38.67453384399414,971520,,,,,,,,
2020-11-30,47.84090805053711,47.935604095458984,46.71401596069336,46.85606002807617,37.7513542175293,3618912,,,,,,,,
2020-12-01,47.566287994384766,47.91666793823242,46.88447189331055,47.20643997192383,38.03364562988281,2678544,,,,,,,,
2020-12-02,47.04545593261719,47.64204406738281,46.86552810668945,47.21590805053711,38.0412712097168,1809878,,,,,,,,
2020-12-03,47.13068389892578,47.3011360168457,45.350379943847656,45.68181610107422,36.805274963378906,4795507,,,,,,,,
2020-12-04,46.17424011230469,46.45833206176758,45.5113639831543,46.27840805053711,37.28593826293945,4276694,,,,,,,,
2020-12-07,46.316287994384766,46.316287994384766,45.407196044921875,46.08901596069336,37.13335418701172,3312355,,,,,,,,
2020-12-08,45.814395904541016,46.50568389892578,45.719696044921875,46.48674011230469,37.45378875732422,2243472,,,,,,,,
2020-12-09,46.40151596069336,47.13068389892578,46.40151596069336,46.912879943847656,37.79712677001953,2794598,,,,,,,,
2020-12-10,46.41098403930664,46.84659194946289,45.899620056152344,46.060604095458984,37.11046600341797,2236714,,,,,,,,
2020-12-11,45.80492401123047,46.29734802246094,45.5113639831543,46.0511360168457,37.10282897949219,1956874,,,,,,,,
2020-12-14,46.71401596069336,46.789772033691406,45.45454406738281,45.46401596069336,36.62980270385742,2647286,,,,,,,,
2020-12-15,45.92802810668945,46.54356002807617,45.8238639831543,46.54356002807617,37.49957275390625,2531338,,,,,,,,
2020-12-16,46.789772033691406,47.01704406738281,46.54356002807617,46.69507598876953,37.62165451049805,2354458,,,,,,,,
2020-12-17,46.82765197753906,47.149620056152344,46.30681610107422,47.11174011230469,37.95734786987305,2093520,,,,,,,,
2020-12-18,47.11174011230469,47.462120056152344,46.69507598876953,47.32954406738281,38.132835388183594,5824896,,,,,,,,
2020-12-21,46.524620056152344,46.90340805053711,45.76704406738281,46.85606002807617,37.7513542175293,3656083,,,,,,,,
2020-12-22,47.102272033691406,47.33901596069336,46.69507598876953,46.780303955078125,37.69032669067383,2287402,,,,,,,,
2020-12-23,47.092803955078125,47.32007598876953,46.685604095458984,46.92234802246094,37.80475997924805,2462698,,,,,,,,
2020-12-24,47.102272033691406,47.15909194946289,46.59090805053711,47.121212005615234,37.96498107910156,463690,,,,,,,,
2020-12-28,47.35795593261719,47.45265197753906,46.69507598876953,46.77083206176758,37.68268585205078,1506278,,,,,,,,
2020-12-29,46.875,46.969696044921875,46.22159194946289,46.373104095458984,37.36224365234375,1096128,,,,,,,,
2020-12-30,46.4488639831543,47.149620056152344,46.4488639831543,47.00757598876953,37.87342834472656,1253789,,,,,,,,
2020-12-31,46.92234802246094,47.15909194946289,46.40151596069336,47.08333206176758,37.93446350097656,1433098,,,,,,,,
2021-01-04,47.00757598876953,47.32954406738281,45.587120056152344,45.91856002807617,36.99602508544922,2798506,,,,,,,,
2021-01-05,46.164772033691406,47.594696044921875,46.164772033691406,47.102272033691406,37.94972229003906,2338723,,,,,,,,
2021-01-06,48.20075988769531,50.558712005615234,47.82197189331055,50.037879943847656,40.31489944458008,3734544,,,,,,,,
2021-01-07,50.07575988769531,50.26515197753906,49.2613639831543,49.308712005615234,39.72742462158203,2746867,,,,,,,,
2021-01-08,49.47916793823242,49.63068389892578,47.96401596069336,48.75,39.27728271484375,2143574,,,,,,,,
2021-01-11,48.20075988769531,49.83901596069336,48.125,49.337120056152344,39.750308990478516,2514336,,,,,,,,
2021-01-12,49.38447189331055,50.123104095458984,49.04356002807617,49.83901596069336,40.15468978881836,2313485,,,,,,,,
2021-01-13,48.835227966308594,49.147727966308594,47.64204406738281,48.10606002807617,38.75846481323242,3318480,,,,,,,,
2021-01-14,48.125,48.26704406738281,47.282196044921875,47.32954406738281,38.132835388183594,2552352,,,,,,,,
2021-01-15,46.97916793823242,47.84090805053711,46.287879943847656,47.585227966308594,38.338836669921875,3727469,,,,,,,,
2021-01-19,48.14393997192383,48.503787994384766,47.689395904541016,47.70833206176758,38.438018798828125,3180778,,,,,,,,
2021-01-20,48.13447189331055,48.39015197753906,47.65151596069336,48.28598403930664,38.903419494628906,3521654,,,,,,,,
2021-01-21,47.84090805053711,49.412879943847656,47.75568389892578,48.92045593261719,39.41460418701172,3127027,,,,,,,,
2021-01-22,48.57007598876953,49.19507598876953,47.95454406738281,48.89204406738281,39.391719818115234,1662461,,,,,,,,
2021-01-25,49.24242401123047,50.16098403930664,47.97348403930664,49.08143997192383,39.54431915283203,3657456,,,,,,,,
2021-01-26,49.39393997192383,49.92424011230469,48.873104095458984,48.91098403930664,39.4069709777832,2117280,,,,,,,,
2021-01-27,48.04924011230469,48.77840805053711,47.376895904541016,47.746212005615234,38.468536376953125,3362304,,,,,,,,
2021-01-28,48.20075988769531,48.51325988769531,47.39583206176758,47.49052810668945,38.262542724609375,3599059,,,,,,,,
2021-01-29,47.34848403930664,48.26704406738281,46.32575988769531,47.64204406738281,38.384613037109375,6191011,,,,,,,,
2021-02-01,48.2386360168457,48.45643997192383,46.25,47.149620056152344,37.98786926269531,4935322,,,,,,,,
2021-02-02,47.594696044921875,48.219696044921875,47.149620056152344,47.66098403930664,38.39986801147461,3390816,,,,,,,,
2021-02-03,47.44318389892578,48.27651596069336,47.11174011230469,47.935604095458984,38.62112808227539,3527251,,,,,,,,
2021-02-04,45.539772033691406,46.41098403930664,44.01515197753906,44.27083206176758,35.6684684753418,6725347,,,,,,,,
2021-02-05,44.498104095458984,44.98106002807617,44.08143997192383,44.53598403930664,35.88208770751953,5173661,,,,,,,,
2021-02-08,44.8863639831543,45.3125,44.498104095458984,45.30302810668945,36.50008773803711,3165254,,,,,,,,
2021-02-09,45.274620056152344,45.63447189331055,45.15151596069336,45.54924011230469,36.698463439941406,2669568,,,,,,,,
2021-02-10,45.68181610107422,45.98484802246094,45.15151596069336,45.83333206176758,36.92735290527344,2567875,,,,,,,,
2021-02-11,45.975379943847656,45.975379943847656,45.02840805053711,45.61552810668945,36.75186538696289,2996717,,,,,,,,
2021-02-12,45.5113639831543,46.9886360168457,45.45454406738281,46.57197189331055,37.5224609375,3754819,,,,,,,,
2021-02-16,46.79924011230469,46.93181610107422,46.08901596069336,46.58143997192383,37.530094146728516,3701914,,,,,,,,
2021-02-17,45.90909194946289,46.344696044921875,45.56818389892578,45.92802810668945,37.393619537353516,2444429,,,,,,,,
2021-02-18,45.625,46.09848403930664,45.246212005615234,45.30302810668945,36.88475799560547,2372515,,,,,,,,
2021-02-19,45.4261360168457,46.524620056152344,45.29356002807617,46.35416793823242,37.74057388305664,3015091,,,,,,,,
2021-02-22,46.335227966308594,47.064395904541016,45.92802810668945,46.780303955078125,38.08753967285156,3406867,,,,,,,,
2021-02-23,46.86552810668945,47.76515197753906,46.42992401123047,47.50947189331055,38.68120574951172,3605395,,,,,,,,
2021-02-24,47.566287994384766,48.36174011230469,47.34848403930664,48.10606002807617,39.166934967041016,2589206,,,,,,,,
2021-02-25,48.13447189331055,48.75,47.376895904541016,47.73674011230469,38.86623764038086,2219395,,,,,,,,
2021-02-26,47.42424011230469,47.79356002807617,46.647727966308594,47.01704406738281,38.28028106689453,3441610,,,,,,,,
2021-03-01,47.63257598876953,49.16666793823242,47.5,49.01515197753906,39.907100677490234,4572058,,,,,,,,
2021-03-02,49.185604095458984,49.85795593261719,48.8636360168457,49.498104095458984,40.30030059814453,4499405,,,,,,,,
2021-03-03,49.71590805053711,50.89015197753906,49.441287994384766,50.397727966308594,41.03275680541992,4154410,,,,,,,,
2021-03-04,50.26515197753906,50.98484802246094,48.54166793823242,49.289772033691406,40.13068389892578,3336115,,,,,,,,
2021-03-05,49.86742401123047,51.4488639831543,49.50757598876953,51.27840805053711,41.74979019165039,3329462,,,,,,,,
2021-03-08,51.09848403930664,53.95833206176758,51.09848403930664,52.746212005615234,42.94483947753906,5726054,,,,,,,,
2021-03-09,52.02651596069336,52.935604095458984,51.685604095458984,51.88447189331055,42.24323272705078,3557981,,,,,,,,
2021-03-10,51.63825988769531,52.376895904541016,50.94697189331055,51.72348403930664,42.11215591430664,4390109,,,,,,,,
2021-03-11,51.751895904541016,51.95075988769531,50.79545593261719,51.0511360168457,41.56475067138672,4507219,,,,,,,,
2021-03-12,51.1363639831543,51.48674011230469,50.9375,51.155303955078125,41.649559020996094,3725040,,,,,,,,
2021-03-15,51.14583206176758,51.25,49.914772033691406,50.61552810668945,41.210086822509766,3831274,,,,,,,,
2021-03-16,50.435604095458984,50.52083206176758,49.441287994384766,50.23674011230469,40.90168762207031,2740003,,,,,,,,
2021-03-17,50.13257598876953,51.4488639831543,50.085227966308594,51.287879943847656,41.757503509521484,2696074,,,,,,,,
2021-03-18,51.73295593261719,52.149620056152344,50.871212005615234,51.060604095458984,41.57246017456055,2296694,,,,,,,,
2021-03-19,50.91856002807617,51.57197189331055,50.407196044921875,50.7386360168457,41.3103141784668,10774368,,,,,,,,
2021-03-22,50.15151596069336,50.15151596069336,48.98674011230469,49.83901596069336,40.57787322998047,4461706,,,,,,,,
2021-03-23,49.53598403930664,49.97159194946289,48.51325988769531,48.80681610107422,39.73747634887695,2807482,,,,,,,,
2021-03-24,49.16666793823242,50.54924011230469,49.16666793823242,49.43181610107422,40.246341705322266,3223546,,,,,,,,
2021-03-25,49.69697189331055,51.61931610107422,49.5738639831543,51.45833206176758,41.89628219604492,2992282,,,,,,,,
2021-03-26,51.9886360168457,52.24431610107422,51.25,52.1875,42.48994827270508,2362589,,,,,,,,
2021-03-29,52.08333206176758,52.55681610107422,51.344696044921875,51.63825988769531,42.04277038574219,2260896,,,,,,,,
2021-03-30,51.5625,52.13068389892578,51.23106002807617,52.08333206176758,42.40514373779297,2679283,,,,,,,,
2021-03-31,51.912879943847656,52.34848403930664,51.17424011230469,51.20265197753906,41.6881103515625,3483005,,,,,,,,
2021-04-01,51.14583206176758,51.42045593261719,50.501895904541016,51.41098403930664,41.85772705078125,2688470,,,,,,,,
2021-04-05,52.03598403930664,52.15909194946289,51.42992401123047,51.79924011230469,42.17384719848633,2902944,,,,,,,,
2021-04-06,51.54356002807617,52.433712005615234,51.54356002807617,52.272727966308594,42.55934143066406,2568931,,,,,,,,
2021-04-07,52.63257598876953,52.80302810668945,51.85606002807617,52.02651596069336,42.358882904052734,2276419,,,,,,,,
2021-04-08,51.29734802246094,51.941287994384766,51.08901596069336,51.72348403930664,42.11215591430664,2017382,,,,,,,,
2021-04-09,52.16856002807617,52.3863639831543,51.42045593261719,52.02651596069336,42.358882904052734,1700582,,,,,,,,
2021-04-12,52.13068389892578,53.02083206176758,52.13068389892578,52.97348403930664,43.129886627197266,2841907,,,,,,,,
2021-04-13,52.65151596069336,52.82197189331055,51.74242401123047,52.34848403930664,42.62102508544922,1925405,,,,,,,,
2021-04-14,52.14015197753906,52.84090805053711,52.08333206176758,52.6988639831543,42.90629959106445,2567347,,,,,,,,
2021-04-15,53.030303955078125,53.977272033691406,52.6988639831543,53.664772033691406,43.692726135253906,3077606,,,,,,,,
2021-04-16,54.09090805053711,54.52651596069336,53.77840805053711,54.32765197753906,44.232421875,3084365,,,,,,,,
2021-04-19,54.53598403930664,54.61174011230469,53.64583206176758,54.147727966308594,44.08592987060547,1901645,,,,,,,,
2021-04-20,54.100379943847656,54.31818389892578,52.8125,53.41856002807617,43.49225616455078,2012419,,,,,,,,
2021-04-21,53.30492401123047,54.09090805053711,53.30492401123047,53.89204406738281,43.87775421142578,1368787,,,,,,,,
2021-04-22,53.98674011230469,54.01515197753906,52.91666793823242,52.91666793823242,43.0836296081543,2825856,,,,,,,,
2021-04-23,53.15340805053711,53.82575988769531,52.96401596069336,53.76893997192383,43.77752685546875,3014352,,,,,,,,
2021-04-26,53.939395904541016,54.47916793823242,53.57954406738281,53.90151596069336,43.88547134399414,1883270,,,,,,,,
2021-04-27,53.2386360168457,54.35606002807617,53.09659194946289,54.0625,44.016536712646484,2619302,,,,,,,,
2021-04-28,54.308712005615234,55.05681610107422,54.09090805053711,54.602272033691406,44.45600509643555,4489690,,,,,,,,
2021-04-29,55.17045593261719,55.8238639831543,54.13825988769531,55.01893997192383,44.795249938964844,2841168,,,,,,,,
2021-04-30,54.70643997192383,55.4261360168457,54.53598403930664,54.92424011230469,44.71815490722656,2779709,,,,,,,,
2021-05-03,55.3125,56.29734802246094,55.20833206176758,55.814395904541016,45.442893981933594,2210419,,,,,,,,
2021-05-04,55.9375,57.20643997192383,55.871212005615234,57.17802810668945,46.553138732910156,2654467,,,,,,,,
2021-05-05,56.9886360168457,57.907196044921875,56.9886360168457,57.5,46.815277099609375,2445696,,,,,,,,
2021-05-06,57.83143997192383,58.51325988769531,57.24431610107422,58.46590805053711,47.60169982910156,2104608,,,,,,,,
2021-05-07,57.935604095458984,58.51325988769531,57.63257598876953,58.371212005615234,47.52459716796875,1326230,,,,,,,,
2021-05-10,58.90151596069336,59.53598403930664,58.522727966308594,58.787879943847656,47.86384582519531,2159309,,,,,,,,
2021-05-11,58.72159194946289,59.441287994384766,58.371212005615234,59.35606002807617,48.32643508911133,2974646,,,,,,,,
2021-05-12,59.47916793823242,59.51704406738281,57.49052810668945,57.70833206176758,46.984901428222656,3316896,,,,,,,,
2021-05-13,57.462120056152344,59.70643997192383,57.34848403930664,59.20454406738281,48.20307922363281,3104851,,,,,,,,
2021-05-14,59.21401596069336,59.772727966308594,59.09090805053711,59.32765197753906,48.303306579589844,1579565,,,,,,,,
2021-05-17,59.20454406738281,61.19318389892578,59.20454406738281,60.70075988769531,49.421268463134766,5518128,,,,,,,,
2021-05-18,60.587120056152344,60.64393997192383,59.83901596069336,60.05681610107422,48.89698791503906,4054829,,,,,,,,
2021-05-19,59.64015197753906,60.02840805053711,58.77840805053711,59.5738639831543,48.5037727355957,2710752,,,,,,,,
2021-05-20,59.54545593261719,59.71590805053711,58.46590805053711,59.53598403930664,48.472938537597656,2633981,,,,,,,,
2021-05-21,59.772727966308594,60.34090805053711,59.39393997192383,60.16098403930664,48.98179244995117,2577802,,,,,,,,
2021-05-24,60.7386360168457,61.164772033691406,60.48295593261719,60.98484802246094,49.652565002441406,3661680,,,,,,,,
2021-05-25,60.96590805053711,61.4488639831543,60.20833206176758,60.20833206176758,49.02035140991211,4011850,,,,,,,,
2021-05-26,59.82954406738281,60.30302810668945,59.13825988769531,59.99052810668945,49.240318298339844,3335270,,,,,,,,
2021-05-27,60.13257598876953,61.10795593261719,59.95265197753906,60.407196044921875,49.582305908203125,7778813,,,,,,,,
2021-05-28,60.13257598876953,60.36931610107422,59.32765197753906,59.753787994384766,49.04599380493164,2824378,,,,,,,,
2021-06-01,60.75757598876953,60.88068389892578,59.85795593261719,60.44507598876953,49.6134033203125,2242944,,,,,,,,
2021-06-02,60.59659194946289,60.59659194946289,59.71590805053711,59.876895904541016,49.147037506103516,2061418,,,,,,,,
2021-06-03,59.85795593261719,61.032196044921875,59.649620056152344,60.78598403930664,49.893218994140625,2617930,,,,,,,,
2021-06-04,61.22159194946289,61.808712005615234,60.88068389892578,61.22159194946289,50.250770568847656,2493110,,,,,,,,
2021-06-07,61.4488639831543,61.54356002807617,60.16098403930664,60.350379943847656,49.535675048828125,3084893,,,,,,,,
2021-06-08,60.227272033691406,60.96590805053711,59.85795593261719,60.748104095458984,49.86213684082031,1865530,,,,,,,,
2021-06-09,60.587120056152344,60.83333206176758,59.876895904541016,59.92424011230469,49.1859016418457,2100912,,,,,,,,
2021-06-10,60.4261360168457,60.60606002807617,59.441287994384766,59.498104095458984,48.83612060546875,1725715,,,,,,,,
2021-06-11,60.25568389892578,60.407196044921875,59.54545593261719,60.274620056152344,49.47349548339844,2496173,,,,,,,,
2021-06-14,60.378787994384766,60.558712005615234,58.77840805053711,58.996212005615234,48.42417907714844,2982250,,,,,,,,
2021-06-15,59.01515197753906,60.350379943847656,58.787879943847656,59.83901596069336,49.11595153808594,2953421,,,,,,,,
2021-06-16,59.67802810668945,59.810604095458984,58.560604095458984,58.92992401123047,48.3697624206543,1805021,,,,,,,,
2021-06-17,58.92992401123047,58.98674011230469,56.25947189331055,57.03598403930664,46.815208435058594,3618490,,,,,,,,
2021-06-18,56.164772033691406,56.628787994384766,55.899620056152344,56.08901596069336,46.03794860839844,5683286,,,,,,,,
2021-06-21,56.6761360168457,58.06818389892578,56.58143997192383,57.80302810668945,47.44480895996094,2294688,,,,,,,,
2021-06-22,57.935604095458984,58.248104095458984,57.44318389892578,57.82197189331055,47.460357666015625,1735536,,,,,,,,
2021-06-23,57.8125,58.058712005615234,57.3863639831543,57.566287994384766,47.25048828125,1551370,,,,,,,,
2021-06-24,57.907196044921875,57.935604095458984,57.149620056152344,57.55681610107422,47.242713928222656,1665312,,,,,,,,
2021-06-25,57.67992401123047,58.248104095458984,57.376895904541016,57.462120056152344,47.16499328613281,2469456,,,,,,,,
2021-06-28,57.850379943847656,58.030303955078125,57.1875,57.49052810668945,47.18830108642578,2498496,,,,,,,,
2021-06-29,57.878787994384766,58.4375,57.19697189331055,57.47159194946289,47.172760009765625,1405958,,,,,,,,
2021-06-30,57.32007598876953,58.162879943847656,57.253787994384766,58.058712005615234,47.654666900634766,1900800,,,,,,,,
2021-07-01,58.4375,58.712120056152344,57.83143997192383,58.219696044921875,47.786800384521484,2169869,,,,,,,,
2021-07-02,58.2386360168457,58.2386360168457,57.5,58.06818389892578,47.662437438964844,1854019,,,,,,,,
2021-07-06,57.97348403930664,58.18181610107422,56.60984802246094,57.17802810668945,46.93180465698242,2411165,,,,,,,,
2021-07-07,56.81818389892578,58.40909194946289,56.77083206176758,58.162879943847656,47.740177154541016,2784883,,,,,,,,
2021-07-08,57.55681610107422,58.655303955078125,57.16856002807617,58.07765197753906,47.67021942138672,2385610,,,,,,,,
2021-07-09,58.873104095458984,59.375,58.73106002807617,58.939395904541016,48.37754440307617,1855075,,,,,,,,
2021-07-12,58.48484802246094,59.16666793823242,57.897727966308594,58.92992401123047,48.3697624206543,2276525,,,,,,,,
2021-07-13,58.90151596069336,59.05302810668945,57.95454406738281,58.18181610107422,47.75571823120117,1459392,,,,,,,,
2021-07-14,58.17234802246094,58.74052810668945,58.06818389892578,58.191287994384766,47.76348876953125,1918541,,,,,,,,
2021-07-15,57.65151596069336,58.02083206176758,56.467803955078125,56.71401596069336,46.55093765258789,4088093,,,,,,,,
2021-07-16,56.960227966308594,57.16856002807617,55.90909194946289,55.99431610107422,45.96021270751953,2806954,,,,,,,,
2021-07-19,55.217803955078125,55.378787994384766,54.09090805053711,54.70643997192383,44.90312576293945,3024384,,,,,,,,
2021-07-20,54.82954406738281,56.01325988769531,54.70643997192383,55.16098403930664,45.276214599609375,2782877,,,,,,,,
2021-07-21,55.691287994384766,55.871212005615234,55.32197189331055,55.36931610107422,45.44721221923828,2445274,,,,,,,,
2021-07-22,55.44507598876953,55.56818389892578,54.602272033691406,54.79166793823242,44.973079681396484,1498464,,,,,,,,
2021-07-23,54.97159194946289,55.14204406738281,54.4886360168457,55.0,45.14408493041992,1627613,,,,,,,,
2021-07-26,55.01893997192383,55.56818389892578,54.86742401123047,55.34090805053711,45.423892974853516,2642429,,,,,,,,
2021-07-27,55.350379943847656,56.07007598876953,54.469696044921875,55.625,45.65707778930664,1978416,,,,,,,,
2021-07-28,55.5113639831543,55.95643997192383,55.037879943847656,55.397727966308594,45.47053909301758,2560378,,,,,,,,
2021-07-29,55.15151596069336,55.397727966308594,53.74052810668945,54.962120056152344,45.11298751831055,3546259,,,,,,,,
2021-07-30,54.772727966308594,55.33143997192383,54.128787994384766,54.69697189331055,44.89535140991211,3658195,,,,,,,,
2021-08-02,54.8863639831543,55.98484802246094,54.34659194946289,54.460227966308594,44.7010383605957,2282544,,,,,,,,
2021-08-03,54.67802810668945,55.8238639831543,54.16666793823242,55.59659194946289,45.633758544921875,2199965,,,,,,,,
2021-08-04,55.32197189331055,55.407196044921875,54.592803955078125,54.65909194946289,44.8642578125,1658659,,,,,,,,
2021-08-05,54.99052810668945,55.36931610107422,54.22348403930664,54.375,44.631080627441406,2107142,,,,,,,,
2021-08-06,54.649620056152344,55.16098403930664,54.50757598876953,54.82007598876953,44.99639892578125,1826880,,,,,,,,
2021-08-09,54.82007598876953,55.92802810668945,54.64015197753906,55.52083206176758,45.571571350097656,4702368,,,,,,,,
2021-08-10,55.56818389892578,57.02651596069336,55.530303955078125,56.45833206176758,46.34108352661133,2981827,,,,,,,,
2021-08-11,56.751895904541016,57.13068389892578,56.45833206176758,56.875,46.68307876586914,2474208,,,,,,,,
2021-08-12,56.85606002807617,56.998104095458984,56.09848403930664,56.74242401123047,46.57426452636719,2172509,,,,,,,,
2021-08-13,56.41098403930664,56.524620056152344,55.86174011230469,56.07954406738281,46.42766571044922,1776826,,,,,,,,
2021-08-16,55.814395904541016,56.467803955078125,55.07575988769531,56.32575988769531,46.63149642944336,2386982,,,,,,,,
2021-08-17,56.17424011230469,56.183712005615234,55.1988639831543,55.814395904541016,46.20814514160156,2072928,,,,,,,,
2021-08-18,55.49242401123047,56.524620056152344,55.34090805053711,55.44507598876953,45.90238952636719,1774925,,,,,,,,
2021-08-19,54.95265197753906,55.539772033691406,54.592803955078125,55.07575988769531,45.59663391113281,1627296,,,,,,,,
2021-08-20,54.962120056152344,55.975379943847656,54.79166793823242,55.64393997192383,46.0670280456543,1528560,,,,,,,,
2021-08-23,55.92802810668945,55.92802810668945,55.07575988769531,55.35984802246094,45.83182907104492,2122560,,,,,,,,
2021-08-24,55.530303955078125,56.01325988769531,55.407196044921875,55.78598403930664,46.184627532958984,1155053,,,,,,,,
2021-08-25,55.625,56.647727966308594,55.45454406738281,56.316287994384766,46.623653411865234,1464672,,,,,,,,
2021-08-26,56.335227966308594,56.335227966308594,55.79545593261719,55.9375,46.310062408447266,1345027,,,,,,,,
2021-08-27,56.164772033691406,57.13068389892578,56.164772033691406,56.941287994384766,47.14108657836914,1722442,,,,,,,,
2021-08-30,57.11174011230469,57.13068389892578,56.1363639831543,56.22159194946289,46.54526138305664,1998797,,,,,,,,
2021-08-31,56.17424011230469,57.0738639831543,56.14583206176758,56.90340805053711,47.10972595214844,2829235,,,,,,,,
2021-09-01,56.998104095458984,57.03598403930664,56.183712005615234,56.66666793823242,46.913726806640625,1455802,,,,,,,,
2021-09-02,56.88447189331055,57.13068389892578,56.70454406738281,57.102272033691406,47.27436065673828,1435526,,,,,,,,
2021-09-03,57.092803955078125,57.1875,56.51515197753906,56.74242401123047,46.9764404296875,1750003,,,,,,,,
2021-09-07,56.316287994384766,56.467803955078125,55.397727966308594,55.587120056152344,46.019981384277344,3319853,,,,,,,,
2021-09-08,55.28409194946289,55.710227966308594,55.123104095458984,55.36931610107422,45.839664459228516,2193946,,,,,,,,
2021-09-09,55.25568389892578,55.95643997192383,55.17992401123047,55.47348403930664,45.925907135009766,1591603,,,,,,,,
2021-09-10,55.77651596069336,56.23106002807617,55.246212005615234,55.25568389892578,45.74559783935547,1733952,,,,,,,,
2021-09-13,55.65340805053711,55.99431610107422,55.246212005615234,55.49242401123047,45.941585540771484,2163850,,,,,,,,
2021-09-14,55.558712005615234,55.64393997192383,54.592803955078125,54.6875,45.275203704833984,2136394,,,,,,,,
2021-09-15,54.602272033691406,55.05681610107422,54.460227966308594,54.86742401123047,45.424156188964844,2419085,,,,,,,,
2021-09-16,55.085227966308594,55.246212005615234,54.772727966308594,54.79166793823242,45.3614387512207,2174621,,,,,,,,
2021-09-17,54.621212005615234,54.8011360168457,53.33333206176758,53.59848403930664,44.37361526489258,4828349,,,,,,,,
2021-09-20,52.566287994384766,52.98295593261719,51.89393997192383,52.91666793823242,43.80914306640625,2815613,,,,,,,,
2021-09-21,53.162879943847656,53.219696044921875,52.13068389892578,52.29166793823242,43.291717529296875,1886650,,,,,,,,
2021-09-22,52.78409194946289,53.60795593261719,52.70833206176758,53.15340805053711,44.00514602661133,2290464,,,,,,,,
2021-09-23,53.58901596069336,54.602272033691406,53.46590805053711,54.07197189331055,44.76560974121094,1830576,,,,,,,,
2021-09-24,54.07197189331055,54.64015197753906,53.79734802246094,53.9488639831543,44.66368865966797,1833427,,,,,,,,
2021-09-27,53.787879943847656,54.67802810668945,53.787879943847656,54.289772033691406,44.945926666259766,1877885,,,,,,,,
2021-09-28,54.58333206176758,54.79166793823242,53.92992401123047,53.996212005615234,44.702884674072266,1752960,,,,,,,,
2021-09-29,53.996212005615234,54.47916793823242,53.70265197753906,54.128787994384766,44.812660217285156,1973875,,,,,,,,
2021-09-30,54.412879943847656,54.441287994384766,52.897727966308594,52.95454406738281,43.84049606323242,3046771,,,,,,,,
2021-10-01,53.29999923706055,53.68000030517578,52.439998626708984,53.2599983215332,44.093387603759766,2733000,,,,,,,,
2021-10-04,53.0099983215332,54.11000061035156,53.0099983215332,53.83000183105469,44.56528854370117,3177300,,,,,,,,
2021-10-05,53.88999938964844,54.68000030517578,53.41999816894531,54.34000015258789,44.98750686645508,2075500,,,,,,,,
2021-10-06,54.0099983215332,54.41999816894531,53.099998474121094,54.029998779296875,44.730865478515625,1889900,,,,,,,,
2021-10-07,54.470001220703125,54.81999969482422,54.189998626708984,54.2599983215332,44.92127990722656,1505300,,,,,,,,
2021-10-08,54.04999923706055,54.689998626708984,54.04999923706055,54.38999938964844,45.028900146484375,2437500,,,,,,,,
2021-10-11,54.75,56.150001525878906,54.70000076293945,55.75,46.15483093261719,2307300,,,,,,,,
2021-10-12,55.4900016784668,56.43000030517578,55.15999984741211,55.7400016784668,46.14655303955078,1938400,,,,,,,,
2021-10-13,55.43000030517578,56.56999969482422,54.060001373291016,55.279998779296875,45.76572036743164,3041100,,,,,,,,
2021-10-14,55.689998626708984,56.0,54.91999816894531,55.810001373291016,46.20450210571289,2271700,,,,,,,,
2021-10-15,55.2400016784668,55.349998474121094,52.58000183105469,53.279998779296875,44.10993957519531,7205900,,,,,,,,
2021-10-18,52.97999954223633,53.36000061035156,52.70000076293945,52.869998931884766,43.77051544189453,3698100,,,,,,,,
2021-10-19,52.209999084472656,52.5,51.72999954223633,52.060001373291016,43.09991455078125,3824700,,,,,,,,
2021-10-20,52.0099983215332,53.83000183105469,52.0099983215332,53.529998779296875,44.31691360473633,2790400,,,,,,,,
2021-10-21,53.47999954223633,53.790000915527344,52.7400016784668,53.15999984741211,44.01060104370117,1679500,,,,,,,,
2021-10-22,53.45000076293945,53.959999084472656,52.959999084472656,53.029998779296875,43.9029655456543,2279700,,,,,,,,
2021-10-25,53.130001068115234,53.5099983215332,52.75,52.97999954223633,43.8615837097168,1787300,,,,,,,,
2021-10-26,53.119998931884766,53.439998626708984,52.47999954223633,53.040000915527344,43.91124725341797,2906500,,,,,,,,
2021-10-27,51.91999816894531,52.33000183105469,49.779998779296875,50.18000030517578,41.54348373413086,5247200,,,,,,,,
2021-10-28,50.08000183105469,50.529998779296875,49.54999923706055,49.689998626708984,41.137821197509766,3790900,,,,,,,,
2021-10-29,49.720001220703125,50.650001525878906,49.5099983215332,49.66999816894531,41.12125778198242,3188000,,,,,,,,
2021-11-01,48.86000061035156,49.70000076293945,48.52000045776367,49.099998474121094,40.64936447143555,4283800,,,,,,,,
2021-11-02,49.22999954223633,49.849998474121094,48.84000015258789,48.95000076293945,40.52519226074219,3939100,,,,,,,,
2021-11-03,48.72999954223633,50.029998779296875,48.72999954223633,49.90999984741211,41.31995391845703,3235300,,,,,,,,
2021-11-04,49.779998779296875,50.20000076293945,48.529998779296875,48.75,40.3596076965332,2900100,,,,,,,,
2021-11-05,48.97999954223633,49.72999954223633,48.81999969482422,48.869998931884766,40.458946228027344,2259500,,,,,,,,
2021-11-08,49.13999938964844,49.599998474121094,48.84000015258789,49.34000015258789,40.848060607910156,3276000,,,,,,,,
2021-11-09,49.18000030517578,49.560001373291016,48.900001525878906,49.279998779296875,40.79838943481445,2577100,,,,,,,,
2021-11-10,49.459999084472656,50.099998474121094,49.25,49.70000076293945,41.14610290527344,3359800,,,,,,,,
2021-11-11,49.86000061035156,50.279998779296875,49.45000076293945,50.150001525878906,41.51865768432617,2107200,,,,,,,,
2021-11-12,49.7599983215332,50.15999984741211,49.16999816894531,49.279998779296875,41.178558349609375,2452300,,,,,,,,
2021-11-15,49.400001525878906,49.47999954223633,49.04999923706055,49.45000076293945,41.32061767578125,2518700,,,,,,,,
2021-11-16,49.40999984741211,49.84000015258789,49.25,49.27000045776367,41.170204162597656,2047300,,,,,,,,
2021-11-17,49.150001525878906,49.349998474121094,48.77000045776367,48.93000030517578,40.8860969543457,2326400,,,,,,,,
2021-11-18,48.900001525878906,49.38999938964844,48.31999969482422,48.56999969482422,40.58528137207031,2186800,,,,,,,,
2021-11-19,48.08000183105469,48.27000045776367,47.2599983215332,47.58000183105469,39.75803756713867,2919200,,,,,,,,
2021-11-22,47.619998931884766,48.7599983215332,46.90999984741211,48.439998626708984,40.47665023803711,3318200,,,,,,,,
2021-11-23,48.56999969482422,48.599998474121094,48.0099983215332,48.310001373291016,40.36802673339844,1924300,,,,,,,,
2021-11-24,48.369998931884766,48.369998931884766,47.459999084472656,47.54999923706055,39.73295974731445,1892900,,,,,,,,
2021-11-26,46.439998626708984,47.79999923706055,46.18000030517578,47.529998779296875,39.716251373291016,2330700,,,,,,,,
2021-11-29,48.15999984741211,48.15999984741211,47.189998626708984,47.220001220703125,39.45722198486328,2721400,,,,,,,,
2021-11-30,46.810001373291016,46.900001525878906,45.279998779296875,45.52000045776367,38.036685943603516,6170700,,,,,,,,
2021-12-01,46.119998931884766,46.68000030517578,45.130001068115234,45.130001068115234,37.71080780029297,3947400,,,,,,,,
2021-12-02,45.40999984741211,46.209999084472656,45.06999969482422,45.880001068115234,38.3375129699707,4267600,,,,,,,,
2021-12-03,45.77000045776367,47.0099983215332,45.77000045776367,46.45000076293945,38.81380081176758,3939300,,,,,,,,
2021-12-06,46.86000061035156,47.4900016784668,46.86000061035156,47.04999923706055,39.315162658691406,4119900,,,,,,,,
2021-12-07,47.18000030517578,47.31999969482422,46.2599983215332,46.650001525878906,38.980926513671875,4326400,,,,,,,,
2021-12-08,46.7599983215332,47.209999084472656,46.209999084472656,46.400001525878906,38.77202224731445,11208600,,,,,,,,
2021-12-09,46.220001220703125,46.65999984741211,45.790000915527344,46.16999816894531,38.57982635498047,4403300,,,,,,,,
2021-12-10,46.5,46.5,45.75,45.88999938964844,38.345863342285156,4555100,,,,,,,,
2021-12-13,45.869998931884766,46.119998931884766,45.27000045776367,45.84000015258789,38.304073333740234,4100500,,,,,,,,
2021-12-14,45.900001525878906,46.27000045776367,45.400001525878906,45.540000915527344,38.053401947021484,6463200,,,,,,,,
2021-12-15,45.599998474121094,46.290000915527344,44.880001068115234,46.20000076293945,38.60490036010742,5467800,,,,,,,,
2021-12-16,46.41999816894531,47.13999938964844,46.31999969482422,47.0099983215332,39.281742095947266,5386500,,,,,,,,
2021-12-17,47.060001373291016,47.20000076293945,45.75,45.84000015258789,38.304073333740234,7606000,,,,,,,,
2021-12-20,45.220001220703125,45.45000076293945,43.869998931884766,44.56999969482422,37.242862701416016,5221000,,,,,,,,
2021-12-21,45.0,45.689998626708984,45.0,45.31999969482422,37.86957550048828,3963300,,,,,,,,
2021-12-22,45.33000183105469,45.63999938964844,44.90999984741211,45.27000045776367,37.827781677246094,3231700,,,,,,,,
2021-12-23,45.56999969482422,46.029998779296875,45.5099983215332,45.84000015258789,38.304073333740234,2403500,,,,,,,,
2021-12-27,45.79999923706055,46.38999938964844,45.75,46.33000183105469,38.71352767944336,1754000,,,,,,,,
2021-12-28,46.29999923706055,46.79999923706055,46.29999923706055,46.66999816894531,38.99763488769531,2112400,,,,,,,,
2021-12-29,46.5099983215332,46.97999954223633,46.5099983215332,46.720001220703125,39.03942108154297,1786900,,,,,,,,
2021-12-30,46.84000015258789,47.189998626708984,46.619998931884766,46.68000030517578,39.005985260009766,1669900,,,,,,,,
2021-12-31,46.560001373291016,47.16999816894531,46.560001373291016,46.97999954223633,39.256675720214844,1790300,,,,,,,,
2022-01-03,47.349998474121094,47.54999923706055,46.650001525878906,46.790000915527344,39.09790802001953,2808400,,,,,,,,
2022-01-04,47.02000045776367,49.040000915527344,47.0,48.470001220703125,40.5017204284668,4110600,,,,,,,,
2022-01-05,48.43000030517578,49.380001068115234,48.400001525878906,48.689998626708984,40.685546875,4216100,,,,,,,,
2022-01-06,49.189998626708984,49.27000045776367,48.06999969482422,48.34000015258789,40.39308547973633,2773900,,,,,,,,
2022-01-07,48.33000183105469,49.25,48.279998779296875,48.869998931884766,40.835960388183594,2796000,,,,,,,,
2022-01-10,49.099998474121094,49.43000030517578,48.0099983215332,48.56999969482422,40.58528137207031,3304400,,,,,,,,
2022-01-11,48.77000045776367,48.90999984741211,48.04999923706055,48.52000045776367,40.543495178222656,1955100,,,,,,,,
2022-01-12,48.54999923706055,48.84000015258789,48.22999954223633,48.4900016784668,40.51844024658203,2329500,,,,,,,,
2022-01-13,48.689998626708984,49.7400016784668,48.599998474121094,49.29999923706055,41.19527053833008,2639900,,,,,,,,
2022-01-14,48.88999938964844,49.58000183105469,48.61000061035156,49.5,41.36239242553711,2951100,,,,,,,,
2022-01-18,49.15999984741211,49.40999984741211,48.31999969482422,49.310001373291016,41.20362854003906,2866900,,,,,,,,
2022-01-19,49.52000045776367,49.65999984741211,48.84000015258789,49.349998474121094,41.2370491027832,2647600,,,,,,,,
2022-01-20,48.13999938964844,49.189998626708984,47.650001525878906,48.16999816894531,40.25103759765625,3592800,,,,,,,,
2022-01-21,48.2400016784668,48.36000061035156,47.09000015258789,47.290000915527344,39.515716552734375,4181300,,,,,,,,
2022-01-24,46.470001220703125,48.349998474121094,46.34000015258789,48.22999954223633,40.301177978515625,5386600,,,,,,,,
2022-01-25,47.470001220703125,48.33000183105469,46.869998931884766,47.7400016784668,39.89173126220703,3680300,,,,,,,,
2022-01-26,47.7400016784668,48.47999954223633,46.869998931884766,47.310001373291016,39.53242111206055,3673900,,,,,,,,
2022-01-27,47.45000076293945,48.45000076293945,45.93000030517578,46.38999938964844,38.763668060302734,5154600,,,,,,,,
2022-01-28,45.43000030517578,47.2400016784668,45.15999984741211,47.18000030517578,39.423789978027344,5011300,,,,,,,,
2022-01-31,46.959999084472656,48.52000045776367,46.65999984741211,48.25,40.31789779663086,6843600,,,,,,,,
2022-02-01,48.04999923706055,48.59000015258789,47.959999084472656,48.04999923706055,40.15077209472656,3273900,,,,,,,,
2022-02-02,47.97999954223633,48.20000076293945,47.5099983215332,47.709999084472656,39.866661071777344,2993600,,,,,,,,
2022-02-03,47.869998931884766,48.279998779296875,47.2599983215332,47.560001373291016,39.741329193115234,2886400,,,,,,,,
2022-02-04,47.470001220703125,47.97999954223633,46.709999084472656,46.790000915527344,39.09790802001953,3013100,,,,,,,,
2022-02-07,47.060001373291016,47.290000915527344,46.61000061035156,46.65999984741211,38.9892692565918,2989400,,,,,,,,
2022-02-08,47.099998474121094,47.459999084472656,46.58000183105469,47.13999938964844,39.3903694152832,2708700,,,,,,,,
2022-02-09,47.369998931884766,47.560001373291016,47.0099983215332,47.15999984741211,39.40708541870117,2125600,,,,,,,,
2022-02-10,47.040000915527344,47.47999954223633,46.470001220703125,46.61000061035156,38.94749450683594,2720300,,,,,,,,
2022-02-11,46.33000183105469,47.189998626708984,46.33000183105469,46.560001373291016,38.905723571777344,2852700,,,,,,,,
2022-02-14,46.66999816894531,46.84000015258789,45.68000030517578,46.22999954223633,38.62996292114258,3315600,,,,,,,,
2022-02-15,46.650001525878906,46.9900016784668,46.25,46.72999954223633,39.04777145385742,2769500,,,,,,,,
2022-02-16,46.560001373291016,47.290000915527344,46.08000183105469,46.56999969482422,38.9140739440918,2516100,,,,,,,,
2022-02-17,45.91999816894531,46.29999923706055,45.79999923706055,46.119998931884766,38.9250373840332,2764500,,,,,,,,
2022-02-18,46.20000076293945,47.09000015258789,46.11000061035156,46.7400016784668,39.448326110839844,3629600,,,,,,,,
2022-02-22,46.880001068115234,47.369998931884766,46.650001525878906,46.90999984741211,39.59180450439453,3862500,,,,,,,,
2022-02-23,47.04999923706055,47.04999923706055,45.040000915527344,45.11000061035156,38.07260513305664,4138000,,,,,,,,
2022-02-24,44.25,44.56999969482422,42.95000076293945,44.189998626708984,37.29613494873047,5724800,,,,,,,,
2022-02-25,44.27000045776367,45.88999938964844,44.27000045776367,45.41999816894531,38.33424377441406,3919600,,,,,,,,
2022-02-28,44.5099983215332,44.650001525878906,42.97999954223633,43.529998779296875,36.739097595214844,7338800,,,,,,,,
2022-03-01,43.099998474121094,43.349998474121094,40.849998474121094,41.27000045776367,34.8316764831543,7282900,,,,,,,,
2022-03-02,41.63999938964844,42.2400016784668,41.16999816894531,42.0099983215332,35.45621871948242,6100700,,,,,,,,
2022-03-03,42.33000183105469,42.93000030517578,42.0,42.22999954223633,35.641902923583984,4532300,,,,,,,,
2022-03-04,41.56999969482422,42.27000045776367,41.349998474121094,42.209999084472656,35.625022888183594,4062400,,,,,,,,
2022-03-07,42.13999938964844,42.209999084472656,40.95000076293945,40.97999954223633,34.586910247802734,4447200,,,,,,,,
2022-03-08,41.34000015258789,42.33000183105469,40.45000076293945,41.61000061035156,35.118629455566406,4859200,,,,,,,,
2022-03-09,42.65999984741211,42.81999969482422,42.09000015258789,42.16999816894531,35.59126663208008,3971800,,,,,,,,
2022-03-10,41.61000061035156,42.4900016784668,41.36000061035156,42.040000915527344,35.48154067993164,3090300,,,,,,,,
2022-03-11,42.369998931884766,42.900001525878906,42.130001068115234,42.43000030517578,35.810707092285156,2747100,,,,,,,,
2022-03-14,42.90999984741211,43.09000015258789,42.380001068115234,42.540000915527344,35.90354537963867,3529900,,,,,,,,
2022-03-15,42.779998779296875,43.41999816894531,42.41999816894531,43.189998626708984,36.45214080810547,3206500,,,,,,,,
2022-03-16,43.529998779296875,44.72999954223633,43.41999816894531,44.15999984741211,37.270816802978516,4003400,,,,,,,,
2022-03-17,43.79999923706055,44.970001220703125,43.79999923706055,44.970001220703125,37.95444869995117,3199400,,,,,,,,
2022-03-18,44.880001068115234,45.310001373291016,44.349998474121094,45.0099983215332,37.98821258544922,9498000,,,,,,,,
2022-03-21,44.970001220703125,45.349998474121094,44.33000183105469,44.7599983215332,37.77721405029297,3040200,,,,,,,,
2022-03-22,45.5,45.9900016784668,44.66999816894531,45.09000015258789,38.05573272705078,4265000,,,,,,,,
2022-03-23,44.81999969482422,45.04999923706055,44.61000061035156,44.630001068115234,37.667484283447266,2462100,,,,,,,,
2022-03-24,44.869998931884766,45.439998626708984,44.709999084472656,45.2400016784668,38.18232727050781,2313000,,,,,,,,
2022-03-25,45.349998474121094,46.34000015258789,45.31999969482422,46.31999969482422,39.09384536743164,2274400,,,,,,,,
2022-03-28,46.29999923706055,46.29999923706055,45.33000183105469,46.119998931884766,38.9250373840332,2255800,,,,,,,,
2022-03-29,46.650001525878906,46.849998474121094,46.2599983215332,46.689998626708984,39.40612030029297,2190100,,,,,,,,
2022-03-30,46.560001373291016,46.86000061035156,46.279998779296875,46.38999938964844,39.15292739868164,2091100,,,,,,,,
2022-03-31,46.18000030517578,46.790000915527344,46.06999969482422,46.150001525878906,38.95036697387695,2805100,,,,,,,,
2022-04-01,46.459999084472656,46.52000045776367,45.290000915527344,46.29999923706055,39.07696533203125,2401200,,,,,,,,
2022-04-04,46.150001525878906,46.279998779296875,45.380001068115234,45.900001525878906,38.7393684387207,2278200,,,,,,,,
2022-04-05,45.689998626708984,46.34000015258789,45.61000061035156,45.779998779296875,38.638084411621094,2470900,,,,,,,,
2022-04-06,45.56999969482422,45.83000183105469,45.29999923706055,45.689998626708984,38.56212615966797,2147900,,,,,,,,
2022-04-07,45.56999969482422,45.68000030517578,44.75,45.380001068115234,38.30048370361328,2024200,,,,,,,,
2022-04-08,46.02000045776367,46.7599983215332,45.95000076293945,46.70000076293945,39.41456985473633,2679500,,,,,,,,
2022-04-11,47.02000045776367,48.099998474121094,46.619998931884766,46.66999816894531,39.38924026489258,2657800,,,,,,,,
2022-04-12,46.470001220703125,47.119998931884766,46.380001068115234,46.63999938964844,39.363922119140625,2119800,,,,,,,,
2022-04-13,46.2599983215332,47.22999954223633,46.2599983215332,47.04999923706055,39.709957122802734,1667400,,,,,,,,
2022-04-14,47.099998474121094,47.66999816894531,47.099998474121094,47.43000030517578,40.030670166015625,1644400,,,,,,,,
2022-04-18,47.43000030517578,47.970001220703125,47.15999984741211,47.459999084472656,40.055999755859375,1445600,,,,,,,,
2022-04-19,47.7599983215332,48.65999984741211,47.5,48.650001525878906,41.06035614013672,1753900,,,,,,,,
2022-04-20,48.86000061035156,49.650001525878906,48.77000045776367,49.40999984741211,41.70178985595703,2432800,,,,,,,,
2022-04-21,49.689998626708984,50.22999954223633,49.4900016784668,49.689998626708984,41.938106536865234,2532300,,,,,,,,
2022-04-22,49.33000183105469,49.38999938964844,47.689998626708984,47.720001220703125,40.27544403076172,2328100,,,,,,,,
2022-04-25,47.2400016784668,47.68000030517578,46.290000915527344,47.4900016784668,40.08131408691406,2418800,,,,,,,,
2022-04-26,47.33000183105469,47.880001068115234,47.02000045776367,47.02000045776367,39.68463897705078,3189300,,,,,,,,
2022-04-27,47.310001373291016,47.959999084472656,47.040000915527344,47.36000061035156,39.971595764160156,2723500,,,,,,,,
2022-04-28,48.310001373291016,49.20000076293945,45.459999084472656,47.47999954223633,40.0728759765625,5250000,,,,,,,,
2022-04-29,47.7599983215332,48.130001068115234,46.119998931884766,46.279998779296875,39.060081481933594,4671700,,,,,,,,
2022-05-02,46.560001373291016,46.86000061035156,45.709999084472656,46.54999923706055,39.287960052490234,2771400,,,,,,,,
2022-05-03,46.54999923706055,47.43000030517578,46.4900016784668,46.81999969482422,39.515838623046875,2836700,,,,,,,,
2022-05-04,46.95000076293945,48.5,46.79999923706055,48.4900016784668,40.92531967163086,2791700,,,,,,,,
2022-05-05,48.02000045776367,48.47999954223633,47.43000030517578,48.11000061035156,40.604591369628906,2924800,,,,,,,,
2022-05-06,48.0099983215332,48.29999923706055,47.33000183105469,48.15999984741211,40.64679718017578,2517000,,,,,,,,
2022-05-09,47.75,48.79999923706055,47.650001525878906,47.810001373291016,40.35139846801758,4134800,,,,,,,,
2022-05-10,48.2599983215332,48.630001068115234,46.97999954223633,47.849998474121094,40.38515090942383,3329700,,,,,,,,
2022-05-11,47.81999969482422,49.16999816894531,47.5099983215332,47.66999816894531,40.233238220214844,3137900,,,,,,,,
2022-05-12,47.79999923706055,47.93000030517578,46.689998626708984,47.58000183105469,40.157283782958984,3008000,,,,,,,,
2022-05-13,47.75,48.47999954223633,47.459999084472656,47.790000915527344,40.33451843261719,2579000,,,,,,,,
2022-05-16,47.91999816894531,48.25,47.15999984741211,47.88999938964844,40.418914794921875,3478100,,,,,,,,
2022-05-17,48.599998474121094,49.31999969482422,48.0,49.18000030517578,41.507667541503906,2824400,,,,,,,,
2022-05-18,48.779998779296875,49.060001373291016,48.15999984741211,48.33000183105469,40.79027557373047,3600700,,,,,,,,
2022-05-19,47.83000183105469,48.369998931884766,47.20000076293945,47.81999969482422,40.359832763671875,3323500,,,,,,,,
2022-05-20,48.29999923706055,48.45000076293945,46.709999084472656,47.47999954223633,40.0728759765625,3943000,,,,,,,,
2022-05-23,48.06999969482422,48.619998931884766,47.75,48.13999938964844,40.629913330078125,2746200,,,,,,,,
2022-05-24,47.810001373291016,48.09000015258789,46.06999969482422,47.189998626708984,39.82811737060547,3382900,,,,,,,,
2022-05-25,46.97999954223633,48.08000183105469,46.880001068115234,47.88999938964844,40.418914794921875,3306500,,,,,,,,
2022-05-26,48.060001373291016,48.880001068115234,47.959999084472656,48.68000030517578,41.48675537109375,2439400,,,,,,,,
2022-05-27,49.0,49.310001373291016,48.540000915527344,49.310001373291016,42.02367401123047,2695400,,,,,,,,
2022-05-31,48.68000030517578,49.16999816894531,48.2599983215332,48.45000076293945,41.290748596191406,5324800,,,,,,,,
2022-06-01,48.400001525878906,48.5099983215332,46.91999816894531,47.45000076293945,40.43852233886719,3161400,,,,,,,,
2022-06-02,47.7599983215332,47.93000030517578,46.54999923706055,47.5,40.48112487792969,2755600,,,,,,,,
2022-06-03,47.20000076293945,47.56999969482422,47.0,47.09000015258789,40.131710052490234,1794400,,,,,,,,
2022-06-06,47.2400016784668,47.720001220703125,46.880001068115234,47.2599983215332,40.27659225463867,2620600,,,,,,,,
2022-06-07,46.970001220703125,48.0,46.689998626708984,47.93000030517578,40.84758377075195,2295400,,,,,,,,
2022-06-08,47.529998779296875,47.83000183105469,47.119998931884766,47.279998779296875,40.29363250732422,1780400,,,,,,,,
2022-06-09,47.130001068115234,47.209999084472656,46.25,46.279998779296875,39.4413948059082,2773000,,,,,,,,
2022-06-10,45.22999954223633,45.43000030517578,44.650001525878906,45.0,38.35054397583008,3092900,,,,,,,,
2022-06-13,44.43000030517578,44.47999954223633,42.900001525878906,43.13999938964844,36.7653923034668,3509700,,,,,,,,
2022-06-14,43.130001068115234,44.029998779296875,42.97999954223633,43.619998931884766,37.17445755004883,3291000,,,,,,,,
2022-06-15,44.25,44.529998779296875,43.41999816894531,44.04999923706055,37.54092025756836,4246300,,,,,,,,
2022-06-16,43.209999084472656,43.33000183105469,42.15999984741211,42.709999084472656,36.39892578125,4144900,,,,,,,,
2022-06-17,42.83000183105469,43.11000061035156,41.90999984741211,42.349998474121094,36.09212112426758,7383700,,,,,,,,
2022-06-21,41.959999084472656,42.31999969482422,41.59000015258789,41.880001068115234,35.69157409667969,4216500,,,,,,,,
2022-06-22,41.16999816894531,41.540000915527344,40.689998626708984,41.2400016784668,35.146141052246094,3271300,,,,,,,,
2022-06-23,41.09000015258789,41.40999984741211,40.41999816894531,41.119998931884766,35.04387664794922,2576400,,,,,,,,
2022-06-24,41.459999084472656,42.869998931884766,41.369998931884766,42.84000015258789,36.50972366333008,5164700,,,,,,,,
2022-06-27,43.029998779296875,43.290000915527344,42.619998931884766,42.810001373291016,36.48414993286133,2118100,,,,,,,,
2022-06-28,42.84000015258789,43.400001525878906,42.22999954223633,42.34000015258789,36.08359909057617,3083900,,,,,,,,
2022-06-29,42.5,42.650001525878906,42.02000045776367,42.439998626708984,36.168819427490234,1978100,,,,,,,,
2022-06-30,41.9900016784668,42.290000915527344,41.47999954223633,41.83000183105469,35.648963928222656,3472100,,,,,,,,
2022-07-01,41.5,42.209999084472656,41.060001373291016,41.97999954223633,35.77679443359375,4010500,,,,,,,,
2022-07-05,41.349998474121094,41.630001068115234,40.209999084472656,41.61000061035156,35.46147155761719,3492500,,,,,,,,
2022-07-06,41.7599983215332,42.34000015258789,41.15999984741211,41.869998931884766,35.683048248291016,2968100,,,,,,,,
2022-07-07,42.34000015258789,43.38999938964844,42.34000015258789,43.060001373291016,36.697208404541016,2624000,,,,,,,,
2022-07-08,43.25,43.310001373291016,42.65999984741211,42.709999084472656,36.39892578125,2344000,,,,,,,,
2022-07-11,42.16999816894531,42.61000061035156,41.869998931884766,42.22999954223633,35.9898567199707,2031700,,,,,,,,
2022-07-12,42.119998931884766,43.279998779296875,42.0099983215332,42.77000045776367,36.45005798339844,2569400,,,,,,,,
2022-07-13,42.20000076293945,42.4900016784668,41.83000183105469,42.13999938964844,35.913150787353516,2094700,,,,,,,,
2022-07-14,41.290000915527344,41.93000030517578,41.18000030517578,41.779998779296875,35.60634994506836,2114000,,,,,,,,
2022-07-15,42.33000183105469,42.439998626708984,41.7400016784668,41.91999816894531,35.72565460205078,2211100,,,,,,,,
2022-07-18,42.09000015258789,42.31999969482422,41.220001220703125,41.41999816894531,35.29954528808594,2307200,,,,,,,,
2022-07-19,42.0099983215332,42.79999923706055,41.939998626708984,42.61000061035156,36.31370162963867,1889400,,,,,,,,
2022-07-20,42.400001525878906,43.04999923706055,42.34000015258789,42.939998626708984,36.59493637084961,1927700,,,,,,,,
2022-07-21,42.810001373291016,43.310001373291016,42.650001525878906,43.27000045776367,36.87617492675781,1813300,,,,,,,,
2022-07-22,43.380001068115234,43.560001373291016,42.939998626708984,43.189998626708984,36.80799865722656,1592900,,,,,,,,
2022-07-25,43.27000045776367,43.66999816894531,42.84000015258789,43.459999084472656,37.0380973815918,1877300,,,,,,,,
2022-07-26,43.08000183105469,43.13999938964844,41.20000076293945,41.779998779296875,35.60634994506836,4467500,,,,,,,,
2022-07-27,41.880001068115234,42.86000061035156,41.709999084472656,42.619998931884766,36.32221984863281,5077100,,,,,,,,
2022-07-28,43.47999954223633,44.06999969482422,42.220001220703125,43.02000045776367,36.66312026977539,5159400,,,,,,,,
2022-07-29,43.22999954223633,43.369998931884766,42.369998931884766,42.77000045776367,36.45005798339844,4700200,,,,,,,,
2022-08-01,42.540000915527344,43.119998931884766,42.349998474121094,42.81999969482422,36.49266815185547,2909300,,,,,,,,
2022-08-02,42.65999984741211,42.810001373291016,42.0099983215332,42.34000015258789,36.08359909057617,2511200,,,,,,,,
2022-08-03,42.720001220703125,42.880001068115234,42.08000183105469,42.61000061035156,36.31370162963867,2637200,,,,,,,,
2022-08-04,42.45000076293945,42.65999984741211,41.83000183105469,41.869998931884766,35.683048248291016,2598600,,,,,,,,
2022-08-05,41.619998931884766,42.130001068115234,41.43000030517578,41.790000915527344,35.614864349365234,1882800,,,,,,,,
2022-08-08,42.279998779296875,42.790000915527344,42.20000076293945,42.47999954223633,36.20290756225586,2266300,,,,,,,,
2022-08-09,42.619998931884766,42.75,42.27000045776367,42.5099983215332,36.22848129272461,1985400,,,,,,,,
2022-08-10,43.220001220703125,43.779998779296875,43.18000030517578,43.40999984741211,36.995479583740234,2061300,,,,,,,,
2022-08-11,43.75,44.13999938964844,43.61000061035156,43.79999923706055,37.32786178588867,2161900,,,,,,,,
2022-08-12,43.779998779296875,44.630001068115234,43.619998931884766,44.5099983215332,38.33821105957031,2823700,,,,,,,,
2022-08-15,44.209999084472656,44.540000915527344,43.91999816894531,44.4900016784668,38.320980072021484,2159400,,,,,,,,
2022-08-16,44.380001068115234,45.18000030517578,44.2400016784668,44.97999954223633,38.743038177490234,2416300,,,,,,,,
2022-08-17,44.5099983215332,44.84000015258789,44.33000183105469,44.400001525878906,38.243465423583984,2154200,,,,,,,,
2022-08-18,44.13999938964844,44.25,43.75,44.13999938964844,38.019508361816406,1727400,,,,,,,,
2022-08-19,43.959999084472656,43.97999954223633,43.400001525878906,43.59000015258789,37.54578399658203,5698000,,,,,,,,
2022-08-22,42.88999938964844,42.97999954223633,42.209999084472656,42.5,36.6069221496582,2704800,,,,,,,,
2022-08-23,42.59000015258789,43.06999969482422,42.400001525878906,42.779998779296875,36.84809494018555,1353700,,,,,,,,
2022-08-24,42.61000061035156,42.869998931884766,42.36000061035156,42.61000061035156,36.70166015625,1809900,,,,,,,,
2022-08-25,42.869998931884766,43.880001068115234,42.810001373291016,43.869998931884766,37.78695297241211,1591500,,,,,,,,
2022-08-26,44.0099983215332,44.08000183105469,42.599998474121094,42.619998931884766,36.71028137207031,1631500,,,,,,,,
2022-08-29,42.36000061035156,42.5,42.02000045776367,42.150001525878906,36.305450439453125,1929700,,,,,,,,
2022-08-30,42.20000076293945,42.41999816894531,41.5099983215332,42.099998474121094,36.26238250732422,2122500,,,,,,,,
2022-08-31,42.22999954223633,42.54999923706055,41.58000183105469,41.619998931884766,35.84895324707031,2922500,,,,,,,,
2022-09-01,41.529998779296875,41.68000030517578,41.0,41.310001373291016,35.58192443847656,2068900,,,,,,,,
2022-09-02,41.81999969482422,41.97999954223633,40.83000183105469,40.93000030517578,35.254615783691406,2087600,,,,,,,,
2022-09-06,41.02000045776367,41.060001373291016,40.130001068115234,40.33000183105469,34.737815856933594,2541600,,,,,,,,
2022-09-07,40.380001068115234,41.11000061035156,40.16999816894531,41.060001373291016,35.36659240722656,2297500,,,,,,,,
2022-09-08,40.709999084472656,41.630001068115234,40.279998779296875,41.56999969482422,35.805877685546875,2364000,,,,,,,,
2022-09-09,41.90999984741211,41.9900016784668,41.4900016784668,41.720001220703125,35.93507766723633,1638600,,,,,,,,
2022-09-12,42.0,42.689998626708984,41.849998474121094,42.16999816894531,36.32267761230469,1659100,,,,,,,,
2022-09-13,41.40999984741211,41.5,40.38999938964844,40.4900016784668,34.875633239746094,2142600,,,,,,,,
2022-09-14,40.36000061035156,40.560001373291016,39.369998931884766,39.68000030517578,34.17793655395508,2733200,,,,,,,,
2022-09-15,39.75,40.16999816894531,39.52000045776367,39.68000030517578,34.17793655395508,2303200,,,,,,,,
2022-09-16,37.119998931884766,37.119998931884766,34.75,35.22999954223633,30.344985961914062,12447800,,,,,,,,
2022-09-19,35.34000015258789,36.54999923706055,35.29999923706055,36.52000045776367,31.456111907958984,5320300,,,,,,,,
2022-09-20,35.790000915527344,35.970001220703125,34.43000030517578,34.83000183105469,30.000452041625977,4213600,,,,,,,,
2022-09-21,34.95000076293945,35.5,34.2400016784668,34.2599983215332,29.50948143005371,2964400,,,,,,,,
2022-09-22,34.29999923706055,34.400001525878906,33.54999923706055,33.810001373291016,29.12187957763672,3421300,,,,,,,,
2022-09-23,33.20000076293945,33.400001525878906,32.4900016784668,33.099998474121094,28.510330200195312,3510200,,,,,,,,
2022-09-26,32.75,32.849998474121094,31.1299991607666,31.770000457763672,27.364749908447266,8462600,,,,,,,,
2022-09-27,32.25,32.58000183105469,31.579999923706055,31.899999618530273,27.476722717285156,5500100,,,,,,,,
2022-09-28,32.20000076293945,32.79999923706055,32.119998931884766,32.709999084472656,28.174406051635742,5793500,,,,,,,,
2022-09-29,32.060001373291016,32.2599983215332,31.34000015258789,32.09000015258789,27.640377044677734,4583600,,,,,,,,
2022-09-30,32.029998779296875,32.72999954223633,31.639999389648438,31.700000762939453,27.30445671081543,4340300,,,,,,,,
2022-10-03,32.22999954223633,32.959999084472656,31.799999237060547,32.540000915527344,28.027976989746094,6139000,,,,,,,,
2022-10-04,33.0,33.38999938964844,32.79999923706055,33.25,28.639530181884766,4782700,,,,,,,,
2022-10-05,32.68000030517578,33.099998474121094,32.38999938964844,32.869998931884766,28.312223434448242,4674600,,,,,,,,
2022-10-06,32.439998626708984,32.790000915527344,31.969999313354492,32.20000076293945,27.735124588012695,3838200,,,,,,,,
2022-10-07,31.760000228881836,31.809999465942383,31.299999237060547,31.559999465942383,27.183866500854492,3683900,,,,,,,,
2022-10-10,31.8700008392334,31.940000534057617,31.360000610351562,31.56999969482422,27.192481994628906,3265100,,,,,,,,
2022-10-11,31.149999618530273,31.989999771118164,30.690000534057617,31.579999923706055,27.201093673706055,4334700,,,,,,,,
2022-10-12,31.8799991607666,31.920000076293945,31.479999542236328,31.5,27.132192611694336,2544300,,,,,,,,
2022-10-13,31.010000228881836,32.88999938964844,30.8799991607666,32.779998779296875,28.234699249267578,3506500,,,,,,,,
2022-10-14,33.06999969482422,33.380001068115234,32.5099983215332,32.619998931884766,28.09688377380371,3191400,,,,,,,,
2022-10-17,33.31999969482422,33.58000183105469,33.0099983215332,33.22999954223633,28.62230682373047,3561400,,,,,,,,
2022-10-18,33.709999084472656,34.08000183105469,33.33000183105469,33.540000915527344,28.88932228088379,4000800,,,,,,,,
2022-10-19,33.16999816894531,33.279998779296875,32.2400016784668,32.560001373291016,28.045207977294922,3136700,,,,,,,,
2022-10-20,32.59000015258789,32.970001220703125,31.84000015258789,31.90999984741211,27.48533821105957,2728600,,,,,,,,
2022-10-21,31.940000534057617,33.08000183105469,31.899999618530273,33.08000183105469,28.49310302734375,3471400,,,,,,,,
2022-10-24,33.38999938964844,33.400001525878906,32.849998474121094,32.970001220703125,28.398359298706055,3189000,,,,,,,,
2022-10-25,32.619998931884766,33.58000183105469,32.400001525878906,33.439998626708984,28.803184509277344,3548300,,,,,,,,
2022-10-26,33.61000061035156,33.880001068115234,33.08000183105469,33.220001220703125,28.613693237304688,4427500,,,,,,,,
2022-10-27,32.41999816894531,34.150001525878906,32.18000030517578,32.9900016784668,28.415586471557617,6335700,,,,,,,,
2022-10-28,33.0,33.880001068115234,32.880001068115234,33.81999969482422,29.1304931640625,3635700,,,,,,,,
2022-10-31,33.529998779296875,33.91999816894531,33.33000183105469,33.61000061035156,28.949615478515625,3598600,,,,,,,,
2022-11-01,33.970001220703125,34.04999923706055,32.869998931884766,33.529998779296875,28.880706787109375,3369200,,,,,,,,
2022-11-02,33.349998474121094,33.9900016784668,32.709999084472656,32.720001220703125,28.183019638061523,3353200,,,,,,,,
2022-11-03,32.52000045776367,33.06999969482422,32.38999938964844,32.689998626708984,28.157180786132812,2925900,,,,,,,,
2022-11-04,33.290000915527344,33.77000045776367,32.95000076293945,33.66999816894531,29.001291275024414,3069200,,,,,,,,
2022-11-07,33.77000045776367,33.88999938964844,33.220001220703125,33.59000015258789,28.932388305664062,2525600,,,,,,,,
2022-11-08,33.75,33.849998474121094,33.2400016784668,33.52000045776367,28.872095108032227,3139800,,,,,,,,
2022-11-09,33.25,33.58000183105469,33.060001373291016,33.220001220703125,28.613693237304688,3172000,,,,,,,,
2022-11-10,34.09000015258789,35.15999984741211,33.7599983215332,35.13999938964844,30.267459869384766,4051600,,,,,,,,
2022-11-11,35.5099983215332,36.869998931884766,35.189998626708984,36.630001068115234,31.550861358642578,5185600,,,,,,,,
2022-11-14,36.189998626708984,37.13999938964844,36.02000045776367,36.209999084472656,31.588369369506836,4123800,,,,,,,,
2022-11-15,36.779998779296875,37.099998474121094,36.060001373291016,36.5099983215332,31.850082397460938,3640800,,,,,,,,
2022-11-16,36.380001068115234,36.5,35.68000030517578,35.779998779296875,31.21324920654297,2572700,,,,,,,,
2022-11-17,35.27000045776367,35.81999969482422,35.040000915527344,35.7400016784668,31.178361892700195,3289900,,,,,,,,
2022-11-18,36.09000015258789,36.20000076293945,35.560001373291016,35.77000045776367,31.20453453063965,6472200,,,,,,,,
2022-11-21,35.54999923706055,36.279998779296875,35.540000915527344,36.189998626708984,31.570926666259766,2544300,,,,,,,,
2022-11-22,36.4900016784668,36.95000076293945,36.279998779296875,36.709999084472656,32.02455520629883,2258600,,,,,,,,
2022-11-23,36.7599983215332,36.90999984741211,36.529998779296875,36.810001373291016,32.11179733276367,1555400,,,,,,,,
2022-11-25,36.79999923706055,36.90999984741211,36.540000915527344,36.720001220703125,32.03327178955078,861800,,,,,,,,
2022-11-28,36.349998474121094,36.43000030517578,35.72999954223633,35.779998779296875,31.21324920654297,2682000,,,,,,,,
2022-11-29,35.83000183105469,36.45000076293945,35.630001068115234,36.33000183105469,31.693052291870117,2403100,,,,,,,,
2022-11-30,36.22999954223633,37.130001068115234,35.59000015258789,37.119998931884766,32.38222122192383,6137200,,,,,,,,
2022-12-01,37.41999816894531,37.63999938964844,36.97999954223633,37.38999938964844,32.61777114868164,3886200,,,,,,,,
2022-12-02,37.08000183105469,37.220001220703125,36.70000076293945,37.099998474121094,32.36477279663086,2631500,,,,,,,,
2022-12-05,36.7599983215332,36.939998626708984,36.380001068115234,36.52000045776367,31.858802795410156,2465300,,,,,,,,
2022-12-06,36.41999816894531,36.7400016784668,36.029998779296875,36.41999816894531,31.771568298339844,2218700,,,,,,,,
2022-12-07,36.150001525878906,36.72999954223633,36.029998779296875,36.150001525878906,31.536029815673828,2003600,,,,,,,,
2022-12-08,36.38999938964844,36.529998779296875,36.02000045776367,36.16999816894531,31.5534725189209,1487400,,,,,,,,
2022-12-09,36.380001068115234,36.529998779296875,36.0099983215332,36.08000183105469,31.47496795654297,1744900,,,,,,,,
2022-12-12,36.06999969482422,36.810001373291016,35.95000076293945,36.79999923706055,32.103065490722656,2572700,,,,,,,,
2022-12-13,37.88999938964844,38.029998779296875,36.939998626708984,37.220001220703125,32.46945571899414,4787900,,,,,,,,
2022-12-14,37.13999938964844,37.79999923706055,36.790000915527344,37.099998474121094,32.36477279663086,2778700,,,,,,,,
2022-12-15,36.59000015258789,36.790000915527344,36.27000045776367,36.540000915527344,31.876251220703125,3623300,,,,,,,,
2022-12-16,36.20000076293945,36.310001373291016,35.08000183105469,35.61000061035156,31.06495475769043,6248400,,,,,,,,
2022-12-19,35.709999084472656,35.88999938964844,34.619998931884766,34.91999816894531,30.463014602661133,3596400,,,,,,,,
2022-12-20,34.900001525878906,35.099998474121094,34.61000061035156,34.68000030517578,30.253650665283203,2733500,,,,,,,,
2022-12-21,34.93000030517578,35.119998931884766,34.599998474121094,34.65999984741211,30.236207962036133,3045700,,,,,,,,
2022-12-22,34.380001068115234,34.45000076293945,33.75,34.43000030517578,30.035558700561523,6327500,,,,,,,,
2022-12-23,34.36000061035156,34.880001068115234,34.290000915527344,34.72999954223633,30.297271728515625,2001400,,,,,,,,
2022-12-27,34.709999084472656,35.040000915527344,34.529998779296875,34.90999984741211,30.45429229736328,1670600,,,,,,,,
2022-12-28,34.70000076293945,35.099998474121094,34.150001525878906,34.36000061035156,29.9744930267334,2312600,,,,,,,,
2022-12-29,34.5099983215332,35.029998779296875,34.439998626708984,34.77000045776367,30.33216094970703,1751200,,,,,,,,
2022-12-30,34.5,34.7599983215332,34.2400016784668,34.630001068115234,30.21002960205078,2016800,,,,,,,,
2023-01-03,34.7599983215332,35.5099983215332,34.709999084472656,35.40999984741211,30.890480041503906,3692600,,,,,,,,
2023-01-04,35.7599983215332,36.86000061035156,35.650001525878906,36.83000183105469,32.129241943359375,4592300,,,,,,,,
2023-01-05,36.47999954223633,36.56999969482422,35.900001525878906,36.20000076293945,31.57965660095215,3407300,,,,,,,,
2023-01-06,36.58000183105469,36.900001525878906,36.349998474121094,36.63999938964844,31.963483810424805,2167300,,,,,,,,
2023-01-09,36.68000030517578,37.66999816894531,36.68000030517578,37.0099983215332,32.2862663269043,2951300,,,,,,,,
2023-01-10,36.959999084472656,37.65999984741211,36.41999816894531,37.619998931884766,32.81840515136719,3299500,,,,,,,,
2023-01-11,37.93000030517578,38.060001373291016,37.459999084472656,37.61000061035156,32.80967712402344,3533800,,,,,,,,
2023-01-12,37.79999923706055,38.099998474121094,37.369998931884766,37.81999969482422,32.99288558959961,2315100,,,,,,,,
2023-01-13,37.5099983215332,38.40999984741211,37.380001068115234,38.25,33.36799621582031,3447200,,,,,,,,
2023-01-17,38.25,38.36000061035156,37.529998779296875,37.540000915527344,32.74861526489258,2165300,,,,,,,,
2023-01-18,37.63999938964844,37.810001373291016,36.86000061035156,36.90999984741211,32.19902420043945,2138800,,,,,,,,
2023-01-19,36.529998779296875,36.869998931884766,35.91999816894531,36.630001068115234,31.95475959777832,2299600,,,,,,,,
2023-01-20,36.5099983215332,37.529998779296875,36.5,37.529998779296875,32.73989486694336,2445200,,,,,,,,
2023-01-23,37.59000015258789,37.880001068115234,37.20000076293945,37.470001220703125,32.68754577636719,2058500,,,,,,,,
2023-01-24,37.470001220703125,37.5099983215332,36.58000183105469,36.75,32.059444427490234,2241400,,,,,,,,
2023-01-25,36.470001220703125,36.68000030517578,35.79999923706055,36.31999969482422,31.684326171875,2998300,,,,,,,,
2023-01-26,36.400001525878906,37.27000045776367,36.33000183105469,37.22999954223633,32.478187561035156,2552900,,,,,,,,
2023-01-27,37.290000915527344,38.2599983215332,37.18000030517578,38.11000061035156,33.24586486816406,3282300,,,,,,,,
2023-01-30,37.79999923706055,38.380001068115234,37.77000045776367,37.790000915527344,32.966705322265625,4174500,,,,,,,,
2023-01-31,39.65999984741211,41.88999938964844,39.400001525878906,41.81999969482422,36.48234176635742,10851200,,,,,,,,
2023-02-01,41.29999923706055,41.5,40.380001068115234,40.849998474121094,35.636138916015625,6862300,,,,,,,,
2023-02-02,41.25,41.61000061035156,40.83000183105469,41.529998779296875,36.22935485839844,4356100,,,,,,,,
2023-02-03,41.22999954223633,41.869998931884766,41.20000076293945,41.36000061035156,36.081058502197266,2650300,,,,,,,,
2023-02-06,41.09000015258789,41.20000076293945,40.41999816894531,40.540000915527344,35.36571502685547,2478500,,,,,,,,
2023-02-07,40.31999969482422,40.77000045776367,39.959999084472656,40.279998779296875,35.1389045715332,2547400,,,,,,,,
2023-02-08,40.0099983215332,40.279998779296875,39.279998779296875,39.439998626708984,34.40611267089844,3532100,,,,,,,,
2023-02-09,39.630001068115234,39.650001525878906,38.130001068115234,38.369998931884766,33.472679138183594,3608500,,,,,,,,
2023-02-10,38.209999084472656,38.720001220703125,37.849998474121094,38.630001068115234,33.69949722290039,3131700,,,,,,,,
2023-02-13,38.779998779296875,39.459999084472656,38.68000030517578,39.189998626708984,34.188018798828125,2236600,,,,,,,,
2023-02-14,39.099998474121094,39.36000061035156,38.869998931884766,39.150001525878906,34.15312957763672,2366400,,,,,,,,
2023-02-15,38.79999923706055,39.369998931884766,38.79999923706055,39.279998779296875,34.266536712646484,3090500,,,,,,,,
2023-02-16,38.279998779296875,39.0,38.20000076293945,38.63999938964844,34.110286712646484,2245600,,,,,,,,
2023-02-17,38.56999969482422,38.709999084472656,38.04999923706055,38.27000045776367,33.783653259277344,4085000,,,,,,,,
2023-02-21,37.70000076293945,37.79999923706055,35.81999969482422,36.11000061035156,31.87687110900879,4589600,,,,,,,,
2023-02-22,36.04999923706055,36.619998931884766,36.04999923706055,36.279998779296875,32.02693557739258,2202900,,,,,,,,
2023-02-23,36.45000076293945,36.66999816894531,35.9900016784668,36.54999923706055,32.26529312133789,1686700,,,,,,,,
2023-02-24,36.13999938964844,36.970001220703125,35.970001220703125,36.4900016784668,32.21232604980469,3273400,,,,,,,,
2023-02-27,37.119998931884766,37.189998626708984,36.45000076293945,36.58000183105469,32.291778564453125,2489300,,,,,,,,
2023-02-28,36.540000915527344,36.75,36.34000015258789,36.38999938964844,32.124046325683594,3633500,,,,,,,,
2023-03-01,36.25,37.150001525878906,36.16999816894531,36.689998626708984,32.388877868652344,2219000,,,,,,,,
2023-03-02,36.88999938964844,37.68000030517578,36.66999816894531,37.52000045776367,33.12158203125,2965300,,,,,,,,
2023-03-03,37.689998626708984,38.0,37.189998626708984,37.77000045776367,33.34226989746094,3215400,,,,,,,,
2023-03-06,37.560001373291016,37.58000183105469,36.43000030517578,36.619998931884766,32.327083587646484,3250400,,,,,,,,
2023-03-07,36.599998474121094,36.72999954223633,36.099998474121094,36.290000915527344,32.035770416259766,2542600,,,,,,,,
2023-03-08,36.369998931884766,36.939998626708984,36.34000015258789,36.81999969482422,32.50363540649414,2854800,,,,,,,,
2023-03-09,36.9900016784668,37.13999938964844,36.09000015258789,36.20000076293945,31.956331253051758,2253200,,,,,,,,
2023-03-10,36.060001373291016,36.18000030517578,35.18000030517578,35.52000045776367,31.356040954589844,2486500,,,,,,,,
2023-03-13,35.0,35.5,34.70000076293945,34.849998474121094,30.764585494995117,3289600,,,,,,,,
2023-03-14,35.52000045776367,35.779998779296875,35.0099983215332,35.439998626708984,31.285411834716797,3043300,,,,,,,,
2023-03-15,34.650001525878906,34.709999084472656,34.119998931884766,34.47999954223633,30.43795394897461,3660900,,,,,,,,
2023-03-16,34.0,34.88999938964844,33.869998931884766,34.66999816894531,30.605680465698242,3134100,,,,,,,,
2023-03-17,34.540000915527344,34.540000915527344,33.41999816894531,34.060001373291016,30.06719207763672,7959500,,,,,,,,
2023-03-20,34.599998474121094,35.31999969482422,34.599998474121094,34.83000183105469,30.746931076049805,3499900,,,,,,,,
2023-03-21,35.459999084472656,35.4900016784668,35.13999938964844,35.2400016784668,31.10886001586914,3078500,,,,,,,,
2023-03-22,35.369998931884766,35.38999938964844,34.380001068115234,34.400001525878906,30.36733627319336,3744500,,,,,,,,
2023-03-23,34.40999984741211,34.779998779296875,33.810001373291016,34.11000061035156,30.111337661743164,2901300,,,,,,,,
2023-03-24,33.779998779296875,34.65999984741211,33.439998626708984,34.47999954223633,30.43795394897461,3047700,,,,,,,,
2023-03-27,35.0,35.02000045776367,34.4900016784668,34.5,30.455612182617188,3166600,,,,,,,,
2023-03-28,34.439998626708984,34.849998474121094,34.36000061035156,34.65999984741211,30.59685516357422,1780500,,,,,,,,
2023-03-29,35.029998779296875,35.189998626708984,34.869998931884766,35.06999969482422,30.958789825439453,1970900,,,,,,,,
2023-03-30,35.5,35.56999969482422,35.13999938964844,35.2400016784668,31.10886001586914,1530500,,,,,,,,
2023-03-31,35.529998779296875,36.130001068115234,35.47999954223633,36.060001373291016,31.83273696899414,3611500,,,,,,,,
2023-04-03,36.099998474121094,36.40999984741211,35.81999969482422,35.959999084472656,31.744457244873047,3102400,,,,,,,,
2023-04-04,35.9900016784668,36.04999923706055,35.04999923706055,35.36000061035156,31.21479606628418,2579000,,,,,,,,
2023-04-05,35.099998474121094,35.54999923706055,35.0099983215332,35.470001220703125,31.311904907226562,2356600,,,,,,,,
2023-04-06,35.529998779296875,35.81999969482422,35.349998474121094,35.779998779296875,31.585556030273438,2690900,,,,,,,,
2023-04-10,35.709999084472656,36.029998779296875,35.400001525878906,35.88999938964844,31.682666778564453,1780400,,,,,,,,
2023-04-11,36.279998779296875,36.97999954223633,36.209999084472656,36.540000915527344,32.256465911865234,2546800,,,,,,,,
2023-04-12,36.83000183105469,37.029998779296875,36.29999923706055,36.470001220703125,32.19467544555664,1559500,,,,,,,,
2023-04-13,36.470001220703125,36.66999816894531,35.959999084472656,36.400001525878906,32.132877349853516,2033100,,,,,,,,
2023-04-14,35.959999084472656,36.29999923706055,35.529998779296875,35.90999984741211,31.7003231048584,3069000,,,,,,,,
2023-04-17,35.939998626708984,36.380001068115234,35.86000061035156,36.34000015258789,32.07991027832031,1982800,,,,,,,,
2023-04-18,36.36000061035156,36.529998779296875,36.189998626708984,36.4900016784668,32.21232604980469,1870500,,,,,,,,
2023-04-19,36.400001525878906,36.77000045776367,36.22999954223633,36.56999969482422,32.2829475402832,1749800,,,,,,,,
2023-04-20,36.34000015258789,36.599998474121094,36.310001373291016,36.54999923706055,32.26529312133789,1840700,,,,,,,,
2023-04-21,36.5,36.58000183105469,35.849998474121094,36.040000915527344,31.815080642700195,1905400,,,,,,,,
2023-04-24,36.040000915527344,36.4900016784668,36.040000915527344,36.380001068115234,32.1152229309082,2664600,,,,,,,,
2023-04-25,35.0099983215332,35.22999954223633,34.560001373291016,34.689998626708984,30.62333869934082,5127500,,,,,,,,
2023-04-26,34.880001068115234,35.04999923706055,34.27000045776367,34.560001373291016,30.508577346801758,3160100,,,,,,,,
2023-04-27,33.459999084472656,34.0,32.400001525878906,33.0099983215332,29.14027976989746,5459400,,,,,,,,
2023-04-28,33.25,33.59000015258789,32.709999084472656,33.11000061035156,29.22855567932129,4202900,,,,,,,,
2023-05-01,33.08000183105469,33.79999923706055,32.95000076293945,33.2400016784668,29.343318939208984,3245700,,,,,,,,
2023-05-02,32.9900016784668,33.20000076293945,31.799999237060547,32.31999969482422,28.531169891357422,4206400,,,,,,,,
2023-05-03,32.47999954223633,32.9900016784668,32.22999954223633,32.29999923706055,28.51350975036621,2964700,,,,,,,,
2023-05-04,32.279998779296875,32.439998626708984,31.690000534057617,31.790000915527344,28.06330108642578,3061800,,,,,,,,
2023-05-05,32.16999816894531,32.54999923706055,32.04999923706055,32.349998474121094,28.557655334472656,2006400,,,,,,,,
2023-05-08,32.54999923706055,32.70000076293945,32.189998626708984,32.380001068115234,28.584135055541992,1749200,,,,,,,,
2023-05-09,32.13999938964844,32.33000183105469,32.02000045776367,32.119998931884766,28.354610443115234,2177500,,,,,,,,
2023-05-10,32.310001373291016,32.36000061035156,31.40999984741211,31.889999389648438,28.151573181152344,3335700,,,,,,,,
2023-05-11,31.700000762939453,31.8799991607666,31.459999084472656,31.690000534057617,27.975025177001953,3981600,,,,,,,,
2023-05-12,31.84000015258789,32.06999969482422,31.479999542236328,31.760000228881836,28.03681755065918,2886700,,,,,,,,
2023-05-15,31.790000915527344,31.93000030517578,31.40999984741211,31.81999969482422,28.08978271484375,3104700,,,,,,,,
2023-05-16,31.829999923706055,31.829999923706055,31.299999237060547,31.479999542236328,27.78963851928711,2998700,,,,,,,,
2023-05-17,31.59000015258789,32.13999938964844,31.450000762939453,32.099998474121094,28.336956024169922,2445500,,,,,,,,
2023-05-18,31.950000762939453,32.040000915527344,31.600000381469727,32.029998779296875,28.275161743164062,1876100,,,,,,,,
2023-05-19,32.349998474121094,32.369998931884766,31.850000381469727,31.959999084472656,28.21337127685547,3373600,,,,,,,,
2023-05-22,31.75,31.850000381469727,31.360000610351562,31.729999542236328,28.010334014892578,3091700,,,,,,,,
2023-05-23,31.81999969482422,32.34000015258789,31.549999237060547,31.959999084472656,28.21337127685547,2640500,,,,,,,,
2023-05-24,31.860000610351562,31.950000762939453,31.389999389648438,31.459999084472656,27.771984100341797,2984500,,,,,,,,
2023-05-25,31.0,31.0,30.40999984741211,30.610000610351562,27.42525291442871,4062400,,,,,,,,
2023-05-26,30.729999542236328,30.920000076293945,30.559999465942383,30.6200008392334,27.43421173095703,2974600,,,,,,,,
2023-05-30,30.540000915527344,30.59000015258789,30.049999237060547,30.139999389648438,27.004152297973633,3785500,,,,,,,,
2023-05-31,30.0,30.09000015258789,29.40999984741211,29.440000534057617,26.37697982788086,6653100,,,,,,,,
2023-06-01,29.540000915527344,29.6200008392334,29.010000228881836,29.170000076293945,26.135072708129883,3709500,,,,,,,,
2023-06-02,29.59000015258789,30.65999984741211,29.549999237060547,30.3799991607666,27.219179153442383,3969100,,,,,,,,
2023-06-05,30.530000686645508,30.729999542236328,30.209999084472656,30.280000686645508,27.129587173461914,3328700,,,,,,,,
2023-06-06,30.25,30.940000534057617,30.25,30.829999923706055,27.62236213684082,4876400,,,,,,,,
2023-06-07,31.139999389648438,32.16999816894531,30.989999771118164,32.130001068115234,28.787107467651367,4642900,,,,,,,,
2023-06-08,32.189998626708984,32.400001525878906,31.440000534057617,31.75,28.44664192199707,3914000,,,,,,,,
2023-06-09,31.770000457763672,31.770000457763672,31.450000762939453,31.68000030517578,28.383922576904297,3450400,,,,,,,,
2023-06-12,31.3799991607666,31.59000015258789,30.959999084472656,31.329999923706055,28.07033920288086,4061300,,,,,,,,
2023-06-13,31.559999465942383,31.920000076293945,31.40999984741211,31.549999237060547,28.26744842529297,3907400,,,,,,,,
2023-06-14,31.899999618530273,32.15999984741211,31.579999923706055,31.799999237060547,28.491437911987305,3883900,,,,,,,,
2023-06-15,31.65999984741211,31.8700008392334,31.3700008392334,31.809999465942383,28.50039291381836,3238300,,,,,,,,
2023-06-16,31.75,32.040000915527344,31.59000015258789,31.979999542236328,28.6527099609375,7100100,,,,,,,,
2023-06-20,31.5,31.649999618530273,31.170000076293945,31.520000457763672,28.24057388305664,3705500,,,,,,,,
2023-06-21,31.209999084472656,31.600000381469727,30.829999923706055,31.1200008392334,27.88218879699707,2984600,,,,,,,,
2023-06-22,31.100000381469727,31.1200008392334,30.540000915527344,30.739999771118164,27.541725158691406,3750000,,,,,,,,
2023-06-23,30.440000534057617,30.690000534057617,30.229999542236328,30.600000381469727,27.416290283203125,3169900,,,,,,,,
2023-06-26,30.75,31.399999618530273,30.709999084472656,31.34000015258789,28.079301834106445,2665100,,,,,,,,
2023-06-27,31.290000915527344,31.81999969482422,31.079999923706055,31.670000076293945,28.374967575073242,2253100,,,,,,,,
2023-06-28,31.610000610351562,31.610000610351562,31.0,31.3700008392334,28.106178283691406,2042200,,,,,,,,
2023-06-29,31.200000762939453,31.690000534057617,31.110000610351562,31.68000030517578,28.383922576904297,2351700,,,,,,,,
2023-06-30,31.43000030517578,31.8799991607666,31.079999923706055,31.809999465942383,28.50039291381836,3210200,,,,,,,,
2023-07-03,31.860000610351562,32.369998931884766,31.790000915527344,32.029998779296875,28.697505950927734,1721200,,,,,,,,
2023-07-05,31.469999313354492,31.600000381469727,31.219999313354492,31.329999923706055,28.07033920288086,4034700,,,,,,,,
2023-07-06,31.15999984741211,31.3700008392334,30.809999465942383,31.299999237060547,28.043460845947266,3263900,,,,,,,,
2023-07-07,31.25,32.279998779296875,31.25,31.799999237060547,28.491437911987305,3707300,,,,,,,,
2023-07-10,30.989999771118164,31.649999618530273,30.8799991607666,31.219999313354492,27.97178077697754,3427300,,,,,,,,
2023-07-11,31.420000076293945,31.81999969482422,31.290000915527344,31.700000762939453,28.401844024658203,2596400,,,,,,,,
2023-07-12,32.15999984741211,32.36000061035156,31.739999771118164,31.809999465942383,28.50039291381836,2335100,,,,,,,,
2023-07-13,31.6299991607666,31.969999313354492,31.549999237060547,31.829999923706055,28.51831817626953,2509000,,,,,,,,
2023-07-14,31.860000610351562,31.860000610351562,31.31999969482422,31.399999618530273,28.133056640625,3566900,,,,,,,,
2023-07-17,31.149999618530273,31.190000534057617,30.979999542236328,30.989999771118164,27.765714645385742,2793400,,,,,,,,
2023-07-18,30.81999969482422,31.579999923706055,30.780000686645508,31.360000610351562,28.097219467163086,3201600,,,,,,,,
2023-07-19,31.3799991607666,31.649999618530273,31.229999542236328,31.559999465942383,28.276411056518555,3050200,,,,,,,,
2023-07-20,31.700000762939453,31.770000457763672,31.31999969482422,31.610000610351562,28.32120704650879,2395500,,,,,,,,
2023-07-21,31.610000610351562,31.920000076293945,31.280000686645508,31.850000381469727,28.536239624023438,3189600,,,,,,,,
2023-07-24,32.0,32.439998626708984,31.90999984741211,32.369998931884766,29.002134323120117,2630400,,,,,,,,
2023-07-25,32.70000076293945,34.06999969482422,32.65999984741211,33.93000030517578,30.399822235107422,8142400,,,,,,,,
2023-07-26,34.0,34.150001525878906,33.5099983215332,33.77000045776367,30.2564754486084,3585100,,,,,,,,
2023-07-27,34.52000045776367,36.029998779296875,34.400001525878906,35.400001525878906,31.716882705688477,6959700,,,,,,,,
2023-07-28,35.90999984741211,36.2599983215332,35.63999938964844,35.7400016784668,32.021514892578125,3449100,,,,,,,,
2023-07-31,35.86000061035156,36.209999084472656,35.86000061035156,36.060001373291016,32.30821990966797,3383700,,,,,,,,
2023-08-01,36.0,36.18000030517578,35.650001525878906,35.939998626708984,32.20069885253906,3031200,,,,,,,,
2023-08-02,35.88999938964844,37.0,35.88999938964844,36.59000015258789,32.783077239990234,5842000,,,,,,,,
2023-08-03,36.61000061035156,37.20000076293945,36.22999954223633,36.619998931884766,32.8099479675293,3365000,,,,,,,,
2023-08-04,36.599998474121094,37.11000061035156,36.2400016784668,36.2599983215332,32.487403869628906,2489900,,,,,,,,
2023-08-07,36.38999938964844,36.599998474121094,35.970001220703125,36.13999938964844,32.37989044189453,2336000,,,,,,,,
2023-08-08,35.560001373291016,35.939998626708984,35.31999969482422,35.849998474121094,32.12006759643555,2400900,,,,,,,,
2023-08-09,35.7400016784668,35.939998626708984,35.59000015258789,35.709999084472656,31.994632720947266,1522500,,,,,,,,
2023-08-10,35.86000061035156,35.91999816894531,35.400001525878906,35.54999923706055,31.851280212402344,2033400,,,,,,,,
2023-08-11,35.33000183105469,35.689998626708984,35.290000915527344,35.41999816894531,31.734804153442383,2318700,,,,,,,,
2023-08-14,34.849998474121094,34.86000061035156,34.47999954223633,34.70000076293945,31.50149154663086,2757500,,,,,,,,
2023-08-15,34.349998474121094,34.66999816894531,34.22999954223633,34.29999923706055,31.13836669921875,2100300,,,,,,,,
2023-08-16,34.13999938964844,34.439998626708984,34.0,34.029998779296875,30.89325523376465,2334600,,,,,,,,
2023-08-17,34.15999984741211,34.560001373291016,34.06999969482422,34.22999954223633,31.074813842773438,2385000,,,,,,,,
2023-08-18,34.029998779296875,34.56999969482422,34.0,34.5099983215332,31.329008102416992,3754800,,,,,,,,
2023-08-21,34.41999816894531,34.45000076293945,33.650001525878906,34.060001373291016,30.920486450195312,2247900,,,,,,,,
2023-08-22,34.06999969482422,34.25,33.66999816894531,33.77000045776367,30.657217025756836,1702200,,,,,,,,
2023-08-23,33.84000015258789,33.97999954223633,33.56999969482422,33.880001068115234,30.757078170776367,1607300,,,,,,,,
2023-08-24,33.61000061035156,34.27000045776367,33.61000061035156,33.7400016784668,30.62998390197754,2038900,,,,,,,,
2023-08-25,33.97999954223633,34.119998931884766,33.70000076293945,33.93000030517578,30.802461624145508,2678900,,,,,,,,
2023-08-28,34.08000183105469,34.59000015258789,34.040000915527344,34.45000076293945,31.2745361328125,1682000,,,,,,,,
2023-08-29,34.540000915527344,34.689998626708984,34.36000061035156,34.68000030517578,31.483335494995117,1270700,,,,,,,,
2023-08-30,34.72999954223633,34.83000183105469,34.560001373291016,34.810001373291016,31.60135841369629,1452600,,,,,,,,
2023-08-31,34.93000030517578,34.939998626708984,34.72999954223633,34.91999816894531,31.701213836669922,3216200,,,,,,,,
2023-09-01,35.189998626708984,35.470001220703125,35.119998931884766,35.189998626708984,31.946325302124023,2211100,,,,,,,,
2023-09-05,35.0,35.09000015258789,34.310001373291016,34.31999969482422,31.15652084350586,2494200,,,,,,,,
2023-09-06,34.2599983215332,34.40999984741211,33.75,33.880001068115234,30.757078170776367,2295300,,,,,,,,
2023-09-07,33.79999923706055,34.209999084472656,33.29999923706055,33.58000183105469,30.484731674194336,4101900,,,,,,,,
2023-09-08,33.59000015258789,34.68000030517578,33.470001220703125,34.630001068115234,31.437942504882812,3197100,,,,,,,,
2023-09-11,34.869998931884766,35.060001373291016,34.5,34.599998474121094,31.410709381103516,2384900,,,,,,,,
2023-09-12,34.689998626708984,35.060001373291016,34.41999816894531,34.5,31.319931030273438,2163300,,,,,,,,
2023-09-13,34.650001525878906,34.720001220703125,33.599998474121094,33.810001373291016,30.693531036376953,3368800,,,,,,,,
2023-09-14,34.369998931884766,34.75,34.189998626708984,34.61000061035156,31.419788360595703,2516700,,,,,,,,
2023-09-15,34.63999938964844,34.849998474121094,34.220001220703125,34.2400016784668,31.083890914916992,5919000,,,,,,,,
2023-09-18,34.31999969482422,34.56999969482422,33.95000076293945,34.15999984741211,31.011266708374023,3001000,,,,,,,,
2023-09-19,34.130001068115234,34.459999084472656,33.779998779296875,34.099998474121094,30.956796646118164,3047400,,,,,,,,
2023-09-20,34.27000045776367,34.380001068115234,33.70000076293945,33.720001220703125,30.611827850341797,2251900,,,,,,,,
2023-09-21,34.36000061035156,34.95000076293945,34.040000915527344,34.130001068115234,30.984031677246094,4260400,,,,,,,,
2023-09-22,34.29999923706055,34.959999084472656,34.02000045776367,34.06999969482422,30.929563522338867,3320200,,,,,,,,
2023-09-25,33.88999938964844,35.06999969482422,33.849998474121094,34.810001373291016,31.60135841369629,3043300,,,,,,,,
2023-09-26,34.63999938964844,34.84000015258789,34.439998626708984,34.529998779296875,31.347164154052734,2444800,,,,,,,,
2023-09-27,35.400001525878906,35.56999969482422,34.7599983215332,34.95000076293945,31.72844886779785,3175600,,,,,,,,
2023-09-28,35.099998474121094,35.38999938964844,34.849998474121094,35.349998474121094,32.091583251953125,2131800,,,,,,,,
2023-09-29,35.56999969482422,35.849998474121094,35.31999969482422,35.470001220703125,32.200523376464844,2564900,,,,,,,,
2023-10-02,35.34000015258789,35.529998779296875,34.959999084472656,35.470001220703125,32.200523376464844,3036600,,,,,,,,
2023-10-03,35.040000915527344,35.58000183105469,34.84000015258789,35.150001525878906,31.910011291503906,3763800,,,,,,,,
2023-10-04,35.36000061035156,35.66999816894531,35.099998474121094,35.439998626708984,32.173282623291016,2465200,,,,,,,,
2023-10-05,35.29999923706055,35.59000015258789,34.88999938964844,34.95000076293945,31.72844886779785,2200900,,,,,,,,
2023-10-06,34.95000076293945,35.02000045776367,34.4900016784668,34.54999923706055,31.365318298339844,3245500,,,,,,,,
2023-10-09,34.54999923706055,35.349998474121094,34.52000045776367,35.15999984741211,31.919097900390625,1904000,,,,,,,,
2023-10-10,35.40999984741211,35.75,35.34000015258789,35.369998931884766,32.109737396240234,2060100,,,,,,,,
2023-10-11,35.4900016784668,35.72999954223633,35.040000915527344,35.43000030517578,32.16421127319336,1477400,,,,,,,,
2023-10-12,35.529998779296875,35.529998779296875,34.880001068115234,35.119998931884766,31.882780075073242,2209400,,,,,,,,
2023-10-13,35.209999084472656,35.41999816894531,34.959999084472656,35.150001525878906,31.910011291503906,1742500,,,,,,,,
2023-10-16,35.20000076293945,35.380001068115234,34.88999938964844,35.0099983215332,31.78291893005371,2714400,,,,,,,,
2023-10-17,34.88999938964844,35.619998931884766,34.869998931884766,35.5099983215332,32.23683547973633,2639400,,,,,,,,
2023-10-18,35.290000915527344,35.86000061035156,34.959999084472656,35.2599983215332,32.0098762512207,4380900,,,,,,,,
2023-10-19,35.0099983215332,35.209999084472656,34.2599983215332,34.2599983215332,31.102046966552734,2796400,,,,,,,,
2023-10-20,34.29999923706055,34.380001068115234,33.2400016784668,33.33000183105469,30.25777816772461,3157100,,,,,,,,
2023-10-23,33.06999969482422,33.29999923706055,32.38999938964844,32.40999984741211,29.422574996948242,4342200,,,,,,,,
2023-10-24,32.72999954223633,33.349998474121094,32.540000915527344,33.2599983215332,30.19422721862793,3372000,,,,,,,,
2023-10-25,33.040000915527344,33.400001525878906,32.79999923706055,33.119998931884766,30.06713104248047,2750700,,,,,,,,
2023-10-26,32.880001068115234,33.70000076293945,32.31999969482422,32.880001068115234,29.849254608154297,5396500,,,,,,,,
2023-10-27,32.77000045776367,33.34000015258789,32.560001373291016,33.13999938964844,30.085290908813477,3855200,,,,,,,,
2023-10-30,33.349998474121094,33.54999923706055,33.16999816894531,33.38999938964844,30.31224250793457,2471000,,,,,,,,
2023-10-31,33.43000030517578,34.11000061035156,33.31999969482422,33.72999954223633,30.62090492248535,3185400,,,,,,,,
2023-11-01,33.79999923706055,33.939998626708984,33.4900016784668,33.61000061035156,30.5119686126709,3400400,,,,,,,,
2023-11-02,34.0,34.279998779296875,33.900001525878906,34.04999923706055,30.911409378051758,2592800,,,,,,,,
2023-11-03,34.310001373291016,34.970001220703125,34.209999084472656,34.599998474121094,31.410709381103516,2147500,,,,,,,,
2023-11-06,34.619998931884766,34.630001068115234,34.2400016784668,34.349998474121094,31.183752059936523,2355000,,,,,,,,
2023-11-07,34.08000183105469,34.13999938964844,33.75,33.849998474121094,30.72984504699707,2634600,,,,,,,,
2023-11-08,33.93000030517578,33.93000030517578,33.310001373291016,33.560001373291016,30.466575622558594,2500000,,,,,,,,
2023-11-09,33.7599983215332,33.83000183105469,33.220001220703125,33.2599983215332,30.19422721862793,3491300,,,,,,,,
2023-11-10,33.209999084472656,33.369998931884766,32.75,33.09000015258789,30.03989601135254,3233800,,,,,,,,
2023-11-13,33.09000015258789,33.130001068115234,32.209999084472656,32.43000030517578,29.44073486328125,3429900,,,,,,,,
2023-11-14,32.279998779296875,33.58000183105469,32.279998779296875,33.52000045776367,30.871000289916992,3494600,,,,,,,,
2023-11-15,33.59000015258789,34.220001220703125,33.59000015258789,34.06999969482422,31.37753677368164,2551000,,,,,,,,
2023-11-16,34.02000045776367,34.06999969482422,33.099998474121094,33.619998931884766,30.963098526000977,2581900,,,,,,,,
2023-11-17,33.86000061035156,33.900001525878906,33.22999954223633,33.380001068115234,30.7420654296875,2292900,,,,,,,,
2023-11-20,33.16999816894531,33.220001220703125,31.770000457763672,32.58000183105469,30.005292892456055,5253300,,,,,,,,
2023-11-21,32.689998626708984,32.790000915527344,32.209999084472656,32.4900016784668,29.922401428222656,2668600,,,,,,,,
2023-11-22,32.5099983215332,32.970001220703125,32.33000183105469,32.91999816894531,30.318416595458984,1991900,,,,,,,,
2023-11-24,33.0,33.20000076293945,32.83000183105469,32.93000030517578,30.3276309967041,1046800,,,,,,,,
2023-11-27,32.75,34.650001525878906,32.5099983215332,34.119998931884766,31.423587799072266,8217700,,,,,,,,
2023-11-28,34.27000045776367,34.58000183105469,33.95000076293945,34.2599983215332,31.55253028869629,3432300,,,,,,,,
2023-11-29,34.380001068115234,36.0,34.380001068115234,35.790000915527344,32.961612701416016,4679200,,,,,,,,
2023-11-30,36.36000061035156,37.029998779296875,36.27000045776367,36.939998626708984,34.02072525024414,6130400,,,,,,,,
2023-12-01,36.790000915527344,37.66999816894531,36.59000015258789,37.189998626708984,34.250972747802734,4521000,,,,,,,,
2023-12-04,36.869998931884766,37.369998931884766,36.790000915527344,37.36000061035156,34.40754318237305,4714900,,,,,,,,
2023-12-05,37.130001068115234,37.130001068115234,36.380001068115234,36.439998626708984,33.560245513916016,3544700,,,,,,,,
2023-12-06,36.56999969482422,36.970001220703125,36.400001525878906,36.54999923706055,33.66154479980469,2563300,,,,,,,,
2023-12-07,36.650001525878906,36.869998931884766,36.29999923706055,36.81999969482422,33.910221099853516,2230700,,,,,,,,
2023-12-08,36.70000076293945,37.0,36.56999969482422,36.84000015258789,33.92863082885742,1818100,,,,,,,,
2023-12-11,36.720001220703125,37.02000045776367,36.58000183105469,36.90999984741211,33.99310302734375,1705600,,,,,,,,
2023-12-12,36.79999923706055,36.79999923706055,35.970001220703125,36.04999923706055,33.2010612487793,2173000,,,,,,,,
2023-12-13,35.959999084472656,37.06999969482422,35.709999084472656,36.90999984741211,33.99310302734375,3124800,,,,,,,,
2023-12-14,37.15999984741211,38.209999084472656,37.15999984741211,37.66999816894531,34.69304275512695,3279500,,,,,,,,
2023-12-15,37.47999954223633,37.88999938964844,37.18000030517578,37.43000030517578,34.472007751464844,5645600,,,,,,,,
2023-12-18,37.68000030517578,37.68000030517578,36.81999969482422,36.84000015258789,33.92863082885742,3372800,,,,,,,,
2023-12-19,37.0,37.2599983215332,36.66999816894531,36.86000061035156,33.94705581665039,6298900,,,,,,,,
2023-12-20,36.720001220703125,36.9900016784668,36.560001373291016,36.59000015258789,33.698387145996094,2402200,,,,,,,,
2023-12-21,36.849998474121094,36.93000030517578,36.36000061035156,36.58000183105469,33.68918228149414,2333100,,,,,,,,
2023-12-22,36.630001068115234,36.84000015258789,36.4900016784668,36.63999938964844,33.74443817138672,1664600,,,,,,,,
2023-12-26,36.54999923706055,36.650001525878906,36.380001068115234,36.58000183105469,33.68918228149414,1638000,,,,,,,,
2023-12-27,36.529998779296875,36.77000045776367,36.20000076293945,36.470001220703125,33.58787536621094,1908200,,,,,,,,
2023-12-28,36.349998474121094,36.52000045776367,36.13999938964844,36.25,33.385257720947266,1469600,,,,,,,,
2023-12-29,36.150001525878906,36.349998474121094,35.91999816894531,36.150001525878906,33.29316329956055,1800300,,,,,,,,
2024-01-02,36.25,36.849998474121094,36.209999084472656,36.540000915527344,33.652347564697266,3461900,,,,,,,,
2024-01-03,36.18000030517578,36.54999923706055,35.90999984741211,36.349998474121094,33.47735595703125,2530400,,,,,,,,
2024-01-04,36.349998474121094,36.689998626708984,36.310001373291016,36.470001220703125,33.58787536621094,2949400,,,,,,,,
2024-01-05,36.47999954223633,37.310001373291016,36.400001525878906,37.27000045776367,34.32465362548828,5272300,,,,,,,,
2024-01-08,37.060001373291016,37.709999084472656,37.060001373291016,37.65999984741211,34.6838264465332,2833700,,,,,,,,
2024-01-09,37.650001525878906,37.72999954223633,37.22999954223633,37.66999816894531,34.69304275512695,2259600,,,,,,,,
2024-01-10,37.529998779296875,37.70000076293945,37.34000015258789,37.560001373291016,34.59173583984375,1809300,,,,,,,,
2024-01-11,37.630001068115234,37.86000061035156,37.27000045776367,37.81999969482422,34.8311882019043,2500300,,,,,,,,
2024-01-12,38.0,38.150001525878906,37.47999954223633,37.66999816894531,34.69304275512695,1770400,,,,,,,,
2024-01-16,37.459999084472656,37.5,37.02000045776367,37.310001373291016,34.36149215698242,2745700,,,,,,,,
2024-01-17,37.0,37.31999969482422,36.83000183105469,36.900001525878906,33.98389434814453,2274300,,,,,,,,
2024-01-18,36.83000183105469,36.9900016784668,36.27000045776367,36.689998626708984,33.790489196777344,3258700,,,,,,,,
2024-01-19,36.65999984741211,36.779998779296875,36.060001373291016,36.7400016784668,33.83653259277344,2339300,,,,,,,,
2024-01-22,36.310001373291016,36.52000045776367,35.400001525878906,36.349998474121094,33.47735595703125,3229500,,,,,,,,
2024-01-23,36.47999954223633,36.93000030517578,36.349998474121094,36.5099983215332,33.62471389770508,2291700,,,,,,,,
2024-01-24,36.61000061035156,36.72999954223633,36.04999923706055,36.18000030517578,33.32079315185547,2663400,,,,,,,,
2024-01-25,36.689998626708984,37.869998931884766,36.689998626708984,37.650001525878906,34.674625396728516,3829700,,,,,,,,
2024-01-26,37.83000183105469,37.880001068115234,37.34000015258789,37.56999969482422,34.6009407043457,2558500,,,,,,,,
2024-01-29,37.27000045776367,37.43000030517578,36.54999923706055,36.720001220703125,33.818119049072266,3267300,,,,,,,,
2024-01-30,36.5,36.65999984741211,36.220001220703125,36.31999969482422,33.44972610473633,3975500,,,,,,,,
2024-01-31,36.38999938964844,36.40999984741211,35.619998931884766,35.83000183105469,32.99844741821289,5966100,,,,,,,,
2024-02-01,35.709999084472656,35.9900016784668,34.2400016784668,34.36000061035156,31.644624710083008,7882100,,,,,,,,
2024-02-02,34.02000045776367,34.150001525878906,33.099998474121094,33.459999084472656,30.815744400024414,5693200,,,,,,,,
2024-02-05,33.150001525878906,33.31999969482422,32.91999816894531,32.970001220703125,30.364471435546875,5227700,,,,,,,,
2024-02-06,32.880001068115234,33.40999984741211,32.70000076293945,33.13999938964844,30.521032333374023,3073500,,,,,,,,
2024-02-07,33.45000076293945,33.880001068115234,33.060001373291016,33.86000061035156,31.184131622314453,4919900,,,,,,,,
2024-02-08,33.97999954223633,35.04999923706055,33.849998474121094,34.88999938964844,32.13274002075195,5976200,,,,,,,,
2024-02-09,34.849998474121094,35.31999969482422,34.630001068115234,35.2599983215332,32.47349548339844,3731700,,,,,,,,
2024-02-12,35.27000045776367,35.9900016784668,35.2400016784668,35.5,32.69453430175781,3463300,,,,,,,,
2024-02-13,35.20000076293945,35.36000061035156,34.40999984741211,34.61000061035156,31.874868392944336,4074000,,,,,,,,
2024-02-14,34.689998626708984,34.900001525878906,34.2400016784668,34.529998779296875,31.801191329956055,3068400,,,,,,,,
2024-02-15,34.529998779296875,35.09000015258789,34.45000076293945,35.06999969482422,32.29851150512695,2079700,,,,,,,,
2024-02-16,35.0099983215332,35.91999816894531,35.0,35.79999923706055,32.970821380615234,5380700,,,,,,,,
2024-02-20,36.5099983215332,37.189998626708984,35.68000030517578,35.7400016784668,32.915565490722656,5476700,,,,,,,,
2024-02-21,35.33000183105469,35.380001068115234,34.599998474121094,34.72999954223633,32.40517807006836,4076900,,,,,,,,
2024-02-22,34.630001068115234,34.86000061035156,34.36000061035156,34.4900016784668,32.18124771118164,4622300,,,,,,,,
2024-02-23,34.54999923706055,34.79999923706055,34.2400016784668,34.72999954223633,32.40517807006836,3365900,,,,,,,,
2024-02-26,34.36000061035156,34.56999969482422,33.79999923706055,33.79999923706055,31.537437438964844,4645000,,,,,,,,
2024-02-27,33.93000030517578,34.29999923706055,33.86000061035156,34.20000076293945,31.91065788269043,2235800,,,,,,,,
2024-02-28,34.060001373291016,35.150001525878906,33.97999954223633,34.619998931884766,32.30254364013672,4773900,,,,,,,,
2024-02-29,34.650001525878906,35.97999954223633,34.650001525878906,35.36000061035156,32.99300765991211,4499000,,,,,,,,
2024-03-01,35.2400016784668,35.56999969482422,34.970001220703125,35.04999923706055,32.70376205444336,2731000,,,,,,,,
2024-03-04,35.61000061035156,36.29999923706055,35.470001220703125,35.88999938964844,33.487525939941406,4244100,,,,,,,,
2024-03-05,35.650001525878906,36.11000061035156,35.650001525878906,35.849998474121094,33.4502067565918,3057800,,,,,,,,
2024-03-06,36.369998931884766,36.400001525878906,35.369998931884766,35.709999084472656,33.319580078125,3183500,,,,,,,,
2024-03-07,35.95000076293945,36.279998779296875,35.7400016784668,35.880001068115234,33.47819900512695,2840000,,,,,,,,
2024-03-08,36.0,36.27000045776367,35.70000076293945,36.2400016784668,33.81410217285156,2068800,,,,,,,,
2024-03-11,36.09000015258789,36.88999938964844,35.869998931884766,36.619998931884766,34.168663024902344,2006400,,,,,,,,
2024-03-12,36.54999923706055,36.689998626708984,36.02000045776367,36.130001068115234,33.71147155761719,2021900,,,,,,,,
2024-03-13,36.31999969482422,36.619998931884766,35.91999816894531,36.290000915527344,33.86075210571289,2834900,,,,,,,,
2024-03-14,36.13999938964844,36.5,35.9900016784668,36.189998626708984,33.76744842529297,3412000,,,,,,,,
2024-03-15,36.09000015258789,36.439998626708984,35.68000030517578,36.349998474121094,33.91673278808594,21737600,,,,,,,,
2024-03-18,36.31999969482422,36.31999969482422,34.900001525878906,34.939998626708984,32.60111618041992,5409400,,,,,,,,
2024-03-19,35.61000061035156,38.849998474121094,35.459999084472656,38.77000045776367,36.17474365234375,12428900,,,,,,,,
2024-03-20,39.11000061035156,40.34000015258789,38.70000076293945,39.22999954223633,36.603946685791016,6752900,,,,,,,,
2024-03-21,39.43000030517578,39.9900016784668,39.04999923706055,39.880001068115234,37.21044158935547,4243700,,,,,,,,
2024-03-22,40.0,40.099998474121094,39.529998779296875,39.529998779296875,36.88386917114258,2642800,,,,,,,,
2024-03-25,39.630001068115234,40.86000061035156,39.630001068115234,40.849998474121094,38.11550521850586,4454800,,,,,,,,
2024-03-26,40.869998931884766,41.279998779296875,37.220001220703125,38.20000076293945,35.64289855957031,19957300,,,,,,,,
2024-03-27,38.06999969482422,39.400001525878906,37.40999984741211,39.38999938964844,36.75323486328125,10984400,,,,,,,,
2024-03-28,39.290000915527344,39.47999954223633,38.599998474121094,39.02000045776367,36.40800857543945,7774300,,,,,,,,
2024-04-01,38.91999816894531,39.369998931884766,38.880001068115234,39.029998779296875,36.41733169555664,2854700,,,,,,,,
2024-04-02,38.900001525878906,38.9900016784668,38.220001220703125,38.70000076293945,36.10942459106445,3806700,,,,,,,,
2024-04-03,38.7599983215332,39.130001068115234,38.630001068115234,39.06999969482422,36.45466232299805,4047200,,,,,,,,
2024-04-04,39.22999954223633,39.689998626708984,38.790000915527344,39.290000915527344,36.659934997558594,5908800,,,,,,,,
2024-04-05,39.119998931884766,39.20000076293945,38.38999938964844,38.65999984741211,36.07210922241211,3347500,,,,,,,,
2024-04-08,39.0099983215332,39.09000015258789,37.880001068115234,38.209999084472656,35.6522331237793,6814600,,,,,,,,
2024-04-09,38.099998474121094,38.59000015258789,37.7400016784668,38.13999938964844,35.586917877197266,3673400,,,,,,,,
2024-04-10,37.709999084472656,38.310001373291016,37.33000183105469,38.25,35.689552307128906,7844100,,,,,,,,
2024-04-11,37.959999084472656,38.2599983215332,37.720001220703125,37.810001373291016,35.27900314331055,4189400,,,,,,,,
2024-04-12,37.099998474121094,37.70000076293945,36.88999938964844,37.13999938964844,34.65385437011719,5969300,,,,,,,,
2024-04-15,37.66999816894531,38.0,36.560001373291016,36.77000045776367,34.30862045288086,3535900,,,,,,,,
2024-04-16,37.0099983215332,37.029998779296875,35.79999923706055,35.90999984741211,33.50619125366211,8615400,,,,,,,,
2024-04-17,36.11000061035156,36.16999816894531,35.0099983215332,35.060001373291016,32.71309280395508,6380900,,,,,,,,
2024-04-18,35.220001220703125,35.650001525878906,35.09000015258789,35.2599983215332,32.89970016479492,5229400,,,,,,,,
2024-04-19,34.5099983215332,35.720001220703125,34.5099983215332,35.369998931884766,33.00233840942383,14618600,,,,,,,,
2024-04-22,35.29999923706055,35.40999984741211,34.540000915527344,34.7599983215332,32.43316650390625,7334700,,,,,,,,
2024-04-23,33.91999816894531,34.4900016784668,33.66999816894531,34.40999984741211,32.10660171508789,6744500,,,,,,,,
2024-04-24,34.20000076293945,34.560001373291016,33.91999816894531,34.43000030517578,32.125267028808594,8249400,,,,,,,,
2024-04-25,33.4900016784668,34.27000045776367,33.15999984741211,33.52000045776367,31.276172637939453,12003000,,,,,,,,
2024-04-26,33.720001220703125,33.9900016784668,33.279998779296875,33.83000183105469,31.5654296875,6735100,,,,,,,,
2024-04-29,34.34000015258789,35.47999954223633,34.18000030517578,35.31999969482422,32.955684661865234,8497700,,,,,,,,
2024-04-30,34.939998626708984,35.27000045776367,34.61000061035156,34.939998626708984,32.60111618041992,6933500,,,,,,,,
2024-05-01,34.77000045776367,35.52000045776367,34.540000915527344,35.279998779296875,32.91836166381836,6827200,,,,,,,,
2024-05-02,35.5,36.08000183105469,35.130001068115234,35.810001373291016,33.41288757324219,5938900,,,,,,,,
2024-05-03,36.08000183105469,36.31999969482422,35.7599983215332,36.279998779296875,33.85142135620117,5818400,,,,,,,,
2024-05-06,36.56999969482422,37.22999954223633,36.220001220703125,36.91999816894531,34.44858169555664,5777000,,,,,,,,
2024-05-07,37.02000045776367,41.29999923706055,36.880001068115234,38.84000015258789,36.24005889892578,28917800,,,,,,,,
2024-05-08,38.25,39.380001068115234,38.209999084472656,39.279998779296875,36.650604248046875,8103400,,,,,,,,
2024-05-09,39.189998626708984,40.060001373291016,39.099998474121094,39.84000015258789,37.173118591308594,9311700,,,,,,,,
2024-05-10,39.88999938964844,39.88999938964844,38.099998474121094,38.58000183105469,35.997459411621094,8251600,,,,,,,,
2024-05-13,38.63999938964844,39.58000183105469,38.54999923706055,39.52000045776367,36.87453842163086,6035200,,,,,,,,
2024-05-14,39.720001220703125,39.91999816894531,39.130001068115234,39.849998474121094,37.18244552612305,3621700,,,,,,,,
2024-05-15,39.90999984741211,40.25,39.529998779296875,39.709999084472656,37.05181884765625,4878800,,,,,,,,
2024-05-16,39.65999984741211,40.689998626708984,39.5099983215332,40.52000045776367,37.807594299316406,4474200,,,,,,,,
2024-05-17,40.5,40.95000076293945,40.38999938964844,40.63999938964844,37.9195671081543,3675700,,,,,,,,
2024-05-20,40.72999954223633,42.81999969482422,40.630001068115234,41.18000030517578,38.42341613769531,5792800,,,,,,,,
2024-05-21,41.72999954223633,42.0,41.220001220703125,41.88999938964844,39.08588790893555,7618900,,,,,,,,
2024-05-22,41.0,42.130001068115234,41.0,42.099998474121094,39.281829833984375,7470600,,,,,,,,
2024-05-23,42.369998931884766,44.5,42.31999969482422,44.15999984741211,41.6621208190918,12692200,,,,,,,,
2024-05-24,45.34000015258789,46.099998474121094,44.2400016784668,45.459999084472656,42.88858413696289,9638100,,,,,,,,
2024-05-28,45.20000076293945,45.63999938964844,45.0,45.150001525878906,42.59612274169922,7725100,,,,,,,,
2024-05-29,44.939998626708984,44.9900016784668,44.209999084472656,44.400001525878906,41.888545989990234,6078300,,,,,,,,
2024-05-30,44.790000915527344,44.790000915527344,43.83000183105469,44.58000183105469,42.05836868286133,3749800,,,,,,,,
2024-05-31,44.58000183105469,45.209999084472656,44.08000183105469,45.09000015258789,42.539512634277344,5906200,,,,,,,,
2024-06-03,45.08000183105469,45.93000030517578,44.43000030517578,45.54999923706055,42.97349548339844,4915400,,,,,,,,
2024-06-04,44.790000915527344,45.02000045776367,43.9900016784668,44.220001220703125,41.718727111816406,3723400,,,,,,,,
2024-06-05,44.150001525878906,44.5099983215332,43.75,44.400001525878906,41.888545989990234,2841000,,,,,,,,
2024-06-06,44.5099983215332,44.79999923706055,43.91999816894531,44.43000030517578,41.916847229003906,4333200,,,,,,,,
2024-06-07,44.0099983215332,46.34000015258789,43.900001525878906,45.209999084472656,42.65272903442383,7825000,,,,,,,,
2024-06-10,45.25,45.279998779296875,44.34000015258789,44.790000915527344,42.25648880004883,7930600,,,,,,,,
2024-06-11,45.06999969482422,45.400001525878906,44.66999816894531,45.04999923706055,42.50178146362305,5069700,,,,,,,,
2024-06-12,45.54999923706055,45.54999923706055,44.470001220703125,44.90999984741211,42.36970138549805,3331300,,,,,,,,
2024-06-13,44.93000030517578,46.060001373291016,44.56999969482422,45.349998474121094,42.78480529785156,4067000,,,,,,,,
2024-06-14,45.11000061035156,45.59000015258789,44.83000183105469,44.88999938964844,42.350830078125,3099200,,,,,,,,
2024-06-17,44.95000076293945,45.4900016784668,44.470001220703125,45.369998931884766,42.80367660522461,2677900,,,,,,,,
2024-06-18,45.459999084472656,46.400001525878906,45.279998779296875,46.25,43.6338996887207,4494500,,,,,,,,
2024-06-20,46.27000045776367,46.77000045776367,46.060001373291016,46.54999923706055,43.916934967041016,4286100,,,,,,,,
2024-06-21,46.25,46.5,45.54999923706055,46.08000183105469,43.47352600097656,6167300,,,,,,,,
2024-06-24,46.4900016784668,47.400001525878906,46.22999954223633,47.31999969482422,44.643375396728516,7529500,,,,,,,,
2024-06-25,47.130001068115234,47.36000061035156,46.290000915527344,46.59000015258789,43.95466613769531,4883000,,,,,,,,
2024-06-26,46.310001373291016,46.70000076293945,46.150001525878906,46.61000061035156,43.97354507446289,5440500,,,,,,,,
2024-06-27,41.97999954223633,43.650001525878906,41.5,43.25,40.803592681884766,35277600,,,,,,,,
2024-06-28,42.5099983215332,43.45000076293945,42.47999954223633,43.150001525878906,40.709251403808594,11239900,,,,,,,,
2024-07-01,43.13999938964844,43.47999954223633,42.70000076293945,43.34000015258789,40.88850402832031,6219300,,,,,,,,
2024-07-02,42.939998626708984,43.529998779296875,42.650001525878906,43.5,41.03944778442383,11303400,,,,,,,,
2024-07-03,43.599998474121094,43.95000076293945,43.310001373291016,43.540000915527344,41.07719421386719,3210300,,,,,,,,
2024-07-05,43.47999954223633,43.5099983215332,42.4900016784668,42.81999969482422,40.397918701171875,5516400,,,,,,,,
2024-07-08,42.63999938964844,43.20000076293945,42.2599983215332,43.16999816894531,40.728118896484375,4361400,,,,,,,,
2024-07-09,43.0,43.029998779296875,42.380001068115234,42.54999923706055,40.1431884765625,4306600,,,,,,,,
2024-07-10,42.65999984741211,42.79999923706055,42.27000045776367,42.70000076293945,40.284706115722656,4194500,,,,,,,,
2024-07-11,42.790000915527344,43.09000015258789,42.349998474121094,42.90999984741211,40.48282241821289,4210800,,,,,,,,
2024-07-12,43.08000183105469,43.81999969482422,42.72999954223633,43.630001068115234,41.16210174560547,3594500,,,,,,,,
2024-07-15,43.68000030517578,44.2599983215332,43.439998626708984,44.13999938964844,41.643253326416016,4808500,,,,,,,,
2024-07-16,44.15999984741211,45.58000183105469,44.040000915527344,45.5099983215332,42.93575668334961,5715900,,,,,,,,
2024-07-17,45.29999923706055,46.11000061035156,45.150001525878906,45.75,43.16218566894531,7111000,,,,,,,,
2024-07-18,45.790000915527344,46.220001220703125,45.4900016784668,45.869998931884766,43.275394439697266,4429000,,,,,,,,
2024-07-19,45.70000076293945,46.040000915527344,45.4900016784668,45.720001220703125,43.13388442993164,4219100,,,,,,,,
2024-07-22,45.900001525878906,46.68000030517578,45.7599983215332,46.4900016784668,43.86033248901367,6366400,,,,,,,,
2024-07-23,46.09000015258789,46.18000030517578,45.52000045776367,45.91999816894531,43.322566986083984,5522100,,,,,,,,
2024-07-24,45.540000915527344,47.29999923706055,44.970001220703125,46.279998779296875,43.66220474243164,15253200,,,,,,,,
2024-07-25,44.650001525878906,46.5,44.52000045776367,46.220001220703125,43.6056022644043,12605700,,,,,,,,
2024-07-26,46.75,47.29999923706055,46.33000183105469,46.91999816894531,44.2660026550293,5541800,,,,,,,,
2024-07-29,46.88999938964844,46.91999816894531,46.20000076293945,46.63999938964844,44.0018424987793,3106900,,,,,,,,
2024-07-30,46.529998779296875,46.58000183105469,44.25,45.91999816894531,43.322566986083984,3668000,,,,,,,,
2024-07-31,46.029998779296875,46.720001220703125,45.7599983215332,46.47999954223633,43.85089111328125,6271800,,,,,,,,
2024-08-01,46.38999938964844,46.650001525878906,45.97999954223633,46.630001068115234,43.992408752441406,3782500,,,,,,,,
2024-08-02,45.47999954223633,46.0,44.91999816894531,45.939998626708984,43.341434478759766,6446500,,,,,,,,
2024-08-05,44.0,44.459999084472656,43.7400016784668,44.43000030517578,41.916847229003906,5685400,,,,,,,,
2024-08-06,43.779998779296875,45.47999954223633,43.720001220703125,45.029998779296875,42.482913970947266,4069700,,,,,,,,
2024-08-07,45.040000915527344,45.369998931884766,44.209999084472656,44.279998779296875,41.775333404541016,5150200,,,,,,,,
2024-08-08,44.47999954223633,45.20000076293945,44.34000015258789,44.849998474121094,42.31309127807617,2698700,,,,,,,,
2024-08-09,44.79999923706055,44.86000061035156,44.099998474121094,44.349998474121094,41.841373443603516,2214300,,,,,,,,
2024-08-12,44.689998626708984,44.779998779296875,44.34000015258789,44.5099983215332,41.99232482910156,2048800,,,,,,,,
2024-08-13,44.599998474121094,45.38999938964844,44.439998626708984,45.22999954223633,42.671600341796875,3211800,,,,,,,,
2024-08-14,45.83000183105469,46.65999984741211,45.2599983215332,46.119998931884766,43.511253356933594,5181500,,,,,,,,
2024-08-15,46.099998474121094,47.15999984741211,46.040000915527344,46.880001068115234,44.676780700683594,7447400,,,,,,,,
2024-08-16,46.459999084472656,47.220001220703125,46.13999938964844,47.08000183105469,44.86738204956055,4172500,,,,,,,,
2024-08-19,47.08000183105469,47.70000076293945,46.849998474121094,47.630001068115234,45.39153289794922,5297900,,,,,,,,
2024-08-20,47.599998474121094,47.77000045776367,47.20000076293945,47.45000076293945,45.21998977661133,3576300,,,,,,,,
2024-08-21,47.93000030517578,48.220001220703125,47.4900016784668,48.20000076293945,45.93474197387695,2367500,,,,,,,,
2024-08-22,48.25,48.29999923706055,47.83000183105469,47.959999084472656,45.70602035522461,2197300,,,,,,,,
2024-08-23,48.20000076293945,49.040000915527344,48.06999969482422,48.900001525878906,46.60184860229492,3084900,,,,,,,,
2024-08-26,48.97999954223633,49.2400016784668,48.59000015258789,48.65999984741211,46.37312698364258,5206300,,,,,,,,
2024-08-27,48.4900016784668,49.02000045776367,48.34000015258789,48.9900016784668,46.68761444091797,4548100,,,,,,,,
2024-08-28,48.939998626708984,49.15999984741211,48.400001525878906,48.4900016784668,46.21111297607422,2595800,,,,,,,,
2024-08-29,48.75,48.75,47.90999984741211,48.11000061035156,45.84897232055664,2202300,,,,,,,,
2024-08-30,47.900001525878906,48.45000076293945,47.52000045776367,48.41999816894531,46.14440155029297,4194100,,,,,,,,
2024-09-03,47.93000030517578,48.470001220703125,47.70000076293945,47.77000045776367,45.52495193481445,2940000,,,,,,,,
2024-09-04,47.56999969482422,47.72999954223633,47.09000015258789,47.310001373291016,45.086570739746094,3096000,,,,,,,,
2024-09-05,47.599998474121094,47.68000030517578,46.84000015258789,47.52000045776367,45.28670120239258,3163700,,,,,,,,
2024-09-06,47.29999923706055,47.81999969482422,46.75,47.11000061035156,44.895973205566406,3593600,,,,,,,,
2024-09-09,47.060001373291016,47.900001525878906,46.77000045776367,47.61000061035156,45.37247085571289,3237200,,,,,,,,
2024-09-10,47.61000061035156,47.61000061035156,46.970001220703125,47.060001373291016,44.848323822021484,2596300,,,,,,,,
2024-09-11,46.7599983215332,47.189998626708984,46.31999969482422,47.130001068115234,44.91503143310547,3769800,,,,,,,,
2024-09-12,47.310001373291016,48.040000915527344,47.150001525878906,47.939998626708984,45.68695831298828,3473000,,,,,,,,
2024-09-13,48.310001373291016,49.38999938964844,48.25,48.70000076293945,46.4112434387207,3989000,,,,,,,,
2024-09-16,49.47999954223633,50.16999816894531,48.880001068115234,49.83000183105469,47.48814010620117,5851800,,,,,,,,
2024-09-17,49.959999084472656,50.54999923706055,49.25,49.4900016784668,47.16411590576172,4996900,,,,,,,,
2024-09-18,49.900001525878906,50.45000076293945,49.52000045776367,49.540000915527344,47.211769104003906,2729400,,,,,,,,
2024-09-19,50.380001068115234,50.68000030517578,49.88999938964844,49.97999954223633,47.63108444213867,3587900,,,,,,,,
2024-09-20,49.720001220703125,50.0,48.650001525878906,48.709999084472656,46.420772552490234,4931800,,,,,,,,
2024-09-23,48.709999084472656,48.83000183105469,47.939998626708984,48.45000076293945,46.17299270629883,4009900,,,,,,,,
2024-09-24,48.29999923706055,48.81999969482422,48.29999923706055,48.63999938964844,46.354061126708984,2476300,,,,,,,,
2024-09-25,48.310001373291016,48.400001525878906,47.97999954223633,48.09000015258789,45.82991027832031,2454300,,,,,,,,
2024-09-26,48.54999923706055,49.09000015258789,48.400001525878906,49.04999923706055,46.74479675292969,3550800,,,,,,,,
2024-09-27,49.0,49.2400016784668,48.83000183105469,49.040000915527344,46.73526382446289,2703900,,,,,,,,
2024-09-30,48.68000030517578,49.04999923706055,48.349998474121094,48.849998474121094,46.55419158935547,4870800,,,,,,,,
2024-10-01,48.90999984741211,49.349998474121094,48.38999938964844,49.209999084472656,46.89727783203125,3096100,,,,,,,,
2024-10-02,48.54999923706055,49.22999954223633,48.099998474121094,48.11000061035156,45.84897232055664,3267100,,,,,,,,
2024-10-03,47.93000030517578,48.27000045776367,47.56999969482422,47.95000076293945,45.69649124145508,3106800,,,,,,,,
2024-10-04,48.25,48.599998474121094,47.650001525878906,48.529998779296875,46.249237060546875,3648400,,,,,,,,
2024-10-07,47.52000045776367,47.88999938964844,47.04999923706055,47.689998626708984,45.44871520996094,6429300,,,,,,,,
2024-10-08,47.060001373291016,47.790000915527344,46.83000183105469,47.34000015258789,45.11516189575195,3957500,,,,,,,,
2024-10-09,47.16999816894531,47.65999984741211,46.880001068115234,47.099998474121094,44.886436462402344,2937900,,,,,,,,
2024-10-10,47.099998474121094,47.099998474121094,46.61000061035156,47.0,44.7911376953125,2660700,,,,,,,,
2024-10-11,47.0,48.43000030517578,47.0,48.189998626708984,45.92521286010742,4481200,,,,,,,,
2024-10-14,47.72999954223633,48.2400016784668,47.61000061035156,48.08000183105469,45.82038497924805,2328700,,,,,,,,
2024-10-15,48.08000183105469,48.25,47.59000015258789,47.7400016784668,45.496368408203125,6317400,,,,,,,,
2024-10-16,47.70000076293945,48.15999984741211,47.61000061035156,47.97999954223633,45.72508239746094,4901700,,,,,,,,
2024-10-17,47.29999923706055,47.52000045776367,46.380001068115234,46.630001068115234,44.43852615356445,6931300,,,,,,,,
2024-10-18,46.5,46.810001373291016,45.72999954223633,46.779998779296875,44.58147430419922,5304700,,,,,,,,
2024-10-21,46.599998474121094,46.959999084472656,46.380001068115234,46.93000030517578,44.72442626953125,4642200,,,,,,,,
2024-10-22,46.790000915527344,47.709999084472656,46.77000045776367,47.529998779296875,45.29623031616211,5170100,,,,,,,,
2024-10-23,47.869998931884766,49.119998931884766,47.7400016784668,49.04999923706055,46.74479675292969,4714200,,,,,,,,
2024-10-24,49.099998474121094,49.13999938964844,48.40999984741211,48.63999938964844,46.354061126708984,4320700,,,,,,,,
2024-10-25,48.720001220703125,48.959999084472656,48.29999923706055,48.56999969482422,46.287357330322266,2472700,,,,,,,,
2024-10-28,48.25,48.95000076293945,48.25,48.63999938964844,46.354061126708984,4221600,,,,,,,,
2024-10-29,48.400001525878906,48.59000015258789,47.25,47.290000915527344,45.067508697509766,5021100,,,,,,,,
2024-10-30,47.52000045776367,49.470001220703125,47.470001220703125,49.029998779296875,46.72573471069336,9491500,,,,,,,,
2024-10-31,52.5099983215332,56.2599983215332,52.5,55.540000915527344,52.92978286743164,14159600,,,,,,,,
2024-11-01,55.20000076293945,55.880001068115234,54.70000076293945,55.77000045776367,53.14897155761719,10454800,,,,,,,,
2024-11-04,56.04999923706055,56.900001525878906,56.040000915527344,56.599998474121094,53.939964294433594,7968300,,,,,,,,
2024-11-05,56.7599983215332,57.79999923706055,56.70000076293945,57.560001373291016,54.85485076904297,7458700,,,,,,,,
2024-11-06,59.349998474121094,59.52000045776367,58.08000183105469,58.83000183105469,56.06516647338867,6533800,,,,,,,,
2024-11-07,58.68000030517578,59.13999938964844,58.15999984741211,58.40999984741211,55.66490173339844,4291500,,,,,,,,
2024-11-08,57.97999954223633,58.59000015258789,57.36000061035156,57.380001068115234,54.68330764770508,4448300,,,,,,,,
2024-11-11,57.40999984741211,58.099998474121094,57.38999938964844,57.65999984741211,54.95015335083008,2368300,,,,,,,,
2024-11-12,57.22999954223633,57.56999969482422,56.58000183105469,57.310001373291016,54.616600036621094,3386100,,,,,,,,
2024-11-13,56.25,57.0099983215332,55.81999969482422,56.380001068115234,53.730308532714844,5863400,,,,,,,,
2024-11-14,55.970001220703125,56.970001220703125,55.90999984741211,56.93000030517578,54.25445556640625,3813700,,,,,,,,
2024-11-15,56.040000915527344,57.68000030517578,56.0099983215332,57.58000183105469,55.3238525390625,5336100,,,,,,,,
2024-11-18,57.40999984741211,58.25,57.2599983215332,57.70000076293945,55.439151763916016,3876500,,,,,,,,
2024-11-19,56.900001525878906,58.0,56.619998931884766,57.84000015258789,55.57366180419922,4262900,,,,,,,,
2024-11-20,57.400001525878906,60.220001220703125,57.099998474121094,58.84000015258789,56.53447723388672,8010700,,,,,,,,
2024-11-21,58.20000076293945,59.529998779296875,57.939998626708984,59.18000030517578,56.86115646362305,4166400,,,,,,,,
2024-11-22,58.939998626708984,59.97999954223633,58.56999969482422,59.31999969482422,56.99566650390625,3454800,,,,,,,,
2024-11-25,59.790000915527344,60.36000061035156,59.16999816894531,59.56999969482422,57.235877990722656,6833600,,,,,,,,
2024-11-26,59.709999084472656,59.849998474121094,58.58000183105469,59.11000061035156,56.79389953613281,4450000,,,,,,,,
2024-11-27,59.2599983215332,59.2599983215332,58.150001525878906,58.380001068115234,56.09250259399414,2350800,,,,,,,,
2024-11-29,58.38999938964844,58.97999954223633,57.959999084472656,58.83000183105469,56.524871826171875,1819800,,,,,,,,
2024-12-02,58.529998779296875,58.59000015258789,57.47999954223633,58.459999084472656,56.16936492919922,2968800,,,,,,,,
2024-12-03,58.20000076293945,58.900001525878906,57.91999816894531,58.709999084472656,56.409568786621094,2803600,,,,,,,,
2024-12-04,58.5,58.63999938964844,57.4900016784668,57.720001220703125,55.45836639404297,3297300,,,,,,,,
2024-12-05,57.060001373291016,57.43000030517578,56.61000061035156,56.709999084472656,54.48793411254883,3732400,,,,,,,,
2024-12-06,57.0,57.04999923706055,56.29999923706055,56.779998779296875,54.55519485473633,2204700,,,,,,,,
2024-12-09,57.029998779296875,57.20000076293945,55.630001068115234,55.779998779296875,53.59437561035156,4044500,,,,,,,,
2024-12-10,55.47999954223633,55.54999923706055,54.630001068115234,54.7599983215332,52.61434555053711,2936900,,,,,,,,
2024-12-11,54.54999923706055,54.83000183105469,54.11000061035156,54.52000045776367,52.383750915527344,4205000,,,,,,,,
2024-12-12,54.04999923706055,55.349998474121094,53.86000061035156,54.86000061035156,52.710426330566406,3229000,,,,,,,,
2024-12-13,54.900001525878906,55.61000061035156,54.709999084472656,55.540000915527344,53.36378479003906,3254800,,,,,,,,
2024-12-16,55.689998626708984,56.13999938964844,55.61000061035156,55.790000915527344,53.60398864746094,3044800,,,,,,,,
2024-12-17,55.5099983215332,55.75,55.130001068115234,55.2400016784668,53.075538635253906,2236100,,,,,,,,
2024-12-18,55.5099983215332,55.709999084472656,53.59000015258789,53.63999938964844,51.538230895996094,2882700,,,,,,,,
2024-12-19,53.5,54.08000183105469,53.04999923706055,53.84000015258789,51.73039245605469,3787900,,,,,,,,
2024-12-20,53.66999816894531,54.4900016784668,53.5099983215332,54.45000076293945,52.316490173339844,6737000,,,,,,,,
2024-12-23,54.04999923706055,54.4900016784668,53.349998474121094,54.4900016784668,52.354923248291016,2549000,,,,,,,,
2024-12-24,54.849998474121094,55.150001525878906,54.599998474121094,55.11000061035156,52.95063018798828,879400,,,,,,,,
2024-12-26,55.099998474121094,55.349998474121094,54.88999938964844,55.209999084472656,53.04671096801758,1743000,,,,,,,,
2024-12-27,55.0,55.15999984741211,54.27000045776367,54.4900016784668,52.354923248291016,1681200,,,,,,,,
2024-12-30,54.08000183105469,54.16999816894531,53.459999084472656,53.650001525878906,51.5478401184082,2319500,,,,,,,,
2024-12-31,54.06999969482422,54.150001525878906,53.5,53.81999969482422,51.711177825927734,1642300,,,,,,,,
2025-01-02,54.06999969482422,54.349998474121094,52.84000015258789,53.15999984741211,51.0770378112793,3501600,,,,,,,,
2025-01-03,53.25,53.54999923706055,52.68000030517578,52.849998474121094,50.77918243408203,3017800,,,,,,,,
2025-01-06,53.2599983215332,53.540000915527344,53.08000183105469,53.5,51.403717041015625,3889300,,,,,,,,
2025-01-07,53.5,53.779998779296875,53.060001373291016,53.61000061035156,51.509403228759766,4091400,,,,,,,,
2025-01-08,53.36000061035156,54.75,53.29999923706055,54.68000030517578,52.537479400634766,4125000,,,,,,,,
2025-01-10,54.75,54.900001525878906,54.08000183105469,54.09000015258789,51.97060012817383,4910300,,,,,,,,
2025-01-13,53.209999084472656,53.95000076293945,52.97999954223633,53.88999938964844,51.7784309387207,6044200,,,,,,,,
2025-01-14,53.849998474121094,55.41999816894531,53.75,55.41999816894531,53.24848556518555,3767500,,,,,,,,
2025-01-15,56.0,56.349998474121094,55.02000045776367,55.65999984741211,53.47908020019531,3972200,,,,,,,,
2025-01-16,55.70000076293945,56.36000061035156,55.27000045776367,56.2599983215332,54.055572509765625,2920300,,,,,,,,
2025-01-17,56.54999923706055,57.0099983215332,56.349998474121094,56.93000030517578,54.699317932128906,4816200,,,,,,,,
2025-01-21,57.38999938964844,58.5,57.34000015258789,58.47999954223633,56.18858337402344,4746600,,,,,,,,
2025-01-22,58.400001525878906,58.43000030517578,57.83000183105469,58.189998626708984,55.909942626953125,5058800,,,,,,,,
2025-01-23,58.22999954223633,58.630001068115234,57.86000061035156,58.599998474121094,56.30388641357422,4741200,,,,,,,,
2025-01-24,59.189998626708984,60.150001525878906,58.4900016784668,60.09000015258789,57.73550033569336,8813800,,,,,,,,
2025-01-27,59.459999084472656,60.13999938964844,58.720001220703125,59.290000915527344,56.96685028076172,9148500,,,,,,,,
2025-01-28,58.81999969482422,59.36000061035156,58.18000030517578,59.119998931884766,56.80350875854492,6895500,,,,,,,,
2025-01-29,58.20000076293945,58.97999954223633,57.709999084472656,57.97999954223633,55.70817947387695,11311600,,,,,,,,
2025-01-30,55.209999084472656,57.72999954223633,54.4900016784668,57.04999923706055,54.814613342285156,13415400,,,,,,,,
2025-01-31,56.150001525878906,58.11000061035156,55.34000015258789,55.630001068115234,53.450260162353516,36747800,,,,,,,,
2025-02-03,54.56999969482422,55.939998626708984,54.470001220703125,55.83000183105469,53.64242172241211,10314700,,,,,,,,
2025-02-04,55.5,55.529998779296875,53.7599983215332,53.88999938964844,51.7784309387207,58185500,,,,,,,,
2025-02-05,53.2599983215332,54.31999969482422,52.2400016784668,53.880001068115234,51.76882553100586,20261500,,,,,,,,
2025-02-06,54.2400016784668,55.900001525878906,54.220001220703125,55.7400016784668,53.555946350097656,35554500,,,,,,,,
2025-02-07,55.45000076293945,57.04999923706055,55.439998626708984,56.06999969482422,53.873016357421875,46714100,,,,,,,,
2025-02-10,56.0,56.04999923706055,54.34000015258789,54.810001373291016,52.662384033203125,15645100,,,,,,,,
2025-02-11,54.66999816894531,55.86000061035156,54.459999084472656,55.63999938964844,53.45986557006836,12376500,,,,,,,,
2025-02-12,54.95000076293945,55.13999938964844,54.150001525878906,54.630001068115234,52.489437103271484,8667100,,,,,,,,
2025-02-13,55.189998626708984,56.02000045776367,55.150001525878906,55.439998626708984,53.2677001953125,11234200,,,,,,,,
2025-02-14,55.83000183105469,56.54999923706055,55.560001373291016,56.119998931884766,53.92105484008789,7666100,,,,,,,,
2025-02-18,56.099998474121094,57.54999923706055,55.86000061035156,57.279998779296875,55.03559875488281,7137100,,,,,,,,
2025-02-19,56.77000045776367,57.5,56.58000183105469,57.150001525878906,54.910701751708984,6764200,,,,,,,,
2025-02-20,56.83000183105469,57.09000015258789,55.279998779296875,56.060001373291016,53.863407135009766,6321800,,,,,,,,
2025-02-21,55.79999923706055,56.310001373291016,54.90999984741211,55.560001373291016,53.38300323486328,5739100,,,,,,,,
2025-02-24,55.880001068115234,55.880001068115234,54.220001220703125,55.29999923706055,53.57968521118164,5965000,,,,,,,,
2025-02-25,55.25,55.56999969482422,54.5099983215332,55.29999923706055,53.57968521118164,6793100,,,,,,,,
2025-02-26,55.0,56.02000045776367,54.95000076293945,55.72999954223633,53.99630355834961,6415000,,,,,,,,
2025-02-27,56.0,56.56999969482422,55.7400016784668,56.25,54.5001335144043,6102600,,,,,,,,
2025-02-28,55.97999954223633,56.540000915527344,55.20000076293945,56.349998474121094,54.59701919555664,12128600,,,,,,,,
2025-03-03,56.34000015258789,57.06999969482422,55.220001220703125,55.310001373291016,53.58937454223633,6774200,,,,,,,,
2025-03-04,55.0,55.16999816894531,51.18000030517578,51.29999923706055,49.70412063598633,7899500,,,,,,,,
2025-03-05,52.43000030517578,53.150001525878906,52.0,52.5099983215332,50.8764762878418,7901400,,,,,,,,
2025-03-06,52.4900016784668,53.11000061035156,51.439998626708984,51.709999084472656,50.10136413574219,5122200,,,,,,,,
2025-03-07,51.689998626708984,52.54999923706055,50.83000183105469,52.29999923706055,50.67300796508789,5517900,,,,,,,,
2025-03-10,51.099998474121094,51.36000061035156,48.619998931884766,49.900001525878906,48.34767150878906,8218700,,,,,,,,
2025-03-11,49.5,50.27000045776367,49.15999984741211,49.380001068115234,47.84384536743164,6408500,,,,,,,,
2025-03-12,49.77000045776367,51.08000183105469,49.650001525878906,50.630001068115234,49.054962158203125,5136600,,,,,,,,
2025-03-13,51.939998626708984,51.939998626708984,49.61000061035156,50.380001068115234,48.812740325927734,5736400,,,,,,,,
2025-03-14,51.08000183105469,51.88999938964844,50.75,51.40999984741211,49.81069564819336,4689700,,,,,,,,
2025-03-17,51.540000915527344,52.4900016784668,51.439998626708984,51.58000183105469,49.97541046142578,4531200,,,,,,,,
2025-03-18,51.689998626708984,52.349998474121094,51.349998474121094,52.040000915527344,50.42109680175781,4312900,,,,,,,,
2025-03-19,51.88999938964844,53.130001068115234,51.880001068115234,52.619998931884766,50.983055114746094,6938900,,,,,,,,
2025-03-20,52.560001373291016,52.77000045776367,52.13999938964844,52.290000915527344,50.66332244873047,6445600,,,,,,,,
2025-03-21,51.70000076293945,51.880001068115234,50.630001068115234,51.38999938964844,49.79132080078125,14551500,,,,,,,,
2025-03-24,51.52000045776367,53.0099983215332,51.279998779296875,52.83000183105469,51.1865234375,8781600,,,,,,,,
2025-03-25,54.91999816894531,56.63999938964844,54.130001068115234,56.2599983215332,54.50981903076172,13752500,,,,,,,,
2025-03-26,55.43000030517578,56.099998474121094,54.75,55.40999984741211,53.686256408691406,8955800,,,,,,,,
2025-03-27,54.560001373291016,55.099998474121094,53.900001525878906,54.599998474121094,52.901458740234375,4790900,,,,,,,,
2025-03-28,54.529998779296875,54.83000183105469,52.849998474121094,53.209999084472656,51.55470275878906,4877200,,,,,,,,
2025-03-31,52.58000183105469,53.61000061035156,52.09000015258789,53.349998474121094,51.690345764160156,4930500,,,,,,,,
2025-04-01,53.400001525878906,53.689998626708984,52.060001373291016,53.650001525878906,51.98101043701172,3376300,,,,,,,,
2025-04-02,53.130001068115234,54.880001068115234,53.119998931884766,54.459999084472656,52.765811920166016,3830900,,,,,,,,
2025-04-03,51.72999954223633,51.959999084472656,48.11000061035156,49.18000030517578,47.65007019042969,9255900,,,,,,,,
2025-04-04,47.689998626708984,48.72999954223633,45.40999984741211,47.97999954223633,46.48740005493164,8130100,,,,,,,,
2025-04-07,45.72999954223633,48.88999938964844,44.31999969482422,46.7400016784668,45.28597640991211,7771500,,,,,,,,
2025-04-08,47.220001220703125,47.63999938964844,43.7400016784668,44.65999984741211,43.27068328857422,7550700,,,,,,,,
2025-04-09,44.20000076293945,49.63999938964844,43.27000045776367,49.02000045776367,47.49504470825195,7956700,,,,,,,,
2025-04-10,47.91999816894531,48.11000061035156,45.27000045776367,46.20000076293945,44.76277542114258,5003000,,,,,,,,
2025-04-11,45.720001220703125,47.06999969482422,44.939998626708984,46.84000015258789,45.38286590576172,5351300,,,,,,,,
2025-04-14,48.18000030517578,48.279998779296875,46.650001525878906,47.58000183105469,46.09984588623047,3560600,,,,,,,,
2025-04-15,47.58000183105469,48.279998779296875,46.72999954223633,46.869998931884766,45.41192626953125,2737900,,,,,,,,
2025-04-16,46.599998474121094,47.09000015258789,45.93000030517578,46.29999923706055,44.85966110229492,2846300,,,,,,,,
2025-04-17,46.11000061035156,47.09000015258789,46.11000061035156,46.279998779296875,44.84028244018555,3511100,,,,,,,,
2025-04-21,45.83000183105469,46.2599983215332,44.630001068115234,45.060001373291016,43.658233642578125,2016200,,,,,,,,
2025-04-22,45.540000915527344,46.75,45.41999816894531,46.47999954223633,45.03406524658203,2621500,,,,,,,,
2025-04-23,47.59000015258789,48.33000183105469,46.38999938964844,46.75,45.29566192626953,3644000,,,,,,,,
2025-04-24,46.400001525878906,47.84000015258789,45.9900016784668,47.630001068115234,46.14828872680664,2200200,,,,,,,,
2025-04-25,47.349998474121094,47.70000076293945,46.83000183105469,47.349998474121094,45.87699890136719,2158900,,,,,,,,
2025-04-28,47.540000915527344,48.65999984741211,46.95000076293945,47.47999954223633,46.002952575683594,3479600,,,,,,,,
2025-04-29,47.54999923706055,48.290000915527344,47.16999816894531,47.630001068115234,46.14828872680664,4030500,,,,,,,,
2025-04-30,44.060001373291016,46.5099983215332,43.959999084472656,45.68000030517578,44.258949279785156,10716800,,,,,,,,
2025-05-01,45.0,45.189998626708984,43.790000915527344,43.88999938964844,42.52463150024414,6197400,,,,,,,,
2025-05-02,44.970001220703125,45.91999816894531,44.43000030517578,45.84000015258789,44.413970947265625,3784100,,,,,,,,
2025-05-05,44.560001373291016,45.06999969482422,43.810001373291016,44.27000045776367,42.89281463623047,6756800,,,,,,,,
2025-05-06,44.0,44.5,43.560001373291016,44.45000076293945,43.06721496582031,5344100,,,,,,,,
2025-05-07,44.79999923706055,45.02000045776367,43.7400016784668,44.02000045776367,42.65059280395508,4343700,,,,,,,,
2025-05-08,44.58000183105469,45.560001373291016,44.16999816894531,44.91999816894531,43.52259063720703,3426300,,,,,,,,
2025-05-09,44.40999984741211,44.5,43.5,44.27000045776367,42.89281463623047,4475700,,,,,,,,
2025-05-12,47.11000061035156,48.31999969482422,46.959999084472656,47.90999984741211,46.41957473754883,6755600,,,,,,,,
2025-05-13,48.04999923706055,48.41999816894531,47.5099983215332,48.0,46.506778717041016,5177300,,,,,,,,
2025-05-14,48.040000915527344,50.599998474121094,47.90999984741211,50.31999969482422,48.75460433959961,10253000,,,,,,,,
2025-05-15,49.849998474121094,50.119998931884766,49.369998931884766,49.56999969482422,48.02793884277344,6673400,,,,,,,,
2025-05-16,49.599998474121094,50.369998931884766,49.209999084472656,50.13999938964844,48.580204010009766,5159300,,,,,,,,
2025-05-19,49.470001220703125,50.7400016784668,49.34000015258789,50.4900016784668,48.91931915283203,3951300,,,,,,,,
2025-05-20,50.369998931884766,50.58000183105469,49.7400016784668,50.0099983215332,48.454246520996094,2979700,,,,,,,,
2025-05-21,49.560001373291016,49.880001068115234,48.58000183105469,48.65999984741211,47.14624786376953,4803200,,,,,,,,
2025-05-22,48.43000030517578,48.88999938964844,48.22999954223633,48.630001068115234,47.11717987060547,2708100,,,,,,,,
2025-05-23,47.369998931884766,47.959999084472656,47.34000015258789,47.66999816894531,46.631011962890625,2695800,,,,,,,,
2025-05-27,48.709999084472656,48.84000015258789,47.970001220703125,48.560001373291016,47.501617431640625,3052300,,,,,,,,
2025-05-28,48.45000076293945,48.689998626708984,47.70000076293945,47.720001220703125,46.67992401123047,3442400,,,,,,,,
2025-05-29,48.130001068115234,48.150001525878906,47.4900016784668,47.95000076293945,46.904911041259766,3197100,,,,,,,,
2025-05-30,47.619998931884766,48.209999084472656,47.33000183105469,47.810001373291016,46.76795959472656,6991600,,,,,,,,
2025-06-02,47.68000030517578,47.77000045776367,46.43000030517578,47.20000076293945,46.17125701904297,5150300,,,,,,,,
2025-06-03,47.22999954223633,47.630001068115234,46.650001525878906,47.31999969482422,46.288639068603516,4458900,,,,,,,,
2025-06-04,47.97999954223633,48.18000030517578,47.20000076293945,47.290000915527344,46.25929641723633,3831500,,,,,,,,
2025-06-05,47.470001220703125,47.58000183105469,46.709999084472656,47.099998474121094,46.07343673706055,4506700,,,,,,,,
2025-06-06,47.91999816894531,47.9900016784668,47.220001220703125,47.349998474121094,46.31798553466797,2936400,,,,,,,,
2025-06-09,47.58000183105469,48.459999084472656,47.2400016784668,48.0,46.953819274902344,3348400,,,,,,,,
2025-06-10,48.04999923706055,48.2400016784668,47.310001373291016,47.619998931884766,46.58209991455078,3225500,,,,,,,,
2025-06-11,47.599998474121094,47.88999938964844,46.84000015258789,47.08000183105469,46.05387496948242,3071300,,,,,,,,
2025-06-12,46.689998626708984,47.189998626708984,46.34000015258789,47.150001525878906,46.12234878540039,2746600,,,,,,,,
2025-06-13,46.34000015258789,46.790000915527344,45.599998474121094,45.88999938964844,44.889808654785156,2879800,,,,,,,,
2025-06-16,46.5,47.02000045776367,46.220001220703125,46.58000183105469,45.56476974487305,2618500,,,,,,,,
2025-06-17,46.029998779296875,46.40999984741211,45.68000030517578,45.93000030517578,44.92893981933594,3409600,,,,,,,,
2025-06-18,46.04999923706055,46.439998626708984,45.709999084472656,46.119998931884766,45.11479568481445,3557200,,,,,,,,
2025-06-20,46.439998626708984,46.599998474121094,45.77000045776367,45.83000183105469,44.831119537353516,7152700,,,,,,,,
2025-06-23,45.58000183105469,46.150001525878906,44.75,46.09000015258789,45.08544921875,3364800,,,,,,,,
2025-06-24,46.88999938964844,46.88999938964844,46.25,46.59000015258789,45.57455062866211,2674100,,,,,,,,
2025-06-25,46.939998626708984,47.0,46.150001525878906,46.400001525878906,45.388694763183594,3625100,,,,,,,,
2025-06-26,46.31999969482422,46.95000076293945,46.2599983215332,46.5099983215332,45.49629592895508,3392300,,,,,,,,
2025-06-27,46.689998626708984,47.97999954223633,46.65999984741211,47.369998931884766,46.33755111694336,4305500,,,,,,,,
2025-06-30,47.0099983215332,47.16999816894531,46.54999923706055,46.83000183105469,45.809322357177734,2883600,,,,,,,,
2025-07-01,47.099998474121094,49.790000915527344,47.09000015258789,49.45000076293945,48.372215270996094,4782200,,,,,,,,
2025-07-02,49.599998474121094,50.470001220703125,49.18000030517578,50.38999938964844,49.29172897338867,3896300,,,,,,,,
2025-07-03,50.11000061035156,50.650001525878906,50.0,50.43000030517578,49.33085632324219,2049900,,,,,,,,
2025-07-07,50.13999938964844,50.16999816894531,49.529998779296875,49.869998931884766,48.78306198120117,2881500,,,,,,,,
2025-07-08,50.029998779296875,51.25,49.83000183105469,50.599998474121094,49.49715042114258,3883200,,,,,,,,
2025-07-09,50.61000061035156,51.459999084472656,50.31999969482422,51.36000061035156,50.2405891418457,4364600,,,,,,,,
2025-07-10,51.54999923706055,52.86000061035156,51.349998474121094,52.40999984741211,51.2677001953125,4097900,,,,,,,,
2025-07-11,51.91999816894531,52.65999984741211,51.540000915527344,52.40999984741211,51.2677001953125,6329700,,,,,,,,
2025-07-14,52.25,52.27000045776367,51.68000030517578,52.119998931884766,50.9840202331543,3149300,,,,,,,,
2025-07-15,52.290000915527344,52.470001220703125,50.880001068115234,50.93000030517578,49.8199577331543,3659700,,,,,,,,
2025-07-16,51.04999923706055,51.599998474121094,50.16999816894531,51.290000915527344,50.172115325927734,3350100,,,,,,,,
2025-07-17,51.31999969482422,51.52000045776367,50.5,50.90999984741211,49.80039596557617,2631300,,,,,,,,
2025-07-18,51.130001068115234,51.130001068115234,50.060001373291016,50.349998474121094,49.25259780883789,2959700,,,,,,,,
2025-07-21,50.59000015258789,51.72999954223633,50.5099983215332,51.36000061035156,50.2405891418457,4578600,,,,,,,,
2025-07-22,51.4900016784668,52.65999984741211,51.2400016784668,52.650001525878906,51.502471923828125,4117400,,,,,,,,
2025-07-23,53.099998474121094,54.27000045776367,53.02000045776367,54.099998474121094,52.920867919921875,5088200,,,,,,,,
2025-07-24,54.099998474121094,55.33000183105469,54.0,54.79999923706055,53.60560989379883,6130600,,,,,,,,
2025-07-25,54.79999923706055,55.77000045776367,54.630001068115234,55.68000030517578,54.4664306640625,3587500,,,,,,,,
2025-07-28,55.4900016784668,56.0,55.34000015258789,55.5,54.29035568237305,4357300,,,,,,,,
2025-07-29,55.54999923706055,56.130001068115234,53.939998626708984,54.439998626708984,53.253456115722656,6336700,,,,,,,,
2025-07-30,53.720001220703125,54.630001068115234,53.38999938964844,53.630001068115234,52.46111297607422,5326100,,,,,,,,
2025-07-31,51.040000915527344,52.279998779296875,46.63999938964844,46.7400016784668,45.721282958984375,16292200,,,,,,,,
2025-08-01,45.869998931884766,46.5,44.91999816894531,46.40999984741211,45.398475646972656,10778900,,,,,,,,
2025-08-04,46.5,46.7400016784668,46.02000045776367,46.060001373291016,45.05610275268555,5371600,,,,,,,,
2025-08-05,45.58000183105469,46.38999938964844,45.130001068115234,46.11000061035156,45.10501480102539,4334700,,,,,,,,
2025-08-06,46.06999969482422,46.540000915527344,45.599998474121094,46.33000183105469,45.32021713256836,5447600,,,,,,,,
2025-08-07,46.90999984741211,48.209999084472656,46.709999084472656,48.040000915527344,46.992950439453125,3359100,,,,,,,,
2025-08-08,48.279998779296875,48.459999084472656,47.4900016784668,47.54999923706055,46.51362609863281,3283700,,,,,,,,
2025-08-11,47.68000030517578,47.779998779296875,46.56999969482422,47.15999984741211,46.13212966918945,3116200,,,,,,,,
2025-08-12,47.31999969482422,48.529998779296875,46.86000061035156,48.36000061035156,47.30597686767578,4778900,,,,,,,,
2025-08-13,48.540000915527344,48.810001373291016,48.06999969482422,48.63999938964844,47.579872131347656,3674800,,,,,,,,
2025-08-14,48.029998779296875,48.18000030517578,46.9900016784668,47.7599983215332,46.719051361083984,3822900,,,,,,,,
2025-08-15,47.560001373291016,47.560001373291016,46.5099983215332,46.599998474121094,46.03056335449219,3522600,,,,,,,,
2025-08-18,46.72999954223633,47.31999969482422,46.439998626708984,46.86000061035156,46.287391662597656,3419500,,,,,,,,
2025-08-19,47.029998779296875,47.34000015258789,46.5,47.31999969482422,46.74176788330078,4071200,,,,,,,,
2025-08-20,47.189998626708984,47.470001220703125,46.869998931884766,47.0099983215332,46.43555450439453,2946800,,,,,,,,
2025-08-21,47.04999923706055,48.279998779296875,47.04999923706055,48.029998779296875,47.443092346191406,4807900,,,,,,,,
2025-08-22,48.060001373291016,49.540000915527344,48.0099983215332,48.88999938964844,48.29258346557617,3683200,,,,,,,,
2025-08-25,48.790000915527344,49.540000915527344,48.65999984741211,49.38999938964844,48.78647232055664,3943400,,,,,,,,
2025-08-26,48.970001220703125,49.41999816894531,48.65999984741211,48.779998779296875,48.18392562866211,4896100,,,,,,,,
2025-08-27,48.77000045776367,48.83000183105469,48.09000015258789,48.369998931884766,47.77893829345703,2035200,,,,,,,,
2025-08-28,49.27000045776367,49.279998779296875,48.5099983215332,48.959999084472656,48.36172866821289,3211800,,,,,,,,
2025-08-29,49.0,49.72999954223633,48.79999923706055,49.68000030517578,49.07292938232422,3450500,,,,,,,,
2025-09-02,48.7599983215332,49.40999984741211,48.56999969482422,49.16999816894531,48.56916046142578,3543600,,,,,,,,
2025-09-03,49.16999816894531,49.56999969482422,47.849998474121094,48.16999816894531,47.58137893676758,3312200,,,,,,,,
2025-09-04,48.18000030517578,48.34000015258789,47.31999969482422,48.310001373291016,47.71967315673828,4299600,,,,,,,,
2025-09-05,48.41999816894531,48.970001220703125,47.90999984741211,48.689998626708984,48.09502410888672,2605800,,,,,,,,
2025-09-08,48.66999816894531,48.88999938964844,46.400001525878906,47.40999984741211,46.83066940307617,4907300,,,,,,,,
2025-09-09,47.529998779296875,47.68000030517578,46.439998626708984,46.880001068115234,46.30714416503906,3242900,,,,,,,,
2025-09-10,46.52000045776367,47.29999923706055,46.33000183105469,46.470001220703125,45.902156829833984,4066800,,,,,,,,
2025-09-11,46.22999954223633,46.630001068115234,45.900001525878906,46.529998779296875,45.961421966552734,3447000,,,,,,,,
2025-09-12,46.29999923706055,46.38999938964844,45.72999954223633,45.9900016784668,45.42802047729492,2883500,,,,,,,,
2025-09-15,46.279998779296875,46.38999938964844,45.36000061035156,45.56999969482422,45.013153076171875,3748300,,,,,,,,
2025-09-16,45.45000076293945,46.27000045776367,45.220001220703125,46.2400016784668,45.67496871948242,4861700,,,,,,,,
2025-09-17,46.40999984741211,47.779998779296875,46.38999938964844,46.939998626708984,46.36640930175781,4793600,,,,,,,,
2025-09-18,47.31999969482422,47.619998931884766,46.7400016784668,47.11000061035156,46.53433609008789,3370100,,,,,,,,
2025-09-19,46.619998931884766,46.83000183105469,45.90999984741211,46.43000030517578,45.86264419555664,9209800,,,,,,,,
2025-09-22,46.650001525878906,46.959999084472656,46.04999923706055,46.15999984741211,45.595943450927734,3945100,,,,,,,,
2025-09-23,46.290000915527344,46.84000015258789,46.11000061035156,46.369998931884766,45.803375244140625,2117000,,,,,,,,
2025-09-24,46.36000061035156,46.790000915527344,45.970001220703125,46.25,45.684844970703125,2660700,,,,,,,,
2025-09-25,45.93000030517578,46.04999923706055,45.279998779296875,45.31999969482422,44.76620864868164,2390000,,,,,,,,
2025-09-26,45.380001068115234,45.61000061035156,45.04999923706055,45.31999969482422,44.76620864868164,2637000,,,,,,,,
2025-09-29,45.52000045776367,46.099998474121094,45.15999984741211,46.08000183105469,45.51692199707031,4175100,,,,,,,,
2025-09-30,45.90999984741211,46.43000030517578,45.52000045776367,46.400001525878906,45.833011627197266,3426100,,,,,,,,
2025-10-01,46.41999816894531,47.0,45.939998626708984,46.25,45.684844970703125,4362200,,,,,,,,
2025-10-02,46.22999954223633,46.689998626708984,46.0099983215332,46.650001525878906,46.0799560546875,2394300,,,,,,,,
2025-10-03,46.689998626708984,47.33000183105469,46.689998626708984,47.16999816894531,46.593597412109375,2766500,,,,,,,,
2025-10-06,44.7599983215332,45.97999954223633,44.150001525878906,45.880001068115234,45.319366455078125,6649200,,,,,,,,
2025-10-07,46.130001068115234,46.619998931884766,45.5099983215332,45.939998626708984,45.378631591796875,3875300,,,,,,,,
2025-10-08,45.90999984741211,46.779998779296875,45.5,46.65999984741211,46.0898323059082,3566300,,,,,,,,
2025-10-09,46.880001068115234,47.08000183105469,46.15999984741211,46.41999816894531,45.85276412963867,3206500,,,,,,,,
2025-10-10,46.58000183105469,46.810001373291016,45.380001068115234,45.689998626708984,45.131683349609375,6369700,,,,,,,,
2025-10-13,45.900001525878906,46.380001068115234,45.06999969482422,45.650001525878906,45.0921745300293,4240300,,,,,,,,
2025-10-14,45.349998474121094,47.16999816894531,45.11000061035156,46.66999816894531,46.099708557128906,4880700,,,,,,,,
2025-10-15,46.7400016784668,47.099998474121094,46.459999084472656,46.939998626708984,46.36640930175781,3900200,,,,,,,,
2025-10-16,47.04999923706055,47.099998474121094,46.189998626708984,46.63999938964844,46.07007598876953,3568700,,,,,,,,
2025-10-17,47.16999816894531,47.380001068115234,46.25,46.58000183105469,46.01081085205078,4808100,,,,,,,,
2025-10-20,46.84000015258789,47.97999954223633,46.61000061035156,47.88999938964844,47.30480194091797,3292900,,,,,,,,
2025-10-21,47.81999969482422,48.63999938964844,47.290000915527344,47.68000030517578,47.09737014770508,3301100,,,,,,,,
2025-10-22,47.4900016784668,48.56999969482422,47.40999984741211,47.95000076293945,47.364070892333984,2716900,,,,,,,,
2025-10-23,47.029998779296875,49.29999923706055,46.939998626708984,49.099998474121094,48.50001525878906,4571500,,,,,,,,
2025-10-24,49.560001373291016,49.689998626708984,48.540000915527344,48.869998931884766,48.2728271484375,3862300,,,,,,,,
2025-10-27,48.869998931884766,49.0,48.09000015258789,48.189998626708984,47.60113525390625,3734100,,,,,,,,
2025-10-28,48.04999923706055,48.189998626708984,47.0099983215332,47.130001068115234,46.55409240722656,4441800,,,,,,,,
2025-10-29,46.560001373291016,46.560001373291016,44.060001373291016,44.22999954223633,43.68952560424805,7383200,,,,,,,,
2025-10-30,42.68000030517578,43.029998779296875,37.75,38.630001068115234,38.157958984375,16290200,,,,,,,,
2025-10-31,38.34000015258789,39.4900016784668,37.70000076293945,38.63999938964844,38.1678352355957,10404100,,,,,,,,
2025-11-03,38.13999938964844,38.369998931884766,36.68000030517578,36.93000030517578,36.478729248046875,8036600,,,,,,,,
2025-11-04,36.58000183105469,36.86000061035156,36.29999923706055,36.560001373291016,36.113250732421875,7133400,,,,,,,,
2025-11-05,36.54999923706055,36.66999816894531,35.86000061035156,36.31999969482422,35.876182556152344,7425400,,,,,,,,
2025-11-06,36.31999969482422,36.599998474121094,35.790000915527344,36.540000915527344,36.09349822998047,5052200,,,,,,,,
2025-11-07,36.58000183105469,38.18000030517578,36.369998931884766,38.099998474121094,37.634429931640625,6324900,,,,,,,,
2025-11-10,38.099998474121094,38.15999984741211,37.029998779296875,37.93000030517578,37.46651077270508,5066900,,,,,,,,
2025-11-11,38.189998626708984,38.720001220703125,38.02000045776367,38.5,38.029544830322266,4025200,,,,,,,,
2025-11-12,38.650001525878906,39.060001373291016,38.13999938964844,38.16999816894531,37.703575134277344,4444200,,,,,,,,
2025-11-13,38.380001068115234,38.97999954223633,37.779998779296875,37.88999938964844,37.426998138427734,4020800,,,,,,,,
2025-11-14,37.11000061035156,37.38999938964844,36.630001068115234,37.349998474121094,37.349998474121094,3707600,,,,,,,,
2025-11-17,37.209999084472656,37.279998779296875,36.599998474121094,36.689998626708984,36.689998626708984,4239900,,,,,,,,
2025-11-18,36.66999816894531,37.560001373291016,36.5099983215332,36.849998474121094,36.849998474121094,5337400,,,,,,,,
2025-11-19,36.869998931884766,37.099998474121094,35.97999954223633,36.38999938964844,36.38999938964844,4073500,,,,,,,,
2025-11-20,36.59000015258789,36.83000183105469,35.560001373291016,35.599998474121094,35.599998474121094,4366500,,,,,,,,
2025-11-21,35.880001068115234,38.099998474121094,35.81999969482422,37.66999816894531,37.66999816894531,5525200,,,,,,,,
2025-11-24,38.29999923706055,38.5,37.54999923706055,37.59000015258789,37.59000015258789,8743400,,,,,,,,
2025-11-25,37.88999938964844,39.31999969482422,37.88999938964844,39.130001068115234,39.130001068115234,5149300,,,,,,,,
2025-11-26,39.029998779296875,39.45000076293945,38.66999816894531,39.36000061035156,39.36000061035156,3301200,,,,,,,,
2025-11-28,39.13999938964844,39.70000076293945,38.97999954223633,39.47999954223633,39.47999954223633,1681400,,,,,,,,
2025-12-01,39.20000076293945,39.470001220703125,38.810001373291016,39.189998626708984,39.189998626708984,3201100,,,,,,,,
2025-12-02,38.68000030517578,38.689998626708984,37.400001525878906,37.849998474121094,37.849998474121094,6193200,,,,,,,,
2025-12-03,38.20000076293945,39.2400016784668,38.06999969482422,39.220001220703125,39.220001220703125,4949200,,,,,,,,
2025-12-04,39.15999984741211,39.47999954223633,38.939998626708984,39.130001068115234,39.130001068115234,4444700,,,,,,,,
2025-12-05,38.95000076293945,39.65999984741211,38.68000030517578,39.060001373291016,39.060001373291016,3397200,,,,,,,,
2025-12-08,38.91999816894531,39.08000183105469,38.369998931884766,38.5099983215332,38.5099983215332,3716000,,,,,,,,
2025-12-09,38.27000045776367,38.529998779296875,37.540000915527344,37.58000183105469,37.58000183105469,4599600,,,,,,,,
2025-12-10,37.810001373291016,39.20000076293945,37.470001220703125,39.119998931884766,39.119998931884766,6782400,,,,,,,,
2025-12-11,39.220001220703125,39.810001373291016,39.0,39.04999923706055,39.04999923706055,6118500,,,,,,,,
2025-12-12,39.22999954223633,39.22999954223633,38.40999984741211,38.540000915527344,38.540000915527344,8580500,,,,,,,,
2025-12-15,38.79999923706055,38.880001068115234,38.400001525878906,38.599998474121094,38.599998474121094,4468100,,,,,,,,
2025-12-16,38.72999954223633,38.97999954223633,38.41999816894531,38.61000061035156,38.61000061035156,3918100,,,,,,,,
2025-12-17,38.40999984741211,39.099998474121094,38.2400016784668,38.689998626708984,38.689998626708984,3495700,,,,,,,,
2025-12-18,38.97999954223633,39.2400016784668,38.36000061035156,38.599998474121094,38.599998474121094,3485700,,,,,,,,
2025-12-19,38.45000076293945,38.54999923706055,38.029998779296875,38.2400016784668,38.2400016784668,9265500,,,,,,,,
2025-12-22,38.279998779296875,39.290000915527344,38.150001525878906,39.290000915527344,39.290000915527344,4492800,,,,,,,,
2025-12-23,39.40999984741211,39.61000061035156,38.9900016784668,39.459999084472656,39.459999084472656,3319600,,,,,,,,
2025-12-24,39.310001373291016,39.439998626708984,39.029998779296875,39.369998931884766,39.369998931884766,1064300,,,,,,,,
2025-12-26,39.40999984741211,39.90999984741211,39.2599983215332,39.88999938964844,39.88999938964844,2502200,,,,,,,,
2025-12-29,39.79999923706055,39.900001525878906,39.4900016784668,39.86000061035156,39.86000061035156,2938800,,,,,,,,
2025-12-30,39.720001220703125,39.93000030517578,39.619998931884766,39.72999954223633,39.72999954223633,2071100,,,,,,,,
,IP,IP,IP,IP,IP,IP,,,,,,,,
